3923682	cai yangjian	2.4	28.8	0.0	27.0	16	20	22	24	26	27	27	27	27	27	27
3923682	cao yongluo	0.6	7.8	0.0	8.0	5	5	6	7	7	8	8	8	8	8	8
3923682	chen hong	0.0	0.0	1.5	10.7	0	0	0	0	0	7	11	14	17	17	17
3923682	feng yan	5.4	38.2	0.3	33.7	11	16	22	30	31	34	34	34	35	35	35
3923682	zhiyuan zhong	6.4	40.4	1.4	48.0	12	12	19	26	37	41	48	52	53	54	54
4610292	huang yunqing	1.7	11.3	1.2	9.8	3	4	6	9	9	9	11	12	14	14	16
4610292	yichun zhou	1.1	5.5	1.9	4.5	0	1	2	4	4	4	6	8	11	13	13
4800084	ping wang	0.8	4.6	0.2	5.2	1	1	2	3	4	5	5	6	6	6	6
5740404	chunshui yu	5.1	29.3	0.0	29.0	5	8	13	19	25	28	29	29	29	29	29
5740404	jie yang	1.1	9.5	0.6	10.4	4	5	6	8	8	11	11	11	13	13	13
5740404	ning zhang	3.5	18.9	1.3	18.1	1	6	7	13	15	16	18	22	23	23	24
9086337	bingshe xu	0.9	5.9	0.6	4.4	1	3	3	4	5	5	5	6	6	6	8
9086337	dong jinxiang	1.1	9.7	1.6	8.8	4	5	7	8	8	9	10	12	14	16	16
9086337	liang weiguo	1.0	6.4	0.2	6.6	2	2	3	4	6	7	7	7	7	7	8
9224756	huang min	0.3	3.3	0.0	3.0	2	2	2	3	3	3	3	3	3	3	3
9224756	jianhua wang	0.0	0.0	0.4	-0.2	0	0	0	0	0	0	0	1	1	1	2
9224756	liang zuo	0.0	0.0	0.0	0.0	0	0	0	0	0	0	0	0	0	0	0
9224756	sun xudong	0.0	0.0	0.0	0.0	0	0	0	0	0	0	0	0	0	0	0
9224756	wang xingwei	0.0	2.0	0.0	3.0	2	2	2	2	2	3	3	3	3	3	3
9842412	wang zaihua	0.3	3.3	0.7	5.1	2	2	2	3	3	4	5	7	8	8	8
9916479	cao feng	3.9	30.9	0.2	28.2	11	15	20	24	26	28	28	29	29	29	29
9916479	han hua	0.5	4.1	3.9	2.3	2	2	2	3	4	4	7	8	16	17	22
9916479	huang xi	0.0	1.0	0.2	1.2	1	1	1	1	1	1	1	2	2	2	2
9916479	ling tao	3.5	24.1	0.3	22.7	8	8	14	17	21	22	23	23	24	24	24
12411659	gao xiumei	3.0	15.6	0.8	21.8	2	2	6	10	13	19	21	25	25	25	25
16609230	guilin wen	0.6	7.0	0.8	9.6	4	5	5	5	7	9	10	11	13	13	13
16609230	he yan	2.1	19.5	0.2	24.2	9	11	13	16	17	19	24	25	25	25	25
16609230	he yigang	1.9	13.5	0.0	14.0	5	6	6	9	13	13	14	14	14	14	14
16609230	jiang jianhui	5.2	49.4	1.9	43.9	23	28	35	40	43	45	46	47	50	52	53
16609230	shuangchun wen	4.0	24.4	3.0	17.8	4	8	14	16	20	20	21	24	26	30	33
16609230	xiaobing zhang	4.0	40.6	0.0	45.0	21	24	28	34	36	41	45	45	45	45	45
16609230	何怡刚	0.0	0.0	0.2	0.2	0	0	0	0	0	0	0	1	1	1	1
17145004	chen jingdong	0.5	16.9	0.0	17.0	14	15	16	16	16	17	17	17	17	17	17
17145004	hejun li	2.2	11.4	4.9	5.3	1	2	4	8	9	9	11	15	18	26	30
17145004	xiaopeng zhao	0.2	3.4	3.4	1.2	2	3	3	3	3	3	4	8	12	16	17
19820366	ai yinshuang	0.5	7.7	0.2	9.2	5	6	6	7	7	8	9	10	10	10	10
19820366	aihui zhou	1.7	10.3	1.6	8.2	2	3	5	8	8	10	10	11	13	15	16
19820366	an taicheng	3.2	38.4	0.0	37.0	22	26	29	32	35	37	37	37	37	37	37
19820366	andong xia	3.3	17.1	1.1	15.7	1	3	8	10	14	15	16	19	19	20	21
19820366	bai fengyan	1.0	14.0	0.3	15.5	9	10	11	12	13	15	16	16	16	17	17
19820366	bai haiyang	0.2	2.4	0.0	2.0	1	2	2	2	2	2	2	2	2	2	2
19820366	bai xuedong	2.9	25.5	2.6	28.4	12	14	15	19	24	27	30	34	37	40	40
19820366	bai yongfei	2.4	11.8	2.5	14.5	0	2	5	6	10	12	16	20	23	25	26
19820366	bai zhongzhi	2.0	24.8	1.2	27.0	15	17	18	21	23	25	28	30	30	32	33
19820366	baifei shen	1.4	12.8	0.0	13.0	5	8	9	10	11	12	13	13	13	13	13
19820366	baiqing xu	2.8	19.6	1.0	19.8	6	7	12	15	16	16	20	22	24	24	24
19820366	bao lan	0.6	4.4	2.1	5.9	2	2	2	2	5	7	8	9	14	14	16
19820366	bao yang	4.6	48.8	0.0	43.0	22	34	37	40	42	42	43	43	43	43	43
19820366	baochun huang	0.9	11.5	1.1	12.7	7	8	9	9	11	13	14	15	16	16	19
19820366	baolong shen	0.6	11.2	1.3	9.5	7	10	10	10	10	10	10	12	15	15	15
19820366	baonian wan	1.0	10.2	0.6	9.2	5	6	8	8	9	10	10	10	11	12	12
19820366	baozhu guo	0.0	0.0	0.5	-0.1	0	0	0	0	0	0	0	1	2	2	2
19820366	beiying wu	0.0	1.0	0.2	1.2	1	1	1	1	1	1	1	2	2	2	2
19820366	benzhan zhu	0.6	5.6	1.5	8.5	3	3	3	5	5	7	9	12	14	15	15
19820366	bing cheng	0.0	0.0	0.2	-0.4	0	0	0	0	0	0	0	0	0	0	1
19820366	bing zhu	0.2	4.8	0.0	7.0	4	4	4	4	5	6	7	7	7	7	7
19820366	bingsong zou	0.0	0.0	0.0	0.0	0	0	0	0	0	0	0	0	0	0	0
19820366	binyong sun	1.1	9.5	0.0	9.0	3	6	7	7	8	9	9	9	9	9	9
19820366	bixian mai	3.0	17.8	6.2	25.6	3	5	10	11	15	22	29	41	45	51	55
19820366	boqiang qin	3.6	24.8	1.8	25.8	7	11	13	17	22	23	27	30	32	32	35
19820366	cai chunfang	1.7	16.1	1.1	15.1	7	10	11	13	14	15	16	17	19	20	20
19820366	cai ronggen	3.1	15.7	5.3	13.7	1	4	4	9	14	18	19	24	29	37	39
19820366	cai shuqun	1.1	12.5	0.3	12.7	7	8	9	11	11	12	13	13	14	14	14
19820366	cai xinxia	1.0	10.0	0.2	10.2	5	6	7	8	9	9	10	11	11	11	11
19820366	cai zucong	1.2	7.2	2.5	12.5	1	3	3	5	6	9	14	18	21	23	24
19820366	caidian lu	0.0	0.0	0.0	0.0	0	0	0	0	0	0	0	0	0	0	0
19820366	canzhong lu	4.6	22.0	1.0	23.6	1	3	5	13	19	21	24	26	27	28	28
19820366	cao daomin	1.4	10.6	1.1	11.9	4	5	6	7	10	11	12	15	16	16	17
19820366	cao hongbin	2.0	18.8	0.2	23.2	9	11	12	15	17	22	23	24	24	24	24
19820366	cao jun	0.4	5.2	0.4	5.4	3	4	4	4	5	5	5	7	7	7	7
19820366	cao juncheng	0.0	2.0	0.2	2.6	2	2	2	2	2	3	3	3	3	3	4
19820366	cao junji	4.8	28.2	2.8	30.6	5	7	15	19	23	31	33	36	40	42	44
19820366	cao rong	3.8	28.0	1.2	31.6	11	12	15	18	27	30	33	34	35	36	38
19820366	cao xinwu	1.6	9.4	1.0	10.2	2	3	4	5	9	10	11	12	14	14	15
19820366	cao xueqiang	4.4	22.4	1.6	25.0	3	4	6	12	21	24	26	28	31	32	32
19820366	ceshi chen	0.0	1.0	0.0	1.0	1	1	1	1	1	1	1	1	1	1	1
19820366	chang chen	2.5	21.3	0.0	19.0	9	11	13	18	18	18	19	19	19	19	19
19820366	chang jin	0.4	1.6	0.5	5.1	0	0	0	0	2	2	6	6	6	7	8
19820366	chang kai	1.4	11.0	1.4	12.2	4	5	7	9	9	11	14	14	17	18	19
19820366	changchun song	2.2	19.4	0.0	20.0	8	11	13	15	17	19	20	20	20	20	20
19820366	changhe zhou	1.1	4.7	1.0	7.0	0	0	1	1	5	6	8	9	10	11	12
19820366	changqing zeng	0.3	2.3	1.5	4.9	1	1	1	2	2	2	7	8	9	9	14
19820366	changsheng xu	1.2	26.2	0.5	31.9	20	22	22	24	25	29	32	33	34	34	34
19820366	changsheng zhang	0.6	10.0	0.5	19.9	7	7	9	9	9	16	20	21	22	22	22
19820366	changyin zhao	0.3	2.3	1.0	1.6	1	1	1	2	2	2	2	4	5	6	6
19820366	changzhi gu	3.4	21.4	1.2	24.0	4	8	11	16	17	21	24	27	29	29	29
19820366	chao shen	0.0	0.0	0.3	-0.3	0	0	0	0	0	0	0	0	1	1	1
19820366	chaozhong li	0.4	6.6	2.0	5.8	5	5	5	5	7	7	8	10	11	14	16
19820366	chen chuanfeng	3.5	19.3	1.4	30.6	4	5	6	10	19	26	32	34	34	36	38
19820366	chen dahua	0.5	6.3	1.6	8.0	4	4	5	5	6	7	10	11	12	15	16
19820366	chen duofu	1.7	10.5	1.6	8.0	2	3	6	8	8	9	9	11	14	15	15
19820366	chen fan	2.0	24.6	0.3	24.7	14	17	19	21	22	24	25	25	26	26	26
19820366	chen hangrong	2.5	35.9	1.4	41.2	24	26	27	31	34	38	41	45	47	47	47
19820366	chen jijun	3.3	24.5	0.3	21.5	8	11	15	18	21	22	22	22	22	23	23
19820366	chen liding	2.3	31.3	0.8	31.6	19	22	26	27	28	29	32	33	35	35	35
19820366	chen lidong	1.8	9.4	3.5	14.1	1	2	3	6	8	9	15	24	25	29	30
19820366	chen ming	0.7	4.5	1.7	3.9	1	2	2	3	4	6	6	6	10	11	12
19820366	chen mingsheng	0.4	3.8	1.4	4.0	1	3	3	3	3	4	5	7	9	9	11
19820366	chen ping	2.6	21.8	0.5	25.9	9	12	13	16	20	23	26	27	28	28	28
19820366	chen shaohua	2.2	20.8	0.0	23.0	10	12	14	16	19	20	23	23	23	23	23
19820366	chen shu	0.5	17.1	0.0	18.0	15	15	15	16	17	18	18	18	18	18	18
19820366	chen wang	2.4	16.4	2.6	17.0	5	7	9	9	16	19	20	22	25	26	31
19820366	chen xiaoshuang	3.0	22.0	0.6	20.0	6	11	14	15	19	20	21	21	21	23	23
19820366	chen xiaosong	0.0	3.0	0.5	2.3	3	3	3	3	3	3	3	3	4	4	5
19820366	chen xilin	4.9	34.7	2.1	31.5	9	16	21	25	29	32	33	36	38	41	41
19820366	chen xinwen	1.6	10.4	1.0	13.0	3	4	5	6	10	13	14	15	16	17	18
19820366	chen xuesi	1.3	7.3	7.6	26.6	2	2	2	3	8	16	31	42	55	58	61
19820366	chen xueyuan	3.7	33.5	0.6	35.6	15	19	22	26	30	33	35	38	38	38	38
19820366	chen yanjing	0.0	1.0	1.0	2.4	1	1	1	1	1	1	4	4	5	6	8
19820366	chen yaofeng	2.6	24.8	0.0	22.0	12	13	18	21	21	22	22	22	22	22	22
19820366	chen yonghai	0.2	3.8	1.1	7.7	3	3	3	3	4	5	8	11	11	12	13
19820366	chen yongming	2.7	20.3	0.8	25.2	9	9	9	14	20	23	26	27	27	29	29
19820366	chen zhiming	0.3	5.3	1.3	6.1	4	4	4	5	5	8	8	8	10	11	13
19820366	chen zhongning	3.7	22.9	2.0	22.2	5	8	10	17	19	22	24	26	29	30	32
19820366	cheng jiangong	0.5	15.1	0.0	16.0	13	13	13	14	15	15	16	16	16	16	16
19820366	cheng li	2.1	22.9	0.9	21.7	12	15	17	18	21	23	23	23	24	26	26
19820366	cheng zhaohua	1.0	14.8	1.5	14.9	9	11	13	13	13	15	16	19	19	20	23
19820366	cheng zhukuan	0.9	6.1	3.8	4.2	2	2	3	5	5	5	7	13	16	19	23
19820366	chengcai chu	2.8	15.8	3.7	18.7	3	4	6	10	14	19	22	26	30	35	36
19820366	chenglong deng	2.9	23.9	0.5	23.3	9	13	15	18	21	24	24	24	25	25	26
19820366	chengshu wang	2.8	20.8	0.2	28.2	6	11	12	15	18	24	28	29	29	29	29
19820366	chenqi xu	0.6	13.0	0.0	14.0	10	11	11	11	13	14	14	14	14	14	14
19820366	chenzhu wang	1.9	17.9	0.5	16.3	8	10	13	15	15	16	17	17	18	18	19
19820366	chong kang	0.9	9.9	3.6	17.6	5	7	7	8	9	14	20	26	29	32	35
19820366	chonglin yang	1.0	6.6	0.5	7.3	2	3	3	3	7	8	8	8	9	9	10
19820366	chongxin shan	2.0	25.6	0.0	23.0	14	19	21	21	23	23	23	23	23	23	23
19820366	chuanjie zhu	1.5	10.3	0.0	13.0	4	4	4	7	10	10	13	13	13	13	13
19820366	chuanyong jing	3.6	23.8	0.0	22.0	7	9	11	17	21	21	22	22	22	22	22
19820366	chuanyou li	0.9	7.1	2.7	3.9	3	3	4	6	6	6	7	9	12	14	18
19820366	chun hu	4.7	37.3	0.0	38.0	13	19	24	28	32	34	38	38	38	38	38
19820366	chun tang	0.9	9.1	1.3	8.1	4	6	7	7	8	9	9	11	12	14	14
19820366	chungu xia	4.7	30.3	3.0	26.8	8	10	15	23	25	28	30	33	36	37	43
19820366	chunhai fan	2.6	14.8	8.8	20.6	2	5	6	9	13	21	28	39	49	55	64
19820366	chunming liu	1.7	8.9	2.0	9.0	1	2	3	5	8	9	11	13	15	17	19
19820366	chunming wu	0.5	9.1	0.8	10.6	7	7	7	8	9	10	11	12	14	14	14
19820366	chunru wang	0.8	6.0	3.5	5.3	2	3	3	5	5	6	10	12	14	19	24
19820366	chunyang li	1.4	9.6	1.9	22.1	4	4	4	4	11	17	24	26	28	29	32
19820366	chunyang zhang	3.3	22.5	0.0	29.0	7	9	12	14	21	25	29	29	29	29	29
19820366	congming lu	3.6	24.8	2.7	22.7	6	12	13	18	21	23	25	27	33	34	35
19820366	congqiang liu	1.0	6.4	1.6	3.6	1	3	3	5	5	6	6	6	8	10	12
19820366	cui guizhen	0.0	4.0	0.0	5.0	4	4	4	4	4	5	5	5	5	5	5
19820366	cuihong yang	0.3	6.5	0.2	8.2	5	5	6	6	6	7	8	9	9	9	9
19820366	cunde xiao	0.9	17.9	0.0	17.0	13	15	15	16	17	17	17	17	17	17	17
19820366	dai ning	0.7	4.1	1.3	4.3	1	1	2	2	4	5	5	7	9	10	10
19820366	dai xi	4.7	24.1	3.3	24.7	3	3	9	14	21	24	28	31	34	40	40
19820366	dai yucheng	0.7	3.5	1.5	2.7	0	1	1	2	3	4	4	6	7	9	10
19820366	dai yuhong	0.0	21.0	0.4	23.4	21	21	21	21	21	23	23	25	25	25	25
19820366	dali guo	0.4	4.6	0.8	11.8	3	3	3	3	5	8	11	15	15	15	15
19820366	dan wang	3.4	35.2	0.7	42.1	18	22	25	28	32	37	42	44	45	45	45
19820366	degang zhao	1.2	10.0	0.6	11.2	4	5	7	7	9	11	12	12	13	14	14
19820366	dehua wang	2.1	15.5	0.9	18.7	4	8	10	11	13	17	20	20	21	23	23
19820366	dejin wu	0.0	1.0	0.0	2.0	1	1	1	1	1	1	2	2	2	2	2
19820366	deng feng	1.1	12.1	3.7	16.1	7	7	9	10	11	17	19	24	28	31	34
19820366	deng hongyu	1.3	18.1	0.0	16.0	11	13	15	16	16	16	16	16	16	16	16
19820366	deng xiangzheng	2.8	24.8	0.6	24.4	11	14	15	20	22	23	25	25	27	27	27
19820366	deng youquan	2.3	10.9	3.8	17.0	1	1	3	4	11	13	19	25	31	33	34
19820366	deqing zhang	1.6	9.2	4.6	14.4	2	2	4	6	8	13	18	24	29	34	36
19820366	ding jianping	0.0	0.0	2.0	-2.2	0	0	0	0	0	0	0	1	4	7	7
19820366	ding ke	4.4	30.2	0.0	27.0	8	12	18	22	25	27	27	27	27	27	27
19820366	ding lin	2.4	23.8	2.9	22.7	12	13	18	19	21	22	25	29	32	34	37
19820366	ding weixin	3.1	15.9	1.7	14.1	1	2	7	11	12	16	16	17	20	20	23
19820366	ding yuqiang	0.0	0.0	1.9	-0.3	0	0	0	0	0	0	1	3	7	8	8
19820366	dong xie	1.8	10.4	3.1	12.1	1	3	6	7	8	12	16	17	22	24	28
19820366	dongfeng xue	0.0	11.0	3.3	13.7	11	11	11	11	11	11	15	21	26	28	28
19820366	dongge ma	0.8	7.4	6.1	10.3	3	5	5	5	7	12	17	21	29	36	40
19820366	dongmei zhou	3.3	31.3	1.3	30.5	15	17	22	26	27	30	30	35	35	36	36
19820366	dongsheng wang	6.1	37.5	0.7	31.1	7	12	20	27	30	31	31	33	34	34	34
19820366	dongxiao wang	1.6	13.6	3.0	12.2	5	8	9	10	12	13	15	18	22	24	27
19820366	du jiulin	2.2	13.8	0.2	16.2	4	4	7	8	13	14	16	17	17	17	17
19820366	du shixuan	3.0	29.8	0.2	31.2	15	17	21	25	26	29	31	32	32	32	32
19820366	duan zhenhao	0.0	3.0	2.5	3.9	3	3	3	3	3	4	7	9	10	14	17
19820366	dujin wang	3.0	28.6	1.1	26.1	14	16	20	22	26	27	27	28	30	31	31
19820366	ercang luo	1.2	7.6	0.3	12.5	2	3	3	5	7	12	13	13	13	14	14
19820366	fajun nan	1.9	11.7	0.9	17.7	3	4	5	7	11	13	18	20	21	21	22
19820366	fan hongrui	1.8	13.2	1.1	10.5	4	6	8	10	11	12	12	13	13	14	17
19820366	fan ke	2.1	20.1	0.0	17.0	8	13	15	16	17	17	17	17	17	17	17
19820366	fan ying	3.0	16.4	1.3	23.7	3	5	5	7	17	23	25	26	28	29	30
19820366	fan yizhong	2.0	22.4	0.0	22.0	12	15	16	19	20	21	22	22	22	22	22
19820366	fang haiping	2.2	12.6	0.9	18.1	2	3	7	7	11	16	18	21	21	22	22
19820366	fei wang	2.6	25.2	2.6	28.8	12	15	18	19	23	26	29	36	38	40	40
19820366	fei xu	0.0	1.0	0.2	2.2	1	1	1	1	1	1	2	3	3	3	3
19820366	feimeng zhou	0.0	0.0	0.4	0.4	0	0	0	0	0	0	0	2	2	2	2
19820366	feimin huang	0.2	5.4	1.7	5.1	4	5	5	5	5	6	6	9	11	12	13
19820366	feiyue wang	0.5	3.1	4.5	3.1	1	1	1	2	3	6	7	12	18	21	25
19820366	feng huang	1.1	9.3	4.0	8.6	4	4	7	7	8	11	13	17	19	25	29
19820366	feng longlong	1.8	10.8	0.7	10.5	2	3	6	7	9	9	11	12	13	13	14
19820366	feng qi	2.2	21.0	2.8	19.8	11	11	14	17	19	22	22	25	30	31	33
19820366	feng songlin	0.8	4.4	2.9	1.5	0	2	2	2	4	5	6	7	8	12	18
19820366	feng xinbin	4.6	30.6	2.2	38.4	9	11	16	21	27	35	40	43	46	47	49
19820366	feng yuan	1.5	7.3	2.2	11.0	1	1	1	4	7	9	13	16	17	20	22
19820366	feng zhou	5.5	50.1	0.2	51.2	24	27	32	40	45	49	51	52	52	52	52
19820366	fengchang wu	1.2	9.2	3.6	8.2	2	6	6	6	8	9	12	15	20	21	27
19820366	fenghua li	3.1	17.9	0.4	27.4	4	4	7	13	15	20	27	29	29	29	29
19820366	fengqi liu	0.2	11.4	0.5	10.1	10	11	11	11	11	11	11	11	11	12	13
19820366	fengtang yang	0.0	1.0	0.8	0.4	1	1	1	1	1	1	1	2	3	4	4
19820366	fu gao	0.0	0.0	0.4	-0.2	0	0	0	0	0	0	0	1	1	1	2
19820366	fu liyun	0.7	10.3	0.0	10.0	6	8	9	9	9	10	10	10	10	10	10
19820366	fu xiangdong	0.5	3.1	1.9	3.3	1	1	1	2	3	3	5	7	9	12	12
19820366	fucheng zhang	1.3	31.7	0.6	30.2	25	26	29	29	30	31	31	31	32	33	33
19820366	fumin lei	2.7	18.1	1.7	20.1	5	6	11	13	15	18	21	24	26	27	28
19820366	fuqiang huang	6.1	37.3	3.1	35.7	5	13	22	26	29	33	36	44	47	49	49
19820366	fuyuan wu	1.1	6.5	12.4	-3.8	1	2	3	5	5	7	11	18	33	46	59
19820366	fuzhou gong	0.6	3.0	0.5	3.7	0	1	1	1	3	4	4	5	5	6	6
19820366	gan zhang	5.4	53.4	0.9	52.1	24	34	38	44	46	51	52	55	55	56	56
19820366	gan zhihua	2.4	18.2	0.6	18.2	6	8	12	14	15	18	19	19	20	21	21
19820366	gang huang	2.6	22.8	0.2	24.2	10	12	15	18	20	24	24	25	25	25	25
19820366	gang qin	0.0	2.0	0.0	3.0	2	2	2	2	2	2	3	3	3	3	3
19820366	gang su	2.2	15.2	0.9	15.9	4	7	8	11	13	15	17	17	19	20	20
19820366	gang zhao	2.0	21.6	2.8	17.2	9	16	17	18	18	19	20	23	25	29	31
19820366	gangjian wei	1.4	28.2	0.2	28.2	21	23	24	25	27	27	28	29	29	29	29
19820366	ganlin zhang	0.9	5.5	1.4	10.2	1	2	3	3	5	5	12	12	15	16	17
19820366	gao guangxia	0.2	3.4	0.6	6.0	2	3	3	3	3	4	6	8	8	8	9
19820366	gao hongjun	0.9	4.9	4.5	6.1	1	1	2	2	5	10	11	14	20	25	28
19820366	gao jie	0.0	1.0	0.3	2.7	1	1	1	1	1	3	3	3	4	4	4
19820366	gao jun	3.1	21.3	1.5	24.7	6	9	12	14	19	20	26	28	29	31	32
19820366	gao mingyuan	0.2	6.8	3.1	6.3	6	6	6	6	7	8	10	11	16	20	21
19820366	gao xueyun	0.0	5.0	0.0	5.0	5	5	5	5	5	5	5	5	5	5	5
19820366	gao yu	0.9	6.3	3.3	1.1	2	2	4	5	5	6	6	6	10	15	18
19820366	ge maofa	1.8	15.4	1.3	17.1	6	8	11	12	13	16	18	20	21	23	23
19820366	ge wei	2.1	28.1	0.0	29.0	18	19	22	24	26	28	29	29	29	29	29
19820366	gehui wang	3.3	19.7	0.2	22.2	3	8	8	13	17	19	22	23	23	23	23
19820366	geng yanhou	0.5	9.9	3.9	16.7	7	8	9	9	9	10	19	26	29	33	35
19820366	geng yong	5.6	30.4	0.0	38.0	3	7	14	19	25	37	38	38	38	38	38
19820366	genxu wang	1.8	15.8	1.0	15.6	7	8	11	12	14	16	16	18	19	20	20
19820366	gexia qiao	0.7	6.7	0.7	10.1	3	4	5	5	6	8	10	12	13	13	13
19820366	gong jiming	0.9	8.9	0.0	12.0	5	5	6	6	9	10	12	12	12	12	12
19820366	gongli tang	0.9	5.3	1.7	3.1	1	2	2	3	5	5	5	7	7	10	12
19820366	gu hui	1.4	6.0	0.2	9.2	0	0	1	2	6	9	9	10	10	10	10
19820366	guangbiao zhou	2.6	23.8	0.0	21.0	11	12	17	20	20	21	21	21	21	21	21
19820366	guanghui rao	0.5	11.7	0.3	10.5	9	10	10	11	11	11	11	11	11	12	12
19820366	guangshe li	6.8	40.8	1.6	34.6	7	12	22	28	33	34	36	38	39	42	42
19820366	guangsheng zhou	1.9	13.1	1.4	19.8	3	6	8	9	11	16	21	22	25	26	26
19820366	guangyu zhang	2.4	24.4	1.0	26.8	14	14	16	18	24	26	27	29	31	31	31
19820366	gui yu	4.4	43.8	2.5	44.9	23	25	30	35	40	43	47	50	53	55	57
19820366	guo guocong	0.8	9.6	3.3	13.1	6	6	7	8	9	12	16	21	22	26	30
19820366	guo huishan	0.3	5.5	2.2	4.0	4	4	5	5	5	5	7	8	10	12	16
19820366	guo jiandong	1.2	10.6	0.6	9.4	4	6	8	8	9	9	10	10	12	12	12
19820366	guo lianghong	1.9	16.7	1.9	17.3	7	10	10	13	15	18	20	21	22	24	28
19820366	guo yuewei	0.6	3.8	3.9	-0.9	1	1	2	3	3	3	4	4	13	15	18
19820366	guo yuguo	6.4	44.4	1.2	60.0	14	18	23	32	39	50	60	63	65	65	65
19820366	guo zhancheng	0.7	3.9	1.1	2.5	1	1	1	2	4	4	4	4	6	7	8
19820366	guohua zou	1.2	7.4	0.6	7.0	1	3	4	5	6	6	7	9	9	9	10
19820366	guoliang xu	0.8	8.0	1.9	7.1	4	5	5	7	7	8	9	11	13	14	17
19820366	guosheng liu	2.9	21.9	1.7	28.7	8	10	13	15	20	23	29	33	35	36	36
19820366	guowei he	0.3	4.5	1.0	3.2	3	3	4	4	4	4	4	5	7	7	8
19820366	guowen meng	3.7	20.7	1.2	21.6	2	5	11	14	16	21	23	24	25	26	28
19820366	guoyi zhou	2.9	17.3	1.1	25.5	4	5	8	10	16	19	25	29	30	30	30
19820366	haibin wang	4.8	25.4	0.9	24.5	1	7	11	15	21	24	25	27	27	28	29
19820366	haibin wu	1.4	13.8	0.8	15.4	6	9	10	11	12	15	16	17	18	19	19
19820366	haibin yu	0.9	8.5	0.7	9.3	4	5	6	6	8	9	10	11	11	12	13
19820366	haifeng zhang	1.8	11.4	1.8	11.4	3	4	5	8	10	10	13	15	17	19	20
19820366	haijun zhou	0.4	10.2	0.0	15.0	8	9	9	9	10	13	15	15	15	15	15
19820366	hailin wang	2.7	22.7	1.4	21.8	10	11	14	18	20	22	23	24	27	28	28
19820366	hairong zheng	2.3	15.1	0.4	19.4	4	6	7	11	13	17	19	21	21	21	21
19820366	han jinlin	0.0	0.0	0.0	1.0	0	0	0	0	0	1	1	1	1	1	1
19820366	han xiufeng	0.3	9.3	2.0	5.8	8	8	8	9	9	9	9	9	11	13	17
19820366	han yanchun	0.3	3.3	6.8	1.2	2	2	2	3	3	5	6	16	23	30	33
19820366	hansheng wang	1.4	7.2	0.7	7.9	1	1	2	5	6	8	8	10	10	11	11
19820366	hao zhengping	2.4	19.2	3.0	24.8	7	10	12	14	17	20	26	32	35	38	38
19820366	he hong	0.9	7.7	5.3	14.3	4	4	4	5	8	15	20	23	32	36	40
19820366	he hongping	4.8	30.0	2.5	32.3	7	10	15	20	26	32	35	37	40	42	45
19820366	he huaiyu	0.8	19.6	0.0	19.0	16	16	17	18	19	19	19	19	19	19	19
19820366	he jizheng	5.6	30.4	0.9	33.3	4	8	10	20	26	32	33	36	37	37	37
19820366	he shenggui	5.0	30.8	0.0	30.0	6	10	16	22	25	26	30	30	30	30	30
19820366	he shunping	0.2	1.8	3.1	1.5	1	1	1	1	2	5	5	8	10	13	18
19820366	he yuan	0.2	5.4	0.0	5.0	4	5	5	5	5	5	5	5	5	5	5
19820366	he zuhua	0.0	0.0	2.1	-2.7	0	0	0	0	0	0	0	1	4	4	9
19820366	hong li	4.5	58.3	0.5	60.9	37	40	43	49	55	60	61	62	63	63	63
19820366	hong liao	0.6	6.4	2.3	7.9	4	4	4	4	7	7	9	14	15	17	19
19820366	hong wu	0.4	24.8	0.5	24.9	22	24	24	24	24	24	25	26	27	27	27
19820366	hong yiguang	1.3	9.3	1.7	9.9	3	4	5	7	8	9	11	14	15	17	18
19820366	hong zhang	2.9	42.1	0.5	42.9	28	31	32	36	40	43	43	44	45	45	45
19820366	hong zhong	1.8	23.8	0.0	24.0	15	16	19	20	22	24	24	24	24	24	24
19820366	hongbin ji	4.4	25.6	0.0	31.0	6	6	12	14	24	25	31	31	31	31	31
19820366	hongbo li	1.8	13.6	1.3	14.3	5	6	8	10	12	13	15	17	19	20	20
19820366	hongmei su	0.7	10.7	0.0	12.0	7	8	9	9	10	10	12	12	12	12	12
19820366	hongmei wang	0.6	20.0	0.5	20.7	17	17	19	19	19	20	21	22	22	23	23
19820366	hongqing ling	0.5	5.9	2.4	4.4	3	4	5	5	5	6	7	9	12	13	17
19820366	hongwei xue	0.2	1.8	3.1	4.3	1	1	1	1	2	3	8	10	14	15	21
19820366	hongwei zhao	0.2	1.4	1.7	-0.5	0	1	1	1	1	2	2	2	4	7	8
19820366	hongzhi kong	1.8	18.8	0.6	16.2	9	12	14	16	16	17	17	17	18	19	19
19820366	hou jianhui	4.2	31.0	2.6	47.4	12	15	15	19	31	41	49	53	56	59	59
19820366	hou shugui	0.7	13.5	1.0	15.2	10	11	11	12	13	15	16	17	19	19	20
19820366	hou zengguang	3.2	27.2	1.5	25.3	10	15	19	21	23	25	26	29	30	32	32
19820366	houyuan lu	2.2	13.4	1.7	13.5	3	3	8	9	11	13	15	17	19	20	22
19820366	hu jinbo	2.9	15.9	2.2	23.4	3	4	5	9	15	18	25	29	29	33	34
19820366	hu lihong	3.2	23.2	0.8	21.6	7	11	13	17	20	21	22	23	25	25	25
19820366	hu wei	1.6	30.2	0.0	29.0	22	24	25	28	28	29	29	29	29	29	29
19820366	hu weiming	3.2	30.8	1.3	29.7	13	20	22	24	27	28	31	32	34	35	36
19820366	hu weiwu	1.0	9.4	0.4	7.8	4	6	6	8	8	8	8	9	9	9	10
19820366	hu youhong	1.6	17.4	0.0	17.0	9	11	13	15	15	16	17	17	17	17	17
19820366	hu zhihong	1.0	6.4	2.3	4.9	2	2	3	4	6	7	8	9	11	14	17
19820366	hua jiang	3.9	28.9	0.6	32.6	10	13	16	22	25	29	32	35	35	35	35
19820366	hua xiang	1.5	13.3	1.5	12.7	6	7	9	10	12	13	14	16	17	19	20
19820366	hualin wang	2.0	23.8	0.2	22.2	14	15	19	19	22	22	22	23	23	23	23
19820366	huang mingdong	0.9	5.3	1.1	9.5	1	2	2	3	5	8	11	12	12	13	16
19820366	huang qingming	3.3	32.9	0.2	32.2	15	21	24	26	29	31	32	33	33	33	33
19820366	huang shanjin	1.7	11.7	1.2	13.6	4	5	5	8	11	13	14	17	17	19	19
19820366	huang xun	3.4	20.4	0.0	21.0	5	6	8	14	18	20	21	21	21	21	21
19820366	huang yongping	4.2	24.2	1.0	18.2	2	8	13	16	19	19	20	20	20	22	24
19820366	huang yongzhen	1.0	6.8	1.7	7.9	2	3	3	5	6	6	9	12	13	15	16
19820366	huayun xiao	0.9	13.1	0.0	12.0	8	10	11	11	12	12	12	12	12	12	12
19820366	hui lijian	2.0	16.6	1.1	16.3	7	9	9	13	15	16	17	18	21	21	21
19820366	hui wang	4.2	50.4	1.1	47.5	29	33	39	43	45	47	47	51	52	52	52
19820366	huijuan liu	4.1	41.1	0.8	38.2	20	24	31	33	36	39	39	40	40	42	42
19820366	huijun wang	1.0	8.8	2.2	9.2	3	6	6	6	8	9	11	14	16	18	20
19820366	huimin ma	2.5	17.1	0.9	14.9	4	8	10	11	15	15	16	17	17	18	20
19820366	huiru tang	2.8	20.8	2.9	24.5	8	9	11	15	19	22	26	31	35	36	38
19820366	hushan xu	0.6	7.8	0.7	11.1	5	5	6	7	7	8	11	13	14	14	14
19820366	ji shen	2.4	17.6	1.2	20.0	5	9	10	13	15	17	21	23	23	25	26
19820366	ji yang	1.3	10.5	1.2	9.6	5	5	5	8	10	11	11	12	13	14	16
19820366	jia li	4.3	37.7	0.5	34.3	17	19	25	30	33	35	35	35	36	36	37
19820366	jia yongfeng	1.3	10.1	0.8	14.6	4	5	6	6	10	14	15	16	18	18	18
19820366	jiajia liu	0.5	4.7	0.2	8.2	2	3	3	4	4	5	8	9	9	9	9
19820366	jian zhang	3.7	25.1	4.1	28.9	8	9	13	18	22	29	33	37	41	46	49
19820366	jiang liu	0.9	13.5	0.2	14.2	9	10	11	11	13	14	14	15	15	15	15
19820366	jiang taijiao	1.2	5.6	0.2	11.2	0	1	1	3	5	10	11	12	12	12	12
19820366	jiang tao	2.4	41.2	0.5	40.9	29	32	34	36	39	40	41	42	43	43	43
19820366	jiang wan	2.0	9.4	1.7	13.3	1	1	1	5	9	13	15	16	19	21	21
19820366	jiang wei	2.5	24.9	2.0	22.0	13	14	17	21	22	22	24	26	28	30	32
19820366	jiang xin	0.8	10.6	1.9	10.7	7	7	8	9	10	12	13	15	15	18	21
19820366	jiang yueming	3.5	22.9	4.8	28.4	5	9	13	16	19	29	32	38	45	48	51
19820366	jiang zhao	1.4	12.2	0.2	12.6	6	6	7	10	11	12	13	13	13	13	14
19820366	jiang zhu	1.3	7.7	2.0	7.0	1	3	3	6	6	8	9	12	12	14	18
19820366	jianggao mao	3.8	36.6	0.5	36.9	17	23	24	29	33	35	37	38	39	39	39
19820366	jianghua sun	1.0	4.2	0.9	11.9	0	0	0	2	4	6	13	14	14	15	17
19820366	jianhua ju	2.7	28.7	0.0	25.0	16	16	21	25	25	25	25	25	25	25	25
19820366	jianhua tao	0.0	13.0	0.0	14.0	13	13	13	13	13	14	14	14	14	14	14
19820366	jianlin luo	1.7	11.3	0.3	10.7	4	4	4	9	10	11	11	11	12	12	12
19820366	jianmin wang	0.4	3.8	1.6	2.2	1	3	3	3	3	3	4	5	7	9	10
19820366	jianmin yue	1.4	9.4	3.5	2.3	2	3	7	7	7	7	7	8	12	17	20
19820366	jianqi li	0.2	3.8	1.7	4.3	3	3	3	3	4	5	5	8	11	11	12
19820366	jianqiu wang	4.0	20.0	0.5	18.9	1	3	7	13	16	19	19	20	21	21	21
19820366	jiansheng liu	1.0	14.6	0.0	13.0	9	11	12	13	13	13	13	13	13	13	13
19820366	jianyuan sun	0.0	0.0	0.2	-0.4	0	0	0	0	0	0	0	0	0	0	1
19820366	jiaojun zhu	1.5	14.9	0.3	14.7	7	9	11	12	13	15	15	15	16	16	16
19820366	jiawei zhou	1.1	13.1	1.5	11.5	8	8	10	11	12	13	14	14	14	19	19
19820366	jiawen xia	0.0	0.0	0.2	-0.4	0	0	0	0	0	0	0	0	0	0	1
19820366	jifeng liu	0.2	18.4	0.0	18.0	17	18	18	18	18	18	18	18	18	18	18
19820366	jifeng xu	2.6	14.2	1.6	16.0	2	4	5	8	13	15	17	19	22	23	23
19820366	jimin sun	2.9	14.1	2.0	16.2	1	1	5	8	12	15	19	20	21	24	27
19820366	jin kuijuan	3.6	21.2	0.8	19.0	4	5	11	15	17	19	20	20	22	22	23
19820366	jin zhangdong	1.6	21.2	0.5	20.9	14	14	16	18	20	21	21	22	23	23	23
19820366	jin zhi	2.3	13.1	0.5	11.9	2	4	5	9	11	11	12	13	14	14	14
19820366	jinbao song	1.3	5.5	0.0	6.0	0	0	0	3	5	6	6	6	6	6	6
19820366	jing liu	2.8	17.6	2.3	20.3	5	6	7	12	16	17	22	25	28	30	31
19820366	jing yipeng	0.0	0.0	0.0	0.0	0	0	0	0	0	0	0	0	0	0	0
19820366	jingbo li	2.1	11.9	3.9	11.9	3	3	4	6	12	15	17	19	22	28	32
19820366	jingfu liu	2.1	33.5	1.8	35.6	24	24	27	29	32	34	37	39	42	43	44
19820366	jinggen liu	0.0	0.0	1.9	-3.1	0	0	0	0	0	0	0	0	2	3	8
19820366	jingsong ren	0.0	0.0	0.0	0.0	0	0	0	0	0	0	0	0	0	0	0
19820366	jinhu lu	3.6	43.4	1.8	40.0	25	29	33	37	39	40	42	42	47	48	48
19820366	jinhui yang	6.8	44.0	0.5	44.9	11	16	22	32	37	40	45	46	47	47	47
19820366	jinqiu zhou	0.0	0.0	0.0	0.0	0	0	0	0	0	0	0	0	0	0	0
19820366	jinshui wu	0.3	3.3	0.2	3.6	2	2	2	3	3	3	4	4	4	4	5
19820366	jinsong li	1.3	15.7	1.0	17.8	10	10	11	13	15	16	18	20	22	22	22
19820366	jinsong zhang	2.4	15.0	1.1	10.5	3	5	8	11	12	12	12	12	14	15	16
19820366	jinxia wang	3.1	19.9	0.2	22.6	5	7	10	14	17	19	23	23	23	23	24
19820366	jiping liu	0.7	8.5	0.0	11.0	5	6	6	7	8	9	11	11	11	11	11
19820366	jirong sun	2.4	13.2	1.7	16.7	3	3	3	9	12	14	17	22	22	23	25
19820366	jiuhong kang	0.6	3.4	1.1	4.3	1	1	1	1	4	4	5	6	9	9	9
19820366	juan lin	0.0	0.0	0.0	0.0	0	0	0	0	0	0	0	0	0	0	0
19820366	jule xiao	0.0	0.0	0.2	-0.4	0	0	0	0	0	0	0	0	0	0	1
19820366	jun lin	1.1	8.5	5.2	11.4	4	4	4	5	9	14	17	22	27	30	39
19820366	jun wu	1.5	21.1	0.2	21.2	14	15	16	18	20	21	21	22	22	22	22
19820366	jun xu	1.6	19.6	0.9	25.7	11	14	15	16	18	22	26	28	29	29	30
19820366	jun yang	1.6	52.4	0.0	51.0	44	46	48	50	50	51	51	51	51	51	51
19820366	kaiyou wang	0.0	1.0	0.6	0.2	1	1	1	1	1	1	1	1	2	3	3
19820366	kang shichang	2.8	41.6	0.2	42.2	27	31	33	37	38	40	42	43	43	43	43
19820366	kang yuehu	0.0	0.0	0.5	-0.9	0	0	0	0	0	0	0	0	0	1	2
19820366	ke lan	1.2	20.4	0.0	20.0	14	16	17	18	19	20	20	20	20	20	20
19820366	ke xia	1.4	7.4	0.3	9.5	1	1	3	5	6	9	10	10	10	11	11
19820366	ke xu	2.1	18.3	0.0	21.0	9	9	11	14	17	19	21	21	21	21	21
19820366	kedong yin	0.0	0.0	1.7	-1.7	0	0	0	0	0	0	0	1	4	6	6
19820366	kong ping	0.4	4.8	0.0	4.0	2	4	4	4	4	4	4	4	4	4	4
19820366	laigeng li	0.8	6.4	1.8	4.6	2	3	5	5	5	7	7	7	10	13	13
19820366	lean yu	2.4	18.2	0.2	23.2	7	9	9	13	17	21	23	24	24	24	24
19820366	lehui lu	2.1	22.3	1.9	31.7	13	13	15	18	21	29	33	36	38	39	41
19820366	lei xiao	1.0	7.2	0.2	14.2	3	3	3	5	7	9	14	15	15	15	15
19820366	li lin	1.5	15.7	2.2	19.4	8	10	11	13	14	17	22	24	25	28	31
19820366	li liu	1.2	12.2	2.5	19.5	7	7	8	9	12	18	21	25	28	30	31
19820366	li niu	4.4	43.0	0.9	46.1	22	25	29	33	40	46	47	47	50	50	50
19820366	li sheng	2.7	23.9	0.2	28.2	12	12	14	19	22	26	28	29	29	29	29
19820366	li shuqiang	1.4	6.6	0.3	7.7	0	0	3	4	5	8	8	8	9	9	9
19820366	li shushen	1.5	9.1	3.1	8.5	2	3	4	6	8	10	11	15	18	22	23
19820366	li wang	2.0	15.8	3.9	12.3	5	9	9	13	13	13	16	20	25	27	32
19820366	li weixue	0.3	3.3	0.2	2.6	2	2	2	3	3	3	3	3	3	3	4
19820366	li xiaofan	0.0	0.0	0.3	0.5	0	0	0	0	0	0	1	1	1	2	2
19820366	li xin	2.6	30.2	1.5	36.7	18	20	21	24	29	33	38	40	41	43	44
19820366	li xinqi	1.0	8.0	0.5	9.9	3	4	5	6	7	9	10	11	12	12	12
19820366	li xinrong	3.5	23.7	0.9	22.1	4	12	14	17	19	22	23	24	25	25	27
19820366	li xinxin	2.4	17.0	1.7	17.3	4	9	10	11	15	17	19	21	22	24	26
19820366	li xuelong	5.6	34.4	4.2	40.6	8	11	17	21	31	38	43	50	55	58	60
19820366	li yaping	2.5	12.3	3.5	19.1	1	2	4	5	12	16	23	26	29	33	37
19820366	li yongqing	1.5	9.9	0.0	10.0	3	3	5	8	8	8	10	10	10	10	10
19820366	li yongwang	4.3	28.9	2.2	34.0	8	11	16	20	25	31	36	39	40	43	45
19820366	li yuesheng	2.0	14.8	1.8	21.2	6	6	8	10	14	20	23	25	26	29	30
19820366	li yunhai	1.7	18.1	0.0	20.0	9	12	13	15	16	19	20	20	20	20	20
19820366	li yutong	2.5	15.3	0.0	15.0	4	4	7	11	13	14	15	15	15	15	15
19820366	li zhanting	0.6	4.0	1.1	13.3	1	2	2	2	4	10	14	16	17	17	19
19820366	li zhaoliang	0.4	7.2	1.9	5.5	5	6	6	6	7	8	8	9	10	14	15
19820366	li zhibo	4.8	22.4	0.4	28.4	1	1	5	15	18	25	28	30	30	30	30
19820366	liang xinmiao	0.3	2.3	0.2	2.2	1	1	1	2	2	2	2	3	3	3	3
19820366	libo liu	3.7	21.9	1.2	26.8	3	7	11	16	17	21	27	30	31	32	32
19820366	lide tian	3.1	27.5	0.3	22.5	11	16	18	23	23	23	23	23	23	24	24
19820366	lijun wan	1.5	8.5	4.8	9.0	2	2	3	5	8	10	15	18	23	26	35
19820366	lijun wu	1.3	7.1	2.0	3.4	1	1	4	4	6	6	6	8	8	10	15
19820366	lin rongcheng	0.5	8.1	0.3	13.7	6	6	6	7	8	11	14	14	15	15	15
19820366	lin wei	3.5	39.7	0.0	37.0	21	26	31	33	35	37	37	37	37	37	37
19820366	lin yangting	0.8	4.6	1.3	2.9	1	1	2	3	4	4	4	5	8	8	9
19820366	lin zhang	4.5	34.1	0.4	34.4	12	16	20	25	30	32	34	36	36	36	36
19820366	linsheng song	6.8	34.8	0.5	35.7	4	5	11	23	29	35	36	37	37	38	38
19820366	linxiu zhang	1.4	6.8	1.1	12.7	1	1	1	3	7	11	13	16	16	17	18
19820366	liu ming	2.3	15.3	3.5	20.7	4	7	7	10	14	18	24	28	31	35	38
19820366	liu minghua	1.5	9.3	3.4	4.8	2	2	6	7	7	7	8	11	16	19	21
19820366	liu qingquan	1.2	6.8	0.2	6.6	1	2	3	4	6	7	7	7	7	7	8
19820366	liu qingsong	1.7	18.9	2.1	22.9	9	14	14	15	17	24	24	27	31	32	32
19820366	liu shuangjiang	4.3	27.3	0.7	29.1	8	9	11	20	24	27	29	31	32	32	32
19820366	liu sijin	3.4	18.8	0.4	19.4	3	4	8	12	16	18	19	21	21	21	21
19820366	liu weidong	1.1	12.3	1.8	9.8	7	7	10	10	11	11	11	13	17	17	18
19820366	liu wuming	1.6	9.8	1.7	12.7	2	4	4	6	9	14	15	15	18	20	21
19820366	liu xiaojun	0.8	8.8	0.0	11.0	5	5	7	7	8	10	11	11	11	11	11
19820366	liu xiaolong	1.1	9.9	1.6	12.2	4	6	7	7	9	9	13	15	19	19	19
19820366	liu yimin	2.3	19.3	1.1	21.1	8	10	12	15	17	20	22	23	25	26	26
19820366	liu yingfang	0.5	5.3	1.6	6.2	3	3	4	4	5	7	7	9	13	13	13
19820366	liu yongqin	0.9	13.9	0.0	13.0	9	11	11	12	13	13	13	13	13	13	13
19820366	liu yu	2.3	17.9	3.5	15.7	8	8	9	13	17	19	21	21	25	30	34
19820366	liu yuanhong	3.7	21.5	0.8	21.2	3	6	11	15	17	20	22	23	23	25	25
19820366	liu yun	3.4	28.4	0.0	27.0	12	13	19	23	24	26	27	27	27	27	27
19820366	liu zhimin	2.0	48.4	0.3	45.7	37	42	43	44	46	46	46	46	47	47	47
19820366	liye xiao	0.7	5.5	0.9	6.5	2	3	3	4	5	5	8	8	9	9	12
19820366	lizhu wu	1.5	8.5	2.0	9.2	2	2	3	5	8	9	11	13	16	17	19
19820366	long mian	0.0	2.0	1.0	1.0	2	2	2	2	2	2	2	3	4	5	6
19820366	long miao	1.5	8.1	0.2	8.2	1	2	3	5	7	8	8	9	9	9	9
19820366	long yaqiu	0.5	16.1	0.0	18.0	14	14	14	15	16	17	18	18	18	18	18
19820366	lu riyu	0.7	8.7	1.4	10.2	5	6	7	7	8	10	12	12	15	16	17
19820366	luo sanzhong	4.9	29.5	1.2	34.0	5	9	16	20	24	33	35	37	37	39	40
19820366	luo xiangang	3.3	16.7	1.8	22.0	1	4	5	9	15	22	24	26	26	30	31
19820366	luo xiaodong	2.0	23.6	0.0	23.0	13	16	18	20	21	23	23	23	23	23	23
19820366	luo yongming	0.2	1.8	2.7	-0.9	1	1	1	1	2	2	3	4	6	9	14
19820366	luo yuejia	0.8	5.4	0.8	4.4	1	3	3	3	5	5	5	6	7	8	8
19820366	ma xiuliang	0.0	0.0	0.5	-0.7	0	0	0	0	0	0	0	0	1	1	2
19820366	ma xucun	2.3	19.5	2.1	29.3	8	10	13	15	17	24	29	35	38	38	38
19820366	ma yanwei	3.8	23.8	1.8	25.4	5	9	12	15	21	23	25	31	32	33	33
19820366	ma yaoming	1.8	16.6	1.2	19.4	8	9	11	13	15	18	21	21	23	25	25
19820366	ma zongyi	0.0	0.0	0.0	0.0	0	0	0	0	0	0	0	0	0	0	0
19820366	maoyan zhu	3.4	20.4	0.7	19.5	2	8	11	14	16	19	20	21	22	22	23
19820366	mei zhang	0.8	12.6	0.2	15.2	9	9	10	11	12	14	15	16	16	16	16
19820366	meng qingbo	1.8	15.6	5.4	13.4	7	8	10	12	14	17	18	24	31	36	39
19820366	miao zehong	2.7	24.1	0.6	21.2	10	14	16	19	21	22	22	22	23	24	24
19820366	min tan	3.1	19.1	2.7	18.9	4	6	10	13	16	20	22	24	26	31	32
19820366	min yang	2.7	14.9	4.3	18.1	2	4	6	9	13	17	22	26	33	35	39
19820366	ming pingbing	0.0	12.0	0.0	12.0	12	12	12	12	12	12	12	12	12	12	12
19820366	minghua xu	2.9	26.7	0.5	26.9	12	14	20	21	23	25	27	28	29	29	29
19820366	mingjiu ni	0.5	5.1	0.5	6.9	3	3	3	4	5	6	7	8	9	9	9
19820366	ning ye	1.6	20.4	0.2	21.2	13	13	16	17	19	19	21	22	22	22	22
19820366	ninghua tan	0.8	9.6	1.5	10.3	6	6	7	8	9	10	12	12	16	17	17
19820366	ninghui sun	1.9	13.1	1.2	9.8	2	7	8	10	10	11	11	12	14	14	16
19820366	ninglian wang	1.3	12.7	1.1	14.1	6	7	10	10	11	12	16	16	16	19	20
19820366	niu zhichuan	1.2	9.8	0.2	12.6	4	5	6	7	9	12	13	13	13	13	14
19820366	pan xiulian	0.0	0.0	0.0	0.0	0	0	0	0	0	0	0	0	0	0	0
19820366	pan yongxin	3.6	18.4	2.3	18.9	1	4	6	12	15	17	21	23	27	28	30
19820366	peng pingan	0.0	0.0	0.0	0.0	0	0	0	0	0	0	0	0	0	0	0
19820366	peng shi	0.8	11.4	0.0	14.0	7	8	10	10	10	11	14	14	14	14	14
19820366	pengfei yao	0.6	4.8	0.2	6.6	2	2	3	4	4	5	7	7	7	7	8
19820366	pengye wang	0.6	6.8	1.1	4.3	4	4	5	6	6	6	6	6	7	9	10
19820366	ping wang	4.6	44.2	0.2	47.2	21	25	32	35	39	45	47	48	48	48	48
19820366	ping xie	2.1	17.3	4.1	15.5	7	9	11	12	16	19	21	23	26	32	37
19820366	ping zhu	1.5	12.5	0.0	14.0	6	6	7	9	12	14	14	14	14	14	14
19820366	pingheng tan	1.3	20.1	1.3	22.5	14	15	15	18	19	21	23	25	28	28	28
19820366	qi tao	3.1	27.1	0.6	25.6	11	15	18	22	23	25	25	28	28	28	28
19820366	qi zhou	1.1	8.9	2.7	9.5	3	4	7	7	7	9	12	16	17	19	24
19820366	qian shengbang	0.0	5.0	0.0	5.0	5	5	5	5	5	5	5	5	5	5	5
19820366	qianfei wang	1.5	9.9	0.0	11.0	3	4	4	7	9	11	11	11	11	11	11
19820366	qiang zhao	3.3	28.5	0.4	33.4	12	16	18	21	26	29	33	35	35	35	35
19820366	qiangbin wang	5.1	26.9	0.0	30.0	1	7	12	16	22	27	30	30	30	30	30
19820366	qie xiushu	0.9	5.5	1.5	6.3	1	2	3	3	5	7	9	9	9	12	15
19820366	qihua wang	1.2	23.2	0.6	29.6	18	18	19	20	23	27	29	32	32	32	32
19820366	qingbai wu	1.7	11.1	2.3	9.9	2	5	6	8	9	11	11	16	17	19	21
19820366	qingdong zheng	1.4	17.4	0.6	21.4	11	12	12	14	17	21	22	22	24	24	24
19820366	qinglong wu	0.0	1.0	0.0	1.0	1	1	1	1	1	1	1	1	1	1	1
19820366	qingshan zhu	1.6	25.2	0.0	24.0	16	20	21	22	23	23	24	24	24	24	24
19820366	qingyin zeng	1.7	14.1	0.0	14.0	7	7	7	10	14	14	14	14	14	14	14
19820366	qingyuan sun	1.6	10.0	3.8	19.2	3	3	5	5	10	16	22	27	32	35	37
19820366	qiuhong tang	2.4	15.6	0.0	20.0	5	6	6	10	15	18	20	20	20	20	20
19820366	qiuliang wang	1.4	13.6	0.5	12.7	7	7	10	11	12	13	13	14	14	15	15
19820366	qiwei zhai	0.9	8.7	2.3	11.9	5	5	5	6	9	11	13	18	19	21	23
19820366	qu xiaogang	0.0	5.0	2.3	1.5	5	5	5	5	5	5	5	5	7	12	13
19820366	qun yang	0.3	2.5	1.0	1.4	1	1	2	2	2	2	2	4	4	6	6
19820366	ren wencai	5.6	43.4	0.7	42.1	13	22	30	32	36	41	42	44	45	45	45
19820366	renbin zhan	1.9	17.5	0.4	17.8	9	9	11	14	16	17	18	19	19	19	20
19820366	renfang shen	0.5	5.3	0.0	5.0	3	3	4	4	5	5	5	5	5	5	5
19820366	renzhong tai	0.8	8.0	0.4	11.4	4	5	5	7	7	11	11	13	13	13	13
19820366	rong zeng	1.0	8.2	2.6	22.4	3	4	6	6	7	15	25	28	30	32	36
19820366	ruan yongling	0.0	0.0	0.3	-0.5	0	0	0	0	0	0	0	0	0	1	1
19820366	ruiming xu	1.1	13.7	2.2	12.6	8	9	11	12	12	13	14	18	19	22	23
19820366	ruiwu wang	0.0	0.0	0.0	0.0	0	0	0	0	0	0	0	0	0	0	0
19820366	runzhi zhang	0.7	4.5	0.7	3.3	1	2	2	3	4	4	4	5	5	6	7
19820366	shangui zhou	0.0	2.0	0.0	3.0	2	2	2	2	2	3	3	3	3	3	3
19820366	shaojie wang	0.0	1.0	0.5	3.9	1	1	1	1	1	1	4	5	6	6	6
19820366	shen shuzhong	1.1	6.5	1.8	9.4	2	2	2	3	7	9	12	13	13	17	19
19820366	shen weijun	0.6	13.6	0.0	14.0	11	11	11	13	13	14	14	14	14	14	14
19820366	shen xu	3.1	18.1	1.7	25.5	5	5	5	12	17	22	27	28	32	33	33
19820366	shen yanan	0.0	1.0	0.0	3.0	1	1	1	1	1	3	3	3	3	3	3
19820366	shi wensheng	2.3	21.5	0.7	21.9	10	13	14	16	20	21	22	24	24	25	25
19820366	shougang zhang	0.3	2.3	0.0	4.0	1	1	1	2	2	4	4	4	4	4	4
19820366	shouke yan	0.9	6.7	1.6	9.8	3	3	3	4	7	9	11	14	14	16	18
19820366	shu wang	3.7	25.7	2.6	34.0	9	11	11	18	24	28	36	39	43	45	46
19820366	shu yousheng	0.2	2.8	1.0	3.2	2	2	2	2	3	3	4	5	7	7	8
19820366	shuli you	5.0	36.2	3.4	43.0	13	15	20	25	33	38	44	52	54	58	58
19820366	shutao wang	5.5	42.5	0.0	43.0	17	19	25	30	39	41	43	43	43	43	43
19820366	song ye	4.6	36.6	0.0	32.0	12	19	25	27	31	32	32	32	32	32	32
19820366	su weiping	0.0	17.0	1.9	22.7	17	17	17	17	17	18	24	27	29	30	32
19820366	sun weidong	0.3	3.5	4.2	1.4	2	2	3	3	3	3	5	10	15	18	22
19820366	sun weiguo	0.0	0.0	0.3	-0.3	0	0	0	0	0	0	0	0	1	1	1
19820366	sun xiaotao	0.3	1.3	1.1	0.3	0	0	0	1	1	1	1	2	5	5	5
19820366	suobo zhang	5.1	26.1	2.2	28.6	2	5	10	14	23	28	30	32	38	38	38
19820366	suojiang zhang	1.2	6.8	4.0	16.8	1	2	3	4	6	13	21	24	30	32	37
19820366	taihua zhang	3.1	21.7	0.3	18.7	6	9	13	16	18	19	19	19	20	20	20
19820366	tang tao	2.9	21.9	2.0	19.0	8	9	14	16	19	20	20	24	25	28	28
19820366	tang yong	1.3	10.3	3.6	9.6	4	5	6	8	9	12	14	16	20	24	28
19820366	tian ye	3.3	24.7	0.5	25.9	9	11	14	18	22	25	26	27	28	28	28
19820366	tianjun zhou	6.7	46.7	1.0	41.8	14	19	26	34	40	42	42	44	46	46	46
19820366	tianxiang yue	2.1	14.3	1.7	12.7	4	5	9	10	12	13	14	16	19	19	21
19820366	wang wen	0.0	1.0	1.2	2.4	1	1	1	1	1	2	4	4	6	8	8
19820366	wang xiangdong	2.1	13.1	0.2	12.6	2	5	7	10	10	10	13	13	13	13	14
19820366	wang xianhong	2.5	12.3	1.3	13.3	0	2	5	7	10	10	15	16	17	17	21
19820366	wang xiaolin	1.5	21.9	0.9	23.1	14	16	18	19	20	22	23	26	26	27	27
19820366	wang xiaoquan	1.3	8.9	1.4	9.8	3	4	4	5	9	11	11	12	15	16	16
19820366	wang xinming	3.3	39.5	0.5	39.9	22	26	32	33	35	37	40	41	42	42	42
19820366	wang xunming	1.1	29.5	0.0	29.0	23	26	27	27	28	28	29	29	29	29	29
19820366	wang yan	2.6	36.8	0.2	39.2	24	27	28	31	35	39	39	40	40	40	40
19820366	wang yanfei	1.3	17.9	0.2	17.2	10	14	15	15	16	16	17	18	18	18	18
19820366	wang yanling	1.4	17.4	1.1	17.1	11	11	13	15	16	17	18	19	21	22	22
19820366	wang yanyi	1.2	8.8	0.0	12.0	3	4	5	6	8	12	12	12	12	12	12
19820366	wang yilin	2.7	31.1	0.7	33.9	17	21	23	26	28	32	34	36	36	37	37
19820366	wang yizheng	0.0	2.0	2.5	-1.5	2	2	2	2	2	2	2	3	5	8	12
19820366	wang yonghong	3.3	22.7	1.7	20.7	6	10	13	15	20	22	23	24	25	27	30
19820366	wang yuesi	3.1	18.3	3.7	19.3	4	5	8	12	16	20	21	28	32	35	36
19820366	wang yun	2.1	23.7	0.2	23.2	13	16	17	19	22	22	23	24	24	24	24
19820366	wang zhaohui	4.7	33.5	1.8	29.4	9	14	22	25	27	29	31	33	35	37	38
19820366	wang zifa	1.6	36.8	0.5	34.7	27	32	33	34	34	35	35	36	36	37	37
19820366	wang zuoren	0.2	3.4	1.0	2.2	2	3	3	3	3	3	4	4	4	6	8
19820366	wanhua zheng	0.7	8.5	0.2	11.2	5	6	6	7	8	10	11	12	12	12	12
19820366	wei yujie	2.8	17.6	0.0	20.0	4	6	9	12	15	18	20	20	20	20	20
19820366	weicai yang	0.5	17.3	1.1	20.1	15	15	16	16	17	17	21	23	23	24	26
19820366	weishen yang	0.2	2.8	0.2	2.6	2	2	2	2	3	3	3	3	3	3	4
19820366	weng yuxiang	1.8	17.2	0.3	15.5	9	10	10	14	16	16	16	16	16	17	17
19820366	wenjiao xiao	2.7	20.5	6.2	19.6	8	10	11	13	20	23	26	30	40	46	49
19820366	wenqing zhang	1.7	10.7	2.9	11.1	2	4	6	7	9	12	15	16	19	23	26
19820366	wenzhi zhao	2.0	19.8	0.3	18.7	9	13	14	15	18	18	19	19	20	20	20
19820366	wu xiaoguang	0.0	1.0	0.5	1.1	1	1	1	1	1	1	2	2	2	3	4
19820366	wu yirong	0.6	4.6	1.9	3.7	2	2	2	4	4	6	7	7	7	12	14
19820366	wu ziyu	0.0	0.0	0.5	-0.9	0	0	0	0	0	0	0	0	0	1	2
19820366	xiang yu	1.8	13.0	1.3	13.7	5	5	7	9	12	13	15	16	18	19	20
19820366	xiangping zhang	3.1	32.5	0.2	30.2	17	20	23	27	29	30	30	31	31	31	31
19820366	xianming xiao	2.4	18.2	0.9	17.7	6	8	12	14	15	18	19	19	20	22	22
19820366	xiao zhang	0.3	13.5	1.3	10.7	12	12	13	13	13	13	13	13	14	14	19
19820366	xiaoguang yang	0.7	4.3	1.7	0.9	0	2	3	3	3	3	3	4	5	9	9
19820366	xiaohong zhou	0.5	5.9	0.2	5.2	3	4	5	5	5	5	5	6	6	6	6
19820366	xiaolin xiong	1.9	19.5	0.4	19.4	10	12	13	17	17	18	19	21	21	21	21
19820366	xiaoniu yang	2.8	21.8	0.5	20.7	8	11	12	17	19	20	21	22	22	23	23
19820366	xiaoping yang	0.7	8.9	2.6	9.4	6	6	6	7	9	10	11	15	18	21	21
19820366	xiaowei zhan	0.4	12.6	2.3	22.9	11	11	11	11	13	20	24	28	31	33	33
19820366	xiaoye zhang	0.0	0.0	0.8	-1.6	0	0	0	0	0	0	0	0	0	0	4
19820366	xiaoyuan yan	2.0	32.2	0.2	30.2	22	24	27	28	30	30	30	31	31	31	31
19820366	xie xin	1.5	15.1	0.0	15.0	8	9	10	12	14	15	15	15	15	15	15
19820366	xie zhiyuan	4.0	47.0	0.3	42.7	26	31	37	39	42	43	43	43	44	44	44
19820366	xing zhizhong	0.0	0.0	0.0	0.0	0	0	0	0	0	0	0	0	0	0	0
19820366	xingang zhang	2.6	24.0	0.2	25.2	11	14	15	20	21	24	25	26	26	26	26
19820366	xingjiang zhou	0.0	4.0	0.6	3.4	4	4	4	4	4	4	4	4	6	6	6
19820366	xinyu zhang	0.0	1.0	0.9	1.9	1	1	1	1	1	2	3	4	4	5	7
19820366	xiong zhiqi	2.0	16.6	0.7	19.1	8	8	9	12	16	18	19	21	22	22	22
19820366	xu xudong	1.4	9.4	0.6	9.2	3	4	4	6	9	9	10	10	11	12	12
19820366	xu xuejun	1.2	14.2	0.0	13.0	7	10	12	12	12	12	13	13	13	13	13
19820366	xu zhiheng	0.9	7.3	1.4	10.2	3	4	4	5	7	11	12	13	14	15	18
19820366	xuechu zhen	1.0	8.6	0.4	18.8	4	5	5	5	9	15	19	20	20	20	21
19820366	xueming yang	0.0	0.0	0.0	1.0	0	0	0	0	0	0	1	1	1	1	1
19820366	xunhua zheng	2.1	13.7	3.5	16.3	3	6	7	9	12	17	19	22	30	31	32
19820366	xunlai yuan	1.8	13.0	1.6	17.2	5	6	6	8	13	14	19	20	22	24	25
19820366	yan yihua	1.0	9.2	1.3	9.5	5	5	5	7	9	10	11	12	13	15	16
19820366	yan yonghong	1.3	13.3	0.2	13.2	7	8	9	11	12	13	13	14	14	14	14
19820366	yang ye	2.9	21.3	1.0	23.6	8	9	12	14	20	23	24	26	27	28	28
19820366	yang zhenzhong	1.1	5.1	2.9	6.1	0	0	2	3	4	7	9	13	14	16	22
19820366	yangheng zheng	0.0	3.0	0.3	3.7	3	3	3	3	3	4	4	4	5	5	5
19820366	yao yijian	0.4	4.2	0.6	3.4	2	3	3	3	4	4	4	5	5	5	7
19820366	yao yonggang	0.4	2.6	0.0	4.0	1	1	1	1	3	3	4	4	4	4	4
19820366	yao zhujun	0.7	4.9	0.3	9.7	2	2	2	3	5	5	10	10	11	11	11
19820366	yapu zhao	0.2	3.4	3.6	6.6	2	3	3	3	3	6	8	16	18	22	23
19820366	yigang zhang	0.0	0.0	1.8	-2.6	0	0	0	0	0	0	0	0	3	4	7
19820366	yihua zhou	1.3	13.7	0.3	19.5	8	8	9	11	13	19	20	20	20	21	21
19820366	yin zhan	1.1	5.7	1.0	6.0	0	1	3	4	4	7	7	8	9	10	11
19820366	yongfeng zhou	0.0	0.0	0.0	0.0	0	0	0	0	0	0	0	0	0	0	0
19820366	yonggui zhou	0.0	5.0	0.0	6.0	5	5	5	5	5	6	6	6	6	6	6
19820366	yongqing zhang	0.0	1.0	1.0	-0.2	1	1	1	1	1	1	1	2	2	4	5
19820366	yongsheng zhao	2.1	16.7	1.8	22.0	5	9	12	12	14	17	23	26	28	30	30
19820366	yu zhiming	0.7	6.9	2.0	4.4	4	4	4	5	7	7	7	7	11	13	14
19820366	yu zhiqiang	3.0	21.0	0.2	23.2	6	9	12	15	18	23	23	24	24	24	24
19820366	yuan zengqiang	1.2	11.4	1.2	17.4	6	6	8	8	11	15	19	19	21	23	23
19820366	yunlin zhang	2.0	20.6	0.0	25.0	11	12	14	18	18	21	25	25	25	25	25
19820366	yushen zhang	0.0	0.0	0.0	0.0	0	0	0	0	0	0	0	0	0	0	0
19820366	zhang zhefeng	0.6	4.6	1.5	6.5	1	3	3	3	4	5	7	10	12	13	13
19820366	zhang zhitao	1.4	13.6	0.0	12.0	5	10	10	10	12	12	12	12	12	12	12
19820366	zhang zhongping	2.9	19.5	3.5	22.3	5	8	11	13	17	19	24	30	35	37	38
19820366	zhao zongbao	0.0	1.0	0.0	1.0	1	1	1	1	1	1	1	1	1	1	1
19820366	zhonghe zhou	0.5	4.3	4.5	6.3	2	2	3	3	4	7	10	16	20	25	28
19820366	丁克	0.0	0.0	0.0	0.0	0	0	0	0	0	0	0	0	0	0	0
19820366	丁奎岭	0.0	0.0	0.0	0.0	0	0	0	0	0	0	0	0	0	0	0
19820366	何国威	0.0	0.0	0.5	0.3	0	0	0	0	0	0	1	1	2	2	3
19820366	何圣贵	0.0	0.0	0.3	-0.5	0	0	0	0	0	0	0	0	0	1	1
19820366	何源	0.0	0.0	0.0	0.0	0	0	0	0	0	0	0	0	0	0	0
19820366	侯增广	0.0	0.0	0.0	0.0	0	0	0	0	0	0	0	0	0	0	0
19820366	傅声雷	0.0	0.0	0.2	-0.4	0	0	0	0	0	0	0	0	0	0	1
19820366	刘建胜	0.0	1.0	0.0	1.0	1	1	1	1	1	1	1	1	1	1	1
19820366	刘明	0.0	0.0	0.6	0.4	0	0	0	0	0	0	1	1	3	3	3
19820366	刘迎芳	0.0	0.0	0.0	0.0	0	0	0	0	0	0	0	0	0	0	0
19820366	刘青泉	0.3	2.5	0.0	2.0	1	1	2	2	2	2	2	2	2	2	2
19820366	卢灿忠	0.0	0.0	0.0	0.0	0	0	0	0	0	0	0	0	0	0	0
19820366	叶阳	0.0	0.0	0.0	0.0	0	0	0	0	0	0	0	0	0	0	0
19820366	周小红	0.0	0.0	0.0	0.0	0	0	0	0	0	0	0	0	0	0	0
19820366	周忠和	0.0	0.0	0.0	0.0	0	0	0	0	0	0	0	0	0	0	0
19820366	周琪	0.0	0.0	0.0	0.0	0	0	0	0	0	0	0	0	0	0	0
19820366	夏佳文	0.0	0.0	0.0	0.0	0	0	0	0	0	0	0	0	0	0	0
19820366	夏春谷	0.0	0.0	0.0	0.0	0	0	0	0	0	0	0	0	0	0	0
19820366	姬扬	0.0	0.0	0.0	0.0	0	0	0	0	0	0	0	0	0	0	0
19820366	孙兵	0.0	0.0	0.0	0.0	0	0	0	0	0	0	0	0	0	0	0
19820366	孙继荣	0.0	0.0	0.2	0.2	0	0	0	0	0	0	0	1	1	1	1
19820366	宋卫国	0.0	0.0	0.0	0.0	0	0	0	0	0	0	0	0	0	0	0
19820366	宋林生	0.0	0.0	0.0	0.0	0	0	0	0	0	0	0	0	0	0	0
19820366	宋金宝	0.0	0.0	0.0	0.0	0	0	0	0	0	0	0	0	0	0	0
19820366	宋金明	0.0	0.0	0.0	0.0	0	0	0	0	0	0	0	0	0	0	0
19820366	张文清	0.0	0.0	0.3	-0.5	0	0	0	0	0	0	0	0	0	1	1
19820366	张新宇	0.0	0.0	0.2	0.2	0	0	0	0	0	0	0	1	1	1	1
19820366	张玉虎	0.0	0.0	0.0	0.0	0	0	0	0	0	0	0	0	0	0	0
19820366	张运林	0.0	0.0	0.3	-0.3	0	0	0	0	0	0	0	0	1	1	1
19820366	徐军	0.0	0.0	0.6	-0.8	0	0	0	0	0	0	0	0	1	2	2
19820366	成昭华	0.0	0.0	0.0	0.0	0	0	0	0	0	0	0	0	0	0	0
19820366	戴兰宏	0.2	1.8	0.0	2.0	1	1	1	1	2	2	2	2	2	2	2
19820366	方海平	0.0	0.0	0.3	-0.3	0	0	0	0	0	0	0	0	1	1	1
19820366	曹军骥	0.0	0.0	0.3	-0.5	0	0	0	0	0	0	0	0	0	1	1
19820366	朱庆山	0.0	0.0	0.0	0.0	0	0	0	0	0	0	0	0	0	0	0
19820366	朱日祥	0.0	0.0	0.0	0.0	0	0	0	0	0	0	0	0	0	0	0
19820366	朱江	0.0	0.0	0.0	0.0	0	0	0	0	0	0	0	0	0	0	0
19820366	李佳	0.0	0.0	0.0	0.0	0	0	0	0	0	0	0	0	0	0	0
19820366	李建奇	0.0	0.0	0.0	0.0	0	0	0	0	0	0	0	0	0	0	0
19820366	李建平	0.0	1.0	0.0	1.0	1	1	1	1	1	1	1	1	1	1	1
19820366	李志远	0.0	0.0	0.2	-0.4	0	0	0	0	0	0	0	0	0	0	1
19820366	李献华	0.0	0.0	0.0	0.0	0	0	0	0	0	0	0	0	0	0	0
19820366	李玉同	0.0	0.0	0.2	0.2	0	0	0	0	0	0	0	1	1	1	1
19820366	林君	0.0	0.0	0.0	0.0	0	0	0	0	0	0	0	0	0	0	0
19820366	柳晓军	0.0	0.0	0.2	0.2	0	0	0	0	0	0	0	1	1	1	1
19820366	樊菁	0.0	0.0	0.0	0.0	0	0	0	0	0	0	0	0	0	0	0
19820366	汪筱林	0.0	0.0	0.2	-0.4	0	0	0	0	0	0	0	0	0	0	1
19820366	牛智川	0.0	0.0	0.2	-0.4	0	0	0	0	0	0	0	0	0	0	1
19820366	王志光	0.0	0.0	0.0	0.0	0	0	0	0	0	0	0	0	0	0	0
19820366	王慧	0.0	0.0	0.2	-0.4	0	0	0	0	0	0	0	0	0	0	1
19820366	王楠林	0.0	0.0	0.0	0.0	0	0	0	0	0	0	0	0	0	0	0
19820366	王秀杰	0.0	0.0	0.0	0.0	0	0	0	0	0	0	0	0	0	0	0
19820366	王赟	0.0	0.0	0.0	0.0	0	0	0	0	0	0	0	0	0	0	0
19820366	王鹏业	0.0	0.0	0.3	-0.5	0	0	0	0	0	0	0	0	0	1	1
19820366	秦伯强	0.0	0.0	0.0	0.0	0	0	0	0	0	0	0	0	0	0	0
19820366	罗先刚	0.0	0.0	0.0	0.0	0	0	0	0	0	0	0	0	0	0	0
19820366	肖立业	0.0	0.0	0.0	0.0	0	0	0	0	0	0	0	0	0	0	0
19820366	胡立宏	0.0	0.0	0.3	-0.3	0	0	0	0	0	0	0	0	1	1	1
19820366	谢平	0.0	0.0	0.2	0.2	0	0	0	0	0	0	0	1	1	1	1
19820366	赵亚溥	0.0	0.0	0.5	0.7	0	0	0	0	0	0	1	2	2	3	3
19820366	赵德刚	0.0	0.0	0.0	0.0	0	0	0	0	0	0	0	0	0	0	0
19820366	赵红卫	0.0	0.0	0.0	0.0	0	0	0	0	0	0	0	0	0	0	0
19820366	邓成龙	0.0	0.0	0.3	-0.5	0	0	0	0	0	0	0	0	0	1	1
19820366	郑婉华	0.0	1.0	0.0	2.0	1	1	1	1	1	1	2	2	2	2	2
19820366	郝郑平	0.0	0.0	0.0	0.0	0	0	0	0	0	0	0	0	0	0	0
19820366	金奎娟	0.0	0.0	0.3	-0.3	0	0	0	0	0	0	0	0	1	1	1
19820366	陆日宇	0.0	0.0	0.0	0.0	0	0	0	0	0	0	0	0	0	0	0
19820366	陈学元	0.0	0.0	0.0	0.0	0	0	0	0	0	0	0	0	0	0	0
19820366	陈少华	0.0	1.0	0.0	1.0	1	1	1	1	1	1	1	1	1	1	1
19820366	陈效双	0.0	0.0	0.3	-0.5	0	0	0	0	0	0	0	0	0	1	1
19820366	雒建林	0.0	0.0	0.2	0.2	0	0	0	0	0	0	0	1	1	1	1
19820366	顾长志	0.0	0.0	0.3	-0.3	0	0	0	0	0	0	0	0	1	1	1
19820366	饶光辉	0.0	0.0	0.0	0.0	0	0	0	0	0	0	0	0	0	0	0
19820366	高福	0.0	0.0	0.0	0.0	0	0	0	0	0	0	0	0	0	0	0
19820366	高鸿钧	0.0	0.0	0.0	0.0	0	0	0	0	0	0	0	0	0	0	0
19820366	魏志义	0.0	0.0	0.0	0.0	0	0	0	0	0	0	0	0	0	0	0
19820366	齐涛	0.0	0.0	0.3	-0.3	0	0	0	0	0	0	0	0	1	1	1
20231570	anyuan cao	6.5	37.1	0.5	38.9	7	7	18	26	30	37	39	40	41	41	41
20231570	baoguo jiang	1.0	4.2	1.3	5.5	0	0	0	2	4	6	6	8	11	11	11
20231570	bin chen	2.5	46.5	0.0	43.0	32	37	42	42	42	43	43	43	43	43	43
20231570	bin liu	1.1	12.3	0.5	10.9	7	8	8	11	11	11	11	12	13	13	13
20231570	cai shaoqing	1.8	11.8	1.1	17.5	4	4	5	8	11	16	17	21	22	22	22
20231570	canfei he	1.0	13.6	0.2	14.2	8	10	11	12	12	14	14	15	15	15	15
20231570	changhui zhou	1.1	7.1	0.0	6.0	2	2	4	5	6	6	6	6	6	6	6
20231570	chen dayue	0.0	3.0	0.3	2.5	3	3	3	3	3	3	3	3	3	4	4
20231570	chen ke	0.9	8.1	0.0	7.0	3	5	6	6	7	7	7	7	7	7	7
20231570	chen min	1.6	25.2	0.0	24.0	17	19	20	23	23	24	24	24	24	24	24
20231570	chen peng	0.0	3.0	0.3	2.7	3	3	3	3	3	3	3	3	4	4	4
20231570	chen yuyu	1.7	13.5	0.2	13.2	5	7	8	10	12	12	13	14	14	14	14
20231570	chunjing wei	1.4	11.6	3.4	8.2	5	6	7	8	11	11	12	15	17	23	25
20231570	chunsheng zhou	1.5	9.7	0.0	10.0	3	3	4	8	8	8	10	10	10	10	10
20231570	dai lun	2.7	22.7	0.2	26.2	9	12	15	17	20	25	26	27	27	27	27
20231570	dai zhifei	0.5	2.9	1.5	16.9	0	1	2	2	2	8	16	22	23	23	23
20231570	dechun zou	0.0	0.0	2.4	-3.2	0	0	0	0	0	0	0	1	3	7	9
20231570	fan wang	2.4	22.0	0.5	19.7	11	11	14	19	19	20	20	21	21	22	22
20231570	fang jing	0.3	5.3	0.6	5.2	4	4	4	5	5	5	6	6	7	8	8
20231570	fuliu xu	2.8	28.4	0.2	24.6	14	17	21	23	25	25	25	25	25	25	26
20231570	furong xu	0.6	4.8	0.6	5.2	2	2	3	4	4	5	6	6	7	8	8
20231570	gan shaobo	1.2	10.8	0.0	10.0	5	6	7	8	10	10	10	10	10	10	10
20231570	gu ying	0.9	12.1	0.0	11.0	8	8	9	11	11	11	11	11	11	11	11
20231570	guo hong	1.2	16.8	0.2	18.2	11	12	13	14	16	18	18	19	19	19	19
20231570	guo xuefeng	4.3	26.9	0.3	31.5	7	8	14	17	24	28	32	32	32	33	33
20231570	guoping wang	0.2	7.4	1.2	6.4	6	7	7	7	7	7	7	9	11	11	12
20231570	hanqing zheng	0.0	4.0	0.3	3.7	4	4	4	4	4	4	4	4	5	5	5
20231570	hansheng wang	0.0	19.0	0.0	19.0	19	19	19	19	19	19	19	19	19	19	19
20231570	he jinsheng	1.4	11.4	0.9	10.9	5	6	6	8	11	11	12	12	14	15	15
20231570	hongyan liu	0.8	17.6	0.0	20.0	14	14	15	16	17	20	20	20	20	20	20
20231570	hu yongyun	1.5	11.9	1.6	12.0	4	6	8	9	10	10	13	15	18	19	19
20231570	huang jianbin	2.5	17.1	2.4	13.4	6	6	9	11	16	16	17	17	20	23	26
20231570	huang ruji	0.0	2.0	0.0	2.0	2	2	2	2	2	2	2	2	2	2	2
20231570	huazhong tang	1.6	15.0	0.8	12.4	6	10	10	12	13	13	13	14	15	16	16
20231570	jianjun tao	0.2	3.8	0.2	4.2	3	3	3	3	4	4	4	5	5	5	5
20231570	jianzhong xi	1.4	9.0	0.8	7.4	2	4	4	6	8	8	8	9	10	11	11
20231570	jie shi	3.4	24.2	0.0	23.0	7	9	17	17	20	22	23	23	23	23	23
20231570	jinren ni	0.0	0.0	0.6	-1.2	0	0	0	0	0	0	0	0	0	0	3
20231570	kaixin liu	0.0	0.0	0.6	-0.8	0	0	0	0	0	0	0	0	1	2	2
20231570	kong wei	2.0	9.6	0.6	14.4	0	1	4	5	8	13	15	15	17	17	17
20231570	li tiejun	1.4	9.2	1.6	8.6	3	3	4	7	8	8	10	11	15	15	16
20231570	li weigu	1.9	13.7	0.3	10.5	4	5	10	10	11	11	11	11	11	12	12
20231570	li yi	0.7	3.9	1.0	3.0	1	1	1	2	4	4	4	5	6	7	8
20231570	li zichen	2.3	31.9	0.0	33.0	20	23	25	28	29	29	33	33	33	33	33
20231570	limei xu	1.2	8.8	0.0	10.0	3	4	5	6	8	9	10	10	10	10	10
20231570	limin qi	1.5	16.7	4.0	23.2	10	11	11	12	17	22	26	32	37	38	43
20231570	lingdong sun	2.1	63.7	0.0	64.0	51	58	58	59	61	62	64	64	64	64	64
20231570	liping wei	2.6	22.6	1.0	19.4	7	14	17	18	18	18	20	22	22	24	24
20231570	liu peidong	0.3	2.5	0.4	2.8	1	1	2	2	2	3	3	4	4	4	5
20231570	liu yuxin	0.6	6.8	0.5	6.7	4	4	5	6	6	6	7	8	8	9	9
20231570	meng zhiyong	0.6	8.8	0.0	8.0	6	6	7	8	8	8	8	8	8	8	8
20231570	min shao	7.1	44.5	0.8	43.2	10	15	22	32	37	41	43	46	46	46	47
20231570	minghui zhao	3.0	16.6	2.4	20.6	2	5	6	11	14	20	22	26	29	30	32
20231570	pengfei tu	2.3	12.3	2.0	18.4	1	3	5	8	10	17	20	23	24	27	28
20231570	renxin xu	0.4	4.6	0.0	6.0	3	3	3	3	5	5	6	6	6	6	6
20231570	she zhensu	0.2	9.8	0.6	11.0	9	9	9	9	10	10	11	13	13	13	14
20231570	shuguang song	2.7	17.3	1.0	24.6	4	6	10	11	15	17	25	27	28	29	29
20231570	sodmergen	0.9	7.3	1.1	4.9	3	3	5	6	6	6	6	7	8	10	10
20231570	wu yundong	0.9	30.9	0.5	32.7	27	27	28	28	31	32	33	34	34	35	35
20231570	xing zhang	2.6	21.6	2.0	19.2	9	11	13	17	19	21	22	23	24	27	30
20231570	xueqing yan	0.6	6.0	0.2	5.2	3	3	5	5	5	5	5	6	6	6	6
20231570	yang yong	0.5	15.3	0.0	17.0	13	13	14	14	15	17	17	17	17	17	17
20231570	yawen zhang	4.4	40.4	0.7	43.1	20	21	26	33	36	42	43	45	46	46	46
20231570	yufeng zheng	0.2	1.8	0.0	2.0	1	1	1	1	2	2	2	2	2	2	2
20231570	zhang zhixue	1.1	6.1	1.0	7.2	1	1	3	4	5	6	8	9	11	11	12
20231570	古英	0.0	1.0	0.0	1.0	1	1	1	1	1	1	1	1	1	1	1
20231570	朱卫国	0.0	0.0	0.0	0.0	0	0	0	0	0	0	0	0	0	0	0
20231570	许甫荣	0.0	0.0	0.0	0.0	0	0	0	0	0	0	0	0	0	0	0
20231570	郑汉青	0.0	0.0	0.3	-0.3	0	0	0	0	0	0	0	0	1	1	1
21193070	feng teng	1.0	19.6	1.0	18.6	14	16	17	18	18	18	19	21	22	23	23
21193070	li pei	0.9	9.1	0.3	8.7	4	6	7	7	8	9	9	9	10	10	10
21193070	wang yongsheng	1.9	14.5	2.0	14.0	6	6	8	11	13	13	14	20	21	22	23
21945476	hexing li	3.3	39.1	2.3	41.5	23	26	29	31	37	41	44	45	49	52	52
21945476	yang zhongnan	1.1	6.7	2.7	6.5	1	3	3	4	6	8	9	12	15	17	20
21945476	李和兴	0.0	0.0	0.0	0.0	0	0	0	0	0	0	0	0	0	0	0
24185976	changsheng zhao	4.2	32.0	0.6	38.6	12	15	18	23	29	33	38	41	41	41	41
24185976	chen yingchun	5.7	40.3	0.2	40.2	11	18	24	29	34	38	40	41	41	41	41
24185976	fuqiang wen	0.0	0.0	2.9	-2.5	0	0	0	0	0	0	1	3	6	8	13
24185976	hong tan	2.1	30.7	0.0	28.0	20	22	25	27	28	28	28	28	28	28	28
24185976	jingsong you	3.3	29.3	4.1	29.5	14	14	20	23	26	29	33	36	45	47	48
24185976	liangang peng	0.3	5.5	0.0	5.0	4	4	5	5	5	5	5	5	5	5	5
24185976	qiao zhou	0.0	0.0	1.7	-1.9	0	0	0	0	0	0	0	2	2	5	7
24185976	qingyuan wang	0.3	6.5	1.8	3.8	5	5	6	6	6	6	6	7	9	11	13
24185976	weinian zhang	1.7	18.3	0.0	18.0	9	12	14	15	16	18	18	18	18	18	18
24943067	baorong lu	0.8	7.6	3.3	8.9	4	4	5	6	7	8	11	16	20	23	24
24943067	changchun wang	2.6	18.4	3.3	24.1	6	7	11	13	16	25	28	30	33	39	40
24943067	chen daofeng	2.8	20.8	0.2	20.2	5	11	14	15	17	19	20	21	21	21	21
24943067	chen daoyong	3.8	30.8	0.0	29.0	11	15	22	23	26	27	29	29	29	29	29
24943067	chen jiang	4.0	30.6	0.0	28.0	10	15	20	21	27	28	28	28	28	28	28
24943067	chen zhanghai	2.7	16.7	0.3	14.7	2	7	9	12	13	13	15	15	16	16	16
24943067	chunhui deng	0.9	51.7	0.0	50.0	46	49	50	50	50	50	50	50	50	50	50
24943067	dalin sun	1.7	15.1	1.8	17.6	6	9	10	12	13	17	19	22	23	24	27
24943067	dean ta	1.7	15.7	0.0	14.0	7	9	11	12	14	14	14	14	14	14	14
24943067	feng qiu	0.9	12.9	1.9	16.3	9	9	10	10	13	16	18	21	21	24	26
24943067	huang lihua	1.0	7.8	0.5	8.9	3	4	4	6	7	9	9	10	11	11	11
24943067	huang zhili	0.9	6.5	1.4	6.8	2	2	5	5	5	6	8	10	11	12	14
24943067	jiang zuimin	0.9	13.1	0.2	14.2	9	9	10	12	12	13	14	15	15	15	15
24943067	jilie kong	2.1	23.7	1.8	29.8	14	15	16	20	22	24	31	34	35	38	38
24943067	jin qingyuan	0.0	0.0	0.3	-0.5	0	0	0	0	0	0	0	0	0	1	1
24943067	li xiang	2.0	27.6	0.0	26.0	18	19	22	23	26	26	26	26	26	26	26
24943067	liejia qian	1.0	11.6	0.3	12.5	6	8	9	10	10	11	13	13	13	14	14
24943067	liu tianxi	3.1	38.3	2.1	43.7	24	25	28	32	36	41	44	49	52	52	53
24943067	peiyi wu	1.8	10.2	2.9	8.3	2	3	4	5	10	11	13	13	15	20	24
24943067	shiming zhou	0.0	0.0	0.5	-0.7	0	0	0	0	0	0	0	0	1	1	2
24943067	tang yi	2.9	18.7	3.7	19.7	6	6	9	11	18	23	24	26	31	35	38
24943067	tao yi	7.1	52.9	1.1	42.1	14	25	37	40	42	43	43	44	46	47	47
24943067	wendong xu	1.5	9.5	0.0	8.0	1	4	6	7	7	8	8	8	8	8	8
24943067	wu yizheng	0.0	0.0	0.8	-0.6	0	0	0	0	0	0	0	1	2	3	3
24943067	wu yuping	4.2	38.0	0.0	41.0	19	21	23	27	37	40	41	41	41	41	41
24943067	wu zhiying	0.3	2.3	0.9	9.3	1	1	1	2	2	7	9	12	13	13	13
24943067	xia yongyao	8.2	48.8	3.6	43.2	9	14	24	34	40	44	47	50	54	58	61
24943067	yanlei yu	3.7	27.5	0.3	27.5	10	12	15	21	24	27	28	28	28	29	29
24943067	yuan zhenghong	1.2	5.8	2.0	12.0	1	1	1	1	7	10	13	17	18	21	21
24943067	唐颐	0.0	0.0	0.0	0.0	0	0	0	0	0	0	0	0	0	0	0
24943067	蒋最敏	0.0	0.0	0.2	-0.4	0	0	0	0	0	0	0	0	0	0	1
24943067	陆豪杰	0.0	0.0	0.0	0.0	0	0	0	0	0	0	0	0	0	0	0
25254941	baoyuan liu	0.0	0.0	0.3	-0.5	0	0	0	0	0	0	0	0	0	1	1
25254941	cheng ying	0.4	6.8	1.1	6.9	4	6	6	6	6	7	8	9	10	12	12
25254941	feng shiping	0.5	5.9	0.6	6.0	3	4	5	5	5	6	6	8	8	8	9
25254941	fengshou zhang	0.5	9.7	0.0	11.0	7	8	8	9	9	10	11	11	11	11	11
25254941	li xiaoyan	2.6	15.4	0.8	14.6	2	5	8	11	12	13	15	16	18	18	18
25254941	liu yajun	2.1	19.1	0.2	17.2	8	12	12	15	17	17	17	18	18	18	18
25254941	xia xinghui	4.1	27.7	0.0	26.0	8	10	15	21	23	25	26	26	26	26	26
25254941	xiangdong zhang	3.7	20.9	0.2	17.2	2	5	12	14	16	17	17	18	18	18	18
25757504	fubao zhou	0.5	6.1	0.7	9.1	4	4	4	5	6	8	9	11	12	12	12
25757504	jiachen wang	0.0	3.0	0.3	3.5	3	3	3	3	3	3	4	4	4	5	5
25757504	jianyong qiao	0.2	2.8	0.3	2.5	2	2	2	2	3	3	3	3	3	4	4
25757504	yuemin zhao	0.0	0.0	1.4	0.0	0	0	0	0	0	0	1	3	5	5	7
25757504	缪协兴	0.0	0.0	0.0	0.0	0	0	0	0	0	0	0	0	0	0	0
25757504	赵跃民	0.0	0.0	0.0	0.0	0	0	0	0	0	0	0	0	0	0	0
27357992	jianfeng zhang	0.8	5.8	0.0	7.0	2	2	4	4	5	7	7	7	7	7	7
27357992	kang zhan	2.8	26.2	0.0	24.0	12	15	18	21	23	24	24	24	24	24	24
27357992	keqiu li	1.5	12.1	0.7	15.1	5	6	7	9	11	14	15	17	18	18	18
27357992	qing yang	0.6	19.0	0.0	18.0	16	16	18	18	18	18	18	18	18	18	18
27357992	qinghua zhu	3.4	20.6	3.4	21.4	4	6	10	16	16	20	23	28	35	36	36
27357992	xu yongping	0.0	0.0	0.0	0.0	0	0	0	0	0	0	0	0	0	0	0
28813325	renbiao wu	0.6	5.6	1.8	6.4	3	3	3	5	5	7	8	10	12	14	15
31595395	chengshan wang	0.0	0.0	1.3	-2.5	0	0	0	0	0	0	0	0	0	1	6
31595395	huang runqiu	0.0	0.0	0.3	-0.5	0	0	0	0	0	0	0	0	0	1	1
31595395	tuo xianguo	0.3	3.3	0.0	5.0	2	2	2	3	3	4	5	5	5	5	5
31595395	庹先国	0.0	0.0	0.0	0.0	0	0	0	0	0	0	0	0	0	0	0
31595395	黄润秋	0.0	0.0	0.0	0.0	0	0	0	0	0	0	0	0	0	0	0
36399199	che wenquan	1.9	17.1	0.2	20.2	8	10	10	13	16	18	20	21	21	21	21
36399199	jian yang	1.2	23.8	1.4	30.8	18	19	20	21	23	29	32	33	36	37	37
36399199	yonghao zhao	0.5	4.3	0.6	5.2	2	2	3	3	4	5	6	6	7	8	8
37461747	bian zhuan	3.5	18.1	1.0	23.6	1	5	5	12	15	22	24	26	27	28	28
37461747	chen hua	0.3	3.3	1.3	1.7	2	2	2	3	3	3	4	4	4	7	9
37461747	chuluo yang	4.9	36.1	1.0	39.2	12	16	22	25	32	36	40	41	43	43	44
37461747	daiwen pang	1.0	11.0	4.6	5.2	6	7	8	9	10	11	11	14	17	24	29
37461747	deyin guo	2.3	13.9	0.4	17.4	2	6	6	9	12	17	17	19	19	19	19
37461747	dianqing li	1.3	7.9	1.7	13.1	2	2	4	5	7	10	15	16	18	21	21
37461747	dihua wang	0.7	23.5	0.2	26.2	20	21	21	22	23	25	26	27	27	27	27
37461747	feng yuqi	4.0	30.2	2.4	32.2	12	13	16	23	27	32	35	37	39	41	45
37461747	guoping wang	0.5	4.7	0.9	2.7	2	3	3	4	4	4	4	4	5	7	7
37461747	huang shuangquan	1.2	11.8	0.8	11.6	6	7	8	9	11	11	13	13	13	15	16
37461747	huijiang zhao	3.4	17.4	1.3	11.7	0	2	10	12	12	13	13	14	16	17	18
37461747	li zhen	5.6	54.0	0.5	49.9	27	31	36	43	49	50	50	51	52	52	52
37461747	liu yi	3.2	44.4	0.2	42.2	28	31	36	39	40	41	42	43	43	43	43
37461747	lu xin	0.5	3.1	1.9	2.5	1	1	1	2	3	4	5	6	8	9	13
37461747	mengxiang sun	0.8	3.4	1.8	2.2	0	0	0	2	3	4	5	5	7	9	12
37461747	shaodong zhang	1.6	10.0	0.7	10.3	2	4	5	6	9	10	11	12	12	13	14
37461747	xiaolian zhang	2.8	24.8	0.3	22.7	12	13	15	19	23	23	23	23	24	24	24
37461747	刘义	0.0	1.0	0.0	1.0	1	1	1	1	1	1	1	1	1	1	1
37574244	li shigui	0.6	5.0	1.1	3.5	2	2	4	4	4	4	5	5	7	8	9
37796252	baocai yin	1.0	10.2	0.9	9.7	5	6	8	8	9	10	10	12	13	13	14
37796252	song xiaoyan	0.5	20.3	0.0	20.0	18	18	19	19	20	20	20	20	20	20	20
39333907	fucheng zhang	0.0	3.0	0.2	3.2	3	3	3	3	3	3	3	4	4	4	4
39333907	li xiaoli	2.3	17.3	0.3	20.7	6	8	10	13	15	20	21	21	22	22	22
39333907	liu zhongyuan	3.2	17.8	1.1	17.1	1	5	9	13	13	15	18	20	20	21	23
40963666	changjiang zhu	1.6	11.6	1.3	12.5	3	6	7	8	10	13	14	15	16	18	19
40963666	guangfu yang	4.5	29.9	0.3	26.7	8	9	19	22	24	25	27	27	28	28	28
40963666	peng shuangjie	1.4	12.2	0.4	12.8	5	7	8	9	11	13	13	14	14	14	15
40963666	yadong yang	1.1	8.7	0.5	6.7	3	4	6	7	7	7	7	8	8	9	9
47720641	ding ma	0.0	1.0	2.5	-2.5	1	1	1	1	1	1	1	3	3	6	12
47720641	he li	0.0	0.0	0.6	-0.8	0	0	0	0	0	0	0	0	1	2	2
47720641	huaichun zhou	1.1	15.3	0.0	17.0	10	10	13	13	14	15	17	17	17	17	17
47720641	huang shiang	0.0	0.0	1.3	-0.9	0	0	0	0	0	0	1	1	3	4	6
47720641	huanzhong shi	0.0	0.0	2.3	2.7	0	0	0	0	0	0	4	7	12	12	13
47720641	jianfeng zhou	3.4	27.6	0.5	25.3	10	14	18	22	23	24	26	26	27	27	28
47720641	jiang tao	2.8	26.0	0.3	25.7	11	15	19	21	22	24	26	26	27	27	27
47720641	jun wu	2.2	18.6	0.2	18.2	7	10	13	14	16	18	18	19	19	19	19
47720641	liangcheng tu	0.8	9.4	0.0	9.0	5	7	7	7	9	9	9	9	9	9	9
47720641	liu zheng	2.0	16.8	0.3	16.7	6	10	11	12	15	16	17	17	18	18	18
47720641	luo xiaoping	0.0	0.0	1.4	-0.8	0	0	0	0	0	0	0	3	3	5	6
47720641	qingguo xie	1.0	10.8	0.0	12.0	6	7	7	9	10	12	12	12	12	12	12
47720641	xiao yi	0.8	8.2	0.9	6.9	4	5	6	7	7	8	8	9	9	10	12
47720641	xiaolin xie	2.7	17.7	1.6	18.0	3	9	9	12	15	16	19	22	23	24	26
47720641	xinliang zhang	3.6	30.0	0.2	26.2	10	17	21	23	25	26	26	27	27	27	27
47720641	张新亮	0.0	1.0	0.0	1.0	1	1	1	1	1	1	1	1	1	1	1
50760025	lu renquan	1.3	15.5	0.0	22.0	9	11	11	12	15	20	22	22	22	22	22
51622183	hongjie luo	0.0	0.0	0.3	-0.3	0	0	0	0	0	0	0	0	1	1	1
52158045	cai wanzhi	1.0	6.0	1.4	3.8	1	2	3	4	5	5	6	6	7	10	11
52158045	cui sheng	0.5	3.3	0.0	3.0	1	1	2	2	3	3	3	3	3	3	3
52158045	dawei li	0.9	6.1	1.2	5.2	1	3	4	4	5	7	7	8	8	8	13
52158045	ding yang	0.0	2.0	1.5	0.9	2	2	2	2	2	2	3	3	5	8	8
52158045	dongtao ren	0.2	1.8	0.0	2.0	1	1	1	1	2	2	2	2	2	2	2
52158045	hanchun yang	2.0	10.6	1.3	16.9	1	3	4	5	10	14	18	20	20	23	23
52158045	jianbo shen	1.6	14.4	1.7	15.9	7	8	8	12	13	14	17	20	21	23	24
52158045	jinsheng lai	1.8	9.4	0.9	15.3	2	2	2	4	10	13	15	18	19	19	19
52158045	liu qingchang	0.0	0.0	1.2	-0.8	0	0	0	0	0	0	0	2	3	4	5
52158045	liu xuejun	2.1	28.9	0.0	27.0	18	20	24	25	26	26	27	27	27	27	27
52158045	liu zhiyong	1.0	6.8	0.8	8.0	2	3	3	5	6	8	9	9	11	11	12
52158045	meijia zhang	0.9	6.9	0.0	6.0	3	3	3	6	6	6	6	6	6	6	6
52158045	ni zhongfu	2.8	24.2	1.2	23.4	10	13	16	19	21	23	24	26	28	28	29
52158045	ning yang	0.0	0.0	3.0	-4.0	0	0	0	0	0	0	0	1	4	9	11
52158045	qiao shiyan	1.3	9.1	2.4	8.6	3	4	4	7	8	10	11	13	16	19	20
52158045	yaofeng zhao	0.0	1.0	0.8	0.2	1	1	1	1	1	1	1	2	2	4	4
55712492	chen shengyong	2.5	18.5	0.4	23.4	8	8	8	13	18	21	23	25	25	25	25
58200834	che xiaoyan	2.7	16.7	1.5	13.5	3	6	9	11	14	14	14	17	19	20	20
58200834	jing nie	0.8	5.2	0.0	15.0	2	2	2	2	6	11	15	15	15	15	15
58200834	xiangmin xu	0.3	3.5	1.4	3.8	2	2	3	3	3	4	5	7	8	9	11
58200834	xinhong zhu	2.0	11.0	0.0	11.0	1	2	6	8	8	10	11	11	11	11	11
59028903	dehai luo	0.0	0.0	0.7	1.1	0	0	0	0	0	0	1	3	4	4	4
59028903	geng meiyu	2.2	11.0	0.3	8.5	0	2	4	8	8	9	9	9	9	10	10
59028903	li sanzhong	4.0	43.4	0.3	42.5	24	27	31	35	40	43	43	43	43	44	44
59028903	liu sumei	2.3	19.7	1.4	20.0	8	11	12	16	17	18	20	24	25	26	26
59028903	wang zhenyu	3.9	21.5	0.7	22.1	2	6	10	13	18	21	22	24	25	25	25
61057504	taiyun wei	2.7	21.7	0.0	20.0	8	12	12	17	19	20	20	20	20	20	20
65081225	hailong li	1.5	12.9	0.5	15.7	6	6	8	11	11	14	16	17	17	18	18
65081225	jianwei li	2.1	19.9	0.4	23.4	10	11	13	16	18	19	23	25	25	25	25
65081225	jinnan tong	1.7	10.7	2.9	6.5	3	3	5	8	9	10	10	12	14	19	21
65081225	junfeng zhang	1.6	13.0	0.0	13.0	6	6	7	10	12	13	13	13	13	13	13
65081225	liu yongsheng	6.0	39.8	0.5	38.9	11	14	22	28	34	36	39	40	41	41	41
65081225	shi xiaoying	0.0	0.0	0.2	0.2	0	0	0	0	0	0	0	1	1	1	1
65081225	wang yanxin	1.3	7.5	4.3	5.5	1	2	4	5	6	8	10	14	19	21	28
65081225	zhang zhaochong	1.9	12.5	1.7	17.9	4	4	7	7	12	17	20	20	24	25	26
66867065	chungang duan	1.8	14.2	0.9	14.1	5	7	9	11	12	13	14	17	17	18	18
66867065	hebing rui	1.2	10.2	0.0	10.0	4	6	6	8	9	10	10	10	10	10	10
66867065	jian wu	1.0	17.8	0.0	17.0	13	14	14	16	17	17	17	17	17	17	17
66867065	junliang zhang	4.0	37.8	0.2	36.2	16	22	29	30	32	34	36	37	37	37	37
66867065	ruiliang zhu	0.7	4.7	1.8	4.4	1	2	3	3	4	5	6	8	10	12	13
66867065	tang zheng	1.0	6.2	0.0	5.0	1	2	4	4	5	5	5	5	5	5	5
75390827	biaohua chen	2.5	14.3	1.3	10.9	1	4	9	9	11	12	13	13	14	16	18
75390827	feng wang	1.3	8.5	0.7	14.1	3	3	3	6	8	14	14	16	17	17	17
75390827	min wei	5.2	42.4	1.6	43.2	17	22	25	32	38	40	43	48	49	50	50
75390827	sun xiaoming	0.8	4.2	4.4	14.0	1	1	1	1	5	14	18	22	28	34	34
75390827	xiaoping zheng	2.5	11.9	0.0	11.0	1	1	3	6	11	11	11	11	11	11	11
75390827	yu zhongzhen	3.4	18.4	1.6	33.0	3	4	6	12	16	25	34	37	38	39	41
76130692	baoliang chen	1.5	25.5	0.0	30.0	17	20	22	23	23	27	30	30	30	30	30
76130692	bo feng	3.1	21.7	0.8	20.4	6	9	14	14	19	21	21	22	23	24	24
76130692	chao gao	7.9	42.3	1.6	39.4	1	10	22	29	31	36	39	44	46	46	46
76130692	chen hongzheng	0.6	10.8	3.1	9.9	8	8	9	10	10	10	13	15	20	24	24
76130692	chen renpeng	2.3	15.3	0.0	14.0	3	6	10	11	12	12	14	14	14	14	14
76130692	fang qun	2.4	17.8	1.2	16.4	5	8	12	14	14	16	17	19	21	21	22
76130692	feihe huang	4.2	32.6	4.6	44.0	11	16	21	24	28	36	47	54	59	64	65
76130692	fucheng lin	1.5	7.7	0.3	10.5	1	2	2	3	8	8	11	11	11	12	12
76130692	gongyin ye	2.1	19.9	0.2	18.2	9	12	13	17	17	18	18	19	19	19	19
76130692	he xiaofei	3.8	27.8	0.8	32.8	8	14	16	20	24	29	32	36	36	36	36
76130692	honghe zhang	0.7	6.5	0.2	10.2	3	4	4	5	6	8	10	11	11	11	11
76130692	huang jun	1.4	12.2	0.0	14.0	6	6	7	10	11	13	14	14	14	14	14
76130692	jianxin liu	1.2	6.6	2.9	3.5	1	1	3	5	5	5	6	9	13	16	17
76130692	jin yongfeng	2.0	15.8	0.0	17.0	5	8	11	12	13	16	17	17	17	17	17
76130692	junhu zhou	1.2	6.8	3.9	2.7	1	2	3	4	6	6	6	10	16	19	21
76130692	lin qiang	1.0	22.0	0.0	21.0	17	18	19	20	21	21	21	21	21	21	21
76130692	liu weiping	1.1	11.3	1.7	10.3	6	6	9	9	10	11	12	13	16	18	18
76130692	lixin zhang	0.6	15.8	0.2	15.2	13	13	14	15	15	15	15	16	16	16	16
76130692	luo yaozhi	1.8	10.4	0.0	10.0	1	3	6	7	8	9	10	10	10	10	10
76130692	luo yingwu	2.6	27.6	0.2	28.2	14	18	20	22	25	26	28	29	29	29	29
76130692	min qiu	1.5	19.7	0.0	21.0	13	13	15	16	19	21	21	21	21	21	21
76130692	pan yuanjiang	3.3	33.1	0.0	31.0	17	19	23	28	29	31	31	31	31	31	31
76130692	ping wang	1.8	16.2	1.0	22.8	8	9	9	13	15	21	23	25	27	27	27
76130692	qu shaoxing	2.4	18.4	0.0	17.0	7	8	11	14	16	17	17	17	17	17	17
76130692	shen zhicheng	0.0	0.0	1.6	-1.8	0	0	0	0	0	0	0	1	3	5	6
76130692	su zeng	0.8	4.6	2.8	4.0	1	1	2	3	4	6	7	9	13	15	18
76130692	tianhua zhou	1.5	11.5	0.5	14.7	4	6	7	7	11	13	15	16	16	17	17
76130692	wang xiaoguang	0.7	14.5	0.2	19.2	11	12	12	13	14	17	19	20	20	20	20
76130692	wang yizhen	1.2	9.4	1.3	11.5	3	5	6	7	8	10	12	14	17	17	17
76130692	weijun yang	0.0	0.0	3.0	-3.8	0	0	0	0	0	0	0	2	4	8	12
76130692	wu zhaohui	4.2	20.0	1.4	21.2	1	3	4	11	18	20	22	25	25	27	28
76130692	xu yiming	1.2	10.4	1.1	14.9	5	6	6	6	11	14	16	17	18	20	20
76130692	xu zhikang	6.9	37.9	1.1	40.9	6	8	15	25	32	37	42	43	44	46	46
76130692	xudong ye	1.3	12.7	0.3	12.7	6	8	8	11	11	13	13	13	14	14	14
76130692	陈红征	0.0	0.0	0.0	0.0	0	0	0	0	0	0	0	0	0	0	0
76214153	an lizhe	2.4	15.0	2.2	21.4	4	5	7	9	14	22	24	25	28	31	32
76214153	baotian pan	1.5	16.1	0.5	16.9	9	10	11	13	15	16	17	18	19	19	19
76214153	desheng xue	1.8	22.2	1.4	22.8	13	16	16	18	21	22	24	26	27	28	30
76214153	she xuegong	1.5	19.5	0.2	20.2	11	14	16	17	17	20	20	21	21	21	21
76214153	yan zhao	3.8	20.0	0.2	20.2	2	4	8	12	17	18	20	21	21	21	21
76569877	aiguo song	2.2	24.2	0.0	23.0	13	15	18	21	21	22	23	23	23	23	23
76569877	baowen xu	2.6	13.6	0.9	15.9	1	3	5	9	11	12	17	17	19	20	20
76569877	changyin sun	1.5	13.9	0.8	18.2	7	8	8	11	13	15	18	21	21	21	22
76569877	chunxiang xu	0.7	10.1	1.7	8.1	7	7	8	8	10	10	11	11	12	14	18
76569877	jihong ye	0.7	4.3	0.0	6.0	0	2	3	3	3	5	6	6	6	6	6
76569877	litao sun	4.5	33.3	0.0	31.0	12	15	17	26	29	31	31	31	31	31	31
76569877	zhang zhijun	1.0	6.4	3.1	17.1	2	2	3	4	6	13	20	22	28	31	31
80947539	wang xinchen	5.5	47.7	0.8	60.8	22	26	27	37	44	54	60	64	64	64	64
82880672	duan haibin	2.4	25.0	0.0	26.0	12	17	18	19	23	26	26	26	26	26	26
82880672	huai jinpeng	0.7	3.1	1.8	9.4	0	0	1	1	3	8	11	13	15	17	18
82880672	lijun yang	1.6	11.8	0.0	9.0	3	5	9	9	9	9	9	9	9	9	9
82880672	qingyun wang	1.6	15.6	0.2	17.2	8	9	10	13	14	16	17	18	18	18	18
83519826	aihua zhang	1.9	11.5	0.4	14.4	3	4	4	7	11	13	14	16	16	16	16
83519826	gang hu	2.9	15.7	2.1	20.5	2	4	6	9	14	19	21	26	28	29	30
83519826	jiahao sha	1.0	5.2	2.6	7.4	1	1	1	3	5	9	11	12	14	18	21
87445476	bai bofeng	2.2	16.6	0.0	15.0	5	8	11	12	14	14	15	15	15	15	15
87445476	changjiu li	4.8	32.0	0.3	36.7	8	13	18	21	28	32	37	37	38	38	38
87445476	changqing chen	0.2	2.8	0.2	2.6	2	2	2	2	3	3	3	3	3	3	4
87445476	chen xuefeng	1.9	20.9	1.2	23.8	10	15	16	16	19	20	24	27	28	29	29
87445476	gangfeng wang	1.3	20.9	0.0	19.0	14	16	17	19	19	19	19	19	19	19	19
87445476	guang xi	0.2	3.4	1.2	3.2	2	3	3	3	3	3	4	6	7	8	9
87445476	guanjun zhang	1.1	11.7	0.2	16.2	6	7	9	10	10	13	16	17	17	17	17
87445476	jia shenli	0.7	13.3	0.0	16.0	9	11	12	12	12	16	16	16	16	16	16
87445476	jizhong zhao	2.6	17.8	0.2	20.2	3	9	11	13	14	17	20	21	21	21	21
87445476	li shengtao	0.7	6.3	1.8	7.2	2	4	5	5	5	9	10	10	11	16	16
87445476	pengsheng zheng	0.0	0.0	1.4	-1.8	0	0	0	0	0	0	0	0	3	4	5
87445476	yuan zuyi	0.3	8.5	1.7	11.7	7	7	8	8	8	12	13	15	18	18	20
87445476	李盛涛	0.0	0.0	0.2	-0.4	0	0	0	0	0	0	0	0	0	0	1
90610280	chen junwu	1.6	21.6	0.2	23.2	13	16	17	18	20	21	23	24	24	24	24
90610280	cong wang	1.6	13.6	1.2	13.8	6	6	10	10	12	14	14	17	18	19	19
90610280	fei huang	2.1	23.1	5.2	30.8	13	15	16	18	22	28	35	42	47	52	56
90610280	gang wei	1.3	9.7	0.8	9.8	4	4	5	7	9	10	11	11	12	13	14
90610280	haihui wang	5.4	30.8	1.2	35.0	5	8	14	20	26	29	35	38	40	40	40
90610280	huanfeng jiang	0.9	7.7	6.0	8.6	4	4	4	5	8	10	15	20	26	34	38
90610280	li yuanyuan	0.2	3.8	0.5	3.7	3	3	3	3	4	4	4	5	5	6	6
90610280	lizhi zhang	2.8	32.8	0.0	30.0	19	21	24	29	29	30	30	30	30	30	30
90610280	qian yu	0.5	5.9	1.7	3.1	3	4	5	5	5	5	6	6	7	9	13
90610280	qiu xueqing	3.1	14.3	1.5	15.1	0	1	4	8	12	15	17	18	19	21	23
90610280	shengli xie	0.3	3.3	2.1	3.3	2	2	2	3	3	3	5	8	10	11	14
90610280	shuizhu wu	1.6	20.0	2.1	23.1	12	13	16	17	18	20	24	27	32	32	32
90610280	sun zhendong	1.6	9.0	0.9	8.9	1	3	4	5	8	9	10	10	12	13	13
90610280	xianmin zhang	1.2	6.8	0.8	8.8	1	2	3	4	6	8	10	10	11	12	13
90610280	李元元	0.0	0.0	0.0	0.0	0	0	0	0	0	0	0	0	0	0	0
92403157	dang zhimin	5.7	28.5	0.0	28.0	2	4	11	15	25	28	28	28	28	28	28
92403157	yue zhang	0.0	3.0	3.4	1.8	3	3	3	3	3	5	6	7	13	15	19
96852419	aibing zhang	1.9	11.7	0.0	11.0	1	5	7	8	9	10	11	11	11	11	11
96852419	hailiang li	1.7	17.5	0.0	16.0	9	11	12	14	16	16	16	16	16	16	16
99065089	baoding liu	3.8	27.2	2.0	29.0	9	12	15	18	25	27	31	33	35	37	39
99065089	baoyin hexi	1.3	20.5	0.0	20.0	14	15	17	18	19	20	20	20	20	20	20
99065089	chen yubo	1.6	9.0	0.2	8.2	1	2	5	6	7	8	8	9	9	9	9
99065089	chen zhiqiang	0.3	15.3	0.0	15.0	14	14	14	15	15	15	15	15	15	15	15
99065089	chongqing kang	2.1	16.1	0.8	16.6	6	7	10	12	14	16	17	18	20	20	20
99065089	chu fulei	2.8	16.8	1.2	15.8	3	4	10	12	13	13	17	17	21	21	21
99065089	chuanxiang tang	1.1	7.9	0.6	10.0	3	3	4	6	7	8	11	11	11	13	13
99065089	chunxiao xu	0.7	7.5	0.8	6.0	4	5	5	6	7	7	7	7	9	9	10
99065089	dinghui yang	0.6	9.6	1.1	9.9	6	8	8	8	9	11	11	12	13	15	15
99065089	dong xiang	1.3	7.1	1.4	7.2	1	2	3	3	7	8	9	9	12	13	14
99065089	duan yuanyuan	0.9	9.3	0.9	8.5	5	5	7	8	8	8	10	10	11	11	14
99065089	feng pan	0.4	1.6	0.3	3.5	0	0	0	0	2	3	4	4	4	5	5
99065089	fengyuan ren	2.2	22.0	0.2	23.2	11	14	15	16	21	22	23	24	24	24	24
99065089	fuchun sun	1.3	15.5	0.8	20.2	9	11	11	12	15	17	20	23	23	23	24
99065089	gao yuanning	0.0	0.0	0.3	-0.3	0	0	0	0	0	0	0	0	1	1	1
99065089	gao zhe	0.7	11.3	0.0	10.0	7	9	10	10	10	10	10	10	10	10	10
99065089	guilu long	1.9	12.7	1.7	14.5	4	5	6	8	12	13	16	18	20	21	23
99065089	he hongjian	0.3	4.3	0.7	7.1	3	3	3	4	4	5	7	9	10	10	10
99065089	hongying hu	1.1	15.3	1.0	23.0	10	11	12	12	15	19	24	25	26	27	28
99065089	huaping xu	2.8	30.8	0.0	32.0	16	20	23	26	27	30	32	32	32	32	32
99065089	hui zhai	1.0	9.2	0.3	9.5	4	5	7	7	8	9	10	10	10	11	11
99065089	huimin xie	2.0	11.6	2.7	7.3	2	3	5	9	9	10	10	12	16	19	20
99065089	ji xiangyang	1.5	13.9	0.0	15.0	6	8	10	11	12	14	15	15	15	15	15
99065089	jiang shengyao	0.6	4.0	0.5	2.9	1	1	3	3	3	3	3	4	5	5	5
99065089	jiangtao wen	0.6	15.0	0.2	16.2	12	13	13	13	15	16	16	17	17	17	17
99065089	jianmin wang	1.3	18.9	0.5	21.9	13	13	15	16	18	20	22	23	24	24	24
99065089	jie zhou	1.7	26.3	0.6	27.4	18	18	23	23	24	27	28	28	30	30	30
99065089	jinhui wang	0.0	0.0	0.3	-0.5	0	0	0	0	0	0	0	0	0	1	1
99065089	junhai yong	0.9	6.7	1.2	12.0	3	3	3	4	7	12	12	15	17	17	17
99065089	lei liu	4.9	28.5	1.0	35.8	7	7	11	18	26	29	36	38	40	40	40
99065089	li shao	2.0	17.8	0.0	21.0	8	10	11	14	16	20	21	21	21	21	21
99065089	li xianting	1.1	21.7	1.1	19.3	16	17	19	20	20	20	20	21	24	24	24
99065089	li yanmei	1.6	15.2	1.5	15.7	8	8	10	12	14	15	17	19	20	22	23
99065089	liang xidong	0.7	4.1	1.1	4.5	1	1	2	2	4	6	6	6	8	9	10
99065089	liu min	0.9	13.7	1.7	13.9	8	11	12	12	12	14	14	18	21	21	21
99065089	liu yinghua	1.2	15.8	0.0	14.0	10	10	13	14	14	14	14	14	14	14	14
99065089	liu yule	0.3	7.5	2.2	5.6	6	6	7	7	7	9	9	9	11	15	17
99065089	liu yuxi	2.4	22.8	1.6	21.4	10	14	16	18	20	23	23	24	27	28	29
99065089	lu wei	0.8	12.8	0.0	13.0	9	9	11	11	12	13	13	13	13	13	13
99065089	meirong zhang	1.5	12.3	0.9	15.7	5	6	8	9	11	15	16	18	19	19	20
99065089	meng yonggang	2.6	19.0	0.6	14.0	5	9	12	15	15	15	15	15	15	17	17
99065089	ning yan	0.0	0.0	0.0	0.0	0	0	0	0	0	0	0	0	0	0	0
99065089	niu zhisheng	1.9	19.1	2.6	16.2	10	11	13	16	17	18	19	21	24	27	29
99065089	peilun rao	0.2	1.4	0.0	1.0	0	1	1	1	1	1	1	1	1	1	1
99065089	peng qing	3.3	55.3	0.0	55.0	40	41	44	50	52	55	55	55	55	55	55
99065089	qianchuan zhao	0.7	19.3	0.0	19.0	15	17	18	18	18	19	19	19	19	19	19
99065089	sichun zhang	5.1	37.5	0.5	32.9	11	16	25	29	30	32	33	34	35	35	35
99065089	tong zhou	0.4	7.2	0.7	6.3	5	6	6	6	7	7	7	8	8	9	10
99065089	wang xiaofeng	1.5	18.3	0.3	18.7	11	12	14	15	17	17	19	19	20	20	20
99065089	wei yongge	2.1	22.3	0.5	22.9	12	14	16	17	21	22	23	24	25	25	25
99065089	wenming zou	0.7	15.5	1.1	16.5	12	13	13	14	15	16	16	20	21	21	21
99065089	xiaobo zhao	1.6	9.4	0.6	7.0	1	3	5	7	7	7	8	8	8	10	10
99065089	xiaoping zheng	0.9	11.1	0.6	13.0	6	8	9	9	10	10	13	15	15	15	16
99065089	xuegong zhang	2.0	14.2	1.8	17.4	5	6	7	10	13	18	19	21	23	25	26
99065089	yinping zhang	3.1	24.5	1.3	31.5	8	13	16	18	21	28	31	36	36	37	37
99065089	yongfa zhu	5.4	51.0	3.5	50.9	25	28	35	40	46	50	53	59	62	66	67
99065089	yonggang zhao	0.0	1.0	0.2	0.6	1	1	1	1	1	1	1	1	1	1	2
99065089	zhao zhengming	0.9	6.1	0.9	5.1	1	3	4	4	5	5	5	8	8	9	9
99065089	唐传祥	0.0	0.0	0.0	0.0	0	0	0	0	0	0	0	0	0	0	0
99065089	王晓锋	0.0	0.0	0.0	0.0	0	0	0	0	0	0	0	0	0	0	0
99065089	许春晓	0.0	1.0	0.0	1.0	1	1	1	1	1	1	1	1	1	1	1
99065089	陈志强	0.3	1.3	0.0	1.0	0	0	0	1	1	1	1	1	1	1	1
99065089	颜宁	0.0	0.0	0.0	0.0	0	0	0	0	0	0	0	0	0	0	0
108688024	xia yanzhi	0.0	0.0	0.8	-1.2	0	0	0	0	0	0	0	0	1	2	3
111381250	hailin zhang	0.2	2.8	2.0	0.0	2	2	2	2	3	3	3	4	4	8	11
111599522	chen jian	0.2	2.8	6.3	1.3	2	2	2	2	3	4	6	14	23	27	31
113940042	lu xionggang	4.1	25.1	0.2	22.2	6	7	12	18	21	22	22	23	23	23	23
113940042	rentao song	1.3	17.1	0.0	16.0	10	12	14	15	15	16	16	16	16	16	16
115488153	chen jing	0.8	10.4	0.0	10.0	7	7	7	9	10	10	10	10	10	10	10
115592961	shouqi yuan	0.3	2.3	1.0	1.2	1	1	1	2	2	2	3	3	3	5	7
115592961	袁寿其	0.0	0.0	0.0	0.0	0	0	0	0	0	0	0	0	0	0	0
116953780	chen yinguang	3.4	36.4	0.0	34.0	20	23	25	29	34	34	34	34	34	34	34
116953780	guoqiang li	0.9	7.5	1.4	5.2	3	3	6	6	6	7	7	8	9	10	13
116953780	huang maosong	0.2	3.4	0.9	7.5	2	3	3	3	3	5	9	9	10	10	13
116953780	jian xu	1.9	12.5	1.7	11.1	3	4	8	9	10	12	13	14	16	19	19
116953780	jiang mingjing	1.7	9.7	1.9	9.3	1	3	5	6	8	9	10	14	16	17	18
116953780	jianzhuang xiao	1.6	16.4	0.2	21.2	10	10	10	10	18	20	21	22	22	22	22
116953780	tian yang	3.0	26.2	0.4	28.4	9	16	19	20	22	24	28	30	30	30	30
116953780	xiaoning zhang	0.8	8.2	0.8	7.6	4	5	6	7	7	8	8	9	11	11	11
116953780	zheng zhong	0.2	0.8	1.4	2.2	0	0	0	0	1	1	4	5	6	7	10
116953780	蒋昌俊	0.0	0.0	0.0	0.0	0	0	0	0	0	0	0	0	0	0	0
119045251	xipeng xu	0.5	12.3	0.0	12.0	10	10	11	11	12	12	12	12	12	12	12
119454577	dong jiang	3.3	29.1	0.0	26.0	12	16	20	23	25	26	26	26	26	26	26
119454577	futian qu	0.0	2.0	1.2	0.6	2	2	2	2	2	2	2	3	4	5	7
119454577	jianwen zou	3.4	23.8	0.5	20.7	7	10	13	18	20	21	21	22	22	23	23
119454577	jun zhu	0.0	0.0	0.7	-0.1	0	0	0	0	0	0	1	1	2	2	4
119454577	li xianchun	0.7	4.1	0.0	4.0	1	1	2	2	4	4	4	4	4	4	4
119454577	wenhua zhang	1.2	7.2	1.3	8.5	2	2	3	4	7	10	10	11	12	14	15
119454577	zhang zhengguang	3.2	22.4	0.2	20.2	7	9	12	17	19	19	20	21	21	21	21
125839683	baohua ji	0.2	0.8	1.5	4.5	0	0	0	0	1	4	6	8	8	11	12
125839683	cheng wang	0.7	7.1	0.4	7.4	4	4	5	5	7	7	7	9	9	9	9
125839683	chun li	2.8	20.8	0.0	18.0	6	10	13	16	17	17	18	18	18	18	18
125839683	gengkai hu	0.3	6.5	1.5	7.5	5	5	6	6	6	6	9	11	12	12	16
125839683	hu jun	0.3	9.5	0.0	10.0	8	8	9	9	9	10	10	10	10	10	10
125839683	hua huang	0.2	2.8	0.0	7.0	2	2	2	2	3	6	7	7	7	7	7
126520041	chaoyang lu	1.4	20.4	0.0	21.0	14	14	16	18	19	20	21	21	21	21	21
126520041	chen chusheng	1.2	10.8	1.8	10.6	5	6	7	8	10	10	12	15	15	19	19
126520041	chen enhong	3.4	23.4	0.4	25.4	7	10	12	16	21	23	25	27	27	27	27
126520041	chen falai	0.7	6.5	1.6	8.2	3	4	4	5	6	8	10	11	13	15	16
126520041	chen gao	0.2	4.4	2.2	1.4	3	4	4	4	4	4	4	5	8	11	12
126520041	chen yuao	1.7	19.9	0.2	18.2	11	14	14	17	18	18	18	19	19	19	19
126520041	cui hua	3.6	26.6	1.9	27.3	11	11	13	19	25	27	28	32	34	35	36
126520041	deng zhaoxiang	1.3	27.1	0.2	25.2	20	22	24	25	25	25	25	26	26	26	26
126520041	ding hang	0.3	3.3	0.0	6.0	2	2	2	3	3	5	6	6	6	6	6
126520041	ding zejun	0.5	5.9	0.6	6.2	3	4	5	5	5	5	7	7	8	9	9
126520041	dou xiankang	0.9	5.9	1.2	9.6	2	2	3	3	6	9	9	14	14	14	15
126520041	fang huang	0.6	7.8	0.5	9.9	5	5	6	7	7	8	10	11	12	12	12
126520041	fei qi	3.1	20.5	1.6	25.4	6	7	11	14	18	21	25	30	32	32	32
126520041	fei sun	1.3	10.7	1.1	14.3	5	5	6	8	10	11	14	18	18	19	19
126520041	fu yao	4.0	45.4	0.0	48.0	25	30	33	38	41	44	48	48	48	48	48
126520041	gong weimin	0.4	3.2	0.6	5.2	1	2	2	2	3	6	6	6	7	8	8
126520041	gong xinglong	4.7	34.5	0.5	29.9	8	18	23	25	28	29	30	31	32	32	32
126520041	guanwu wang	0.8	7.8	3.5	4.7	4	4	6	6	7	9	9	11	15	18	23
126520041	haiyan liu	1.0	8.0	1.6	7.4	3	4	5	6	7	8	9	10	13	14	15
126520041	han liang	0.5	7.3	0.0	7.0	5	5	6	6	7	7	7	7	7	7	7
126520041	haojun liang	0.3	1.5	0.0	2.0	0	0	1	1	1	1	2	2	2	2	2
126520041	he linghui	0.2	5.8	0.3	5.5	5	5	5	5	6	6	6	6	6	7	7
126520041	he lixin	1.3	10.1	0.0	11.0	3	5	7	8	8	9	11	11	11	11	11
126520041	hengan wu	1.9	18.3	0.0	21.0	10	10	11	15	17	18	21	21	21	21	21
126520041	hou zhonghuai	0.0	20.0	0.0	21.0	20	20	20	20	20	20	21	21	21	21	21
126520041	houqiang li	1.5	22.9	0.3	26.7	15	18	18	19	22	24	27	27	28	28	28
126520041	hu shuiming	0.2	15.8	0.3	15.7	15	15	15	15	16	16	16	16	17	17	17
126520041	huang wen	1.0	20.0	0.0	21.0	15	16	17	18	19	20	21	21	21	21	21
126520041	huang yunfeng	0.4	13.2	0.3	12.7	11	12	12	12	13	13	13	13	14	14	14
126520041	jian zheng	0.5	6.1	0.7	6.3	4	4	4	5	6	6	7	8	8	9	10
126520041	jiuhou lei	1.9	9.9	0.6	10.4	2	2	2	5	10	10	11	11	13	13	13
126520041	jun wang	4.2	38.4	1.1	49.1	19	20	25	30	35	43	50	51	53	54	54
126520041	junxian wang	2.6	13.0	0.8	11.6	1	2	4	8	11	12	12	13	15	15	15
126520041	kong xu	2.2	20.4	0.8	18.6	10	11	13	17	18	19	19	20	22	22	22
126520041	li liangbin	1.8	30.2	0.0	28.0	20	24	26	26	28	28	28	28	28	28	28
126520041	li tao	2.1	13.9	0.0	12.0	4	4	8	11	11	12	12	12	12	12	12
126520041	liwen niu	1.1	6.9	2.0	2.8	1	3	4	4	6	6	6	6	8	10	14
126520041	ning xu	1.6	9.8	0.2	8.2	2	3	5	7	8	8	8	9	9	9	9
126520041	qijin zhang	1.4	9.2	2.7	4.1	2	4	5	6	8	8	8	9	10	16	18
126520041	qinghua shi	0.5	5.1	2.9	4.1	3	3	3	4	5	5	6	11	13	16	18
126520041	qun wang	0.7	10.7	0.5	10.1	7	8	9	9	10	10	11	11	11	12	13
126520041	qunke xia	0.9	13.1	0.8	13.6	8	10	11	11	12	13	14	15	17	17	17
126520041	shao xueguang	2.6	18.6	0.5	23.9	6	8	11	12	17	18	24	25	26	26	26
126520041	shiqiang wei	0.8	11.6	2.3	15.1	8	8	9	10	11	16	19	19	21	22	29
126520041	su yucai	1.8	9.2	0.0	12.0	1	2	3	4	9	11	12	12	12	12	12
126520041	tian zhigang	0.0	1.0	4.7	1.5	1	1	1	1	1	1	6	11	16	20	25
126520041	wenbin wu	0.6	12.0	0.7	11.3	9	9	11	11	11	11	12	13	13	14	15
126520041	xie zhouqing	1.7	20.1	0.3	19.7	11	14	15	17	18	18	20	20	21	21	21
126520041	yongfei zheng	0.9	5.5	1.9	3.1	1	2	3	3	5	6	6	7	7	10	14
126520041	zhao zifu	4.0	41.8	0.7	39.9	20	27	31	35	36	39	40	42	42	43	43
126520041	丁泽军	0.0	0.0	0.0	0.0	0	0	0	0	0	0	0	0	0	0	0
126520041	梁好均	0.0	0.0	0.0	0.0	0	0	0	0	0	0	0	0	0	0	0
126520041	郑坚	0.0	0.0	0.0	0.0	0	0	0	0	0	0	0	0	0	0	0
126520041	高琛	0.0	0.0	0.0	0.0	0	0	0	0	0	0	0	0	0	0	0
135714990	jijun xiong	0.9	10.9	0.0	11.0	6	8	8	9	10	11	11	11	11	11	11
139660479	chen xiaohong	0.0	1.0	0.8	0.2	1	1	1	1	1	1	1	2	2	4	4
139660479	chunhua yang	1.3	10.7	1.2	9.8	5	5	6	8	10	10	11	12	14	14	16
139660479	huaming yang	1.7	26.7	1.1	26.9	18	19	23	24	24	26	28	29	30	32	32
139660479	luo xianghang	1.4	22.2	0.5	22.9	15	17	18	19	21	23	23	24	25	25	25
139759216	ji yuefeng	0.3	1.5	0.8	0.4	0	0	1	1	1	1	1	2	3	4	4
139759216	tao xiaofeng	1.2	8.8	0.3	8.7	3	4	5	6	8	8	9	9	10	10	10
139759216	纪越峰	0.0	0.0	0.0	0.0	0	0	0	0	0	0	0	0	0	0	0
141649914	chen yiwang	1.6	25.4	0.2	31.2	18	19	20	21	25	29	31	32	32	32	32
143413998	shusheng zhang	6.8	42.8	0.0	43.0	8	16	23	30	35	41	43	43	43	43	43
143593769	feng qian	1.8	7.8	2.0	7.8	0	0	1	4	7	8	10	12	13	16	18
143593769	feng yaoyu	4.3	26.9	0.0	26.0	7	7	14	20	22	25	26	26	26	26	26
143593769	jiaping lin	2.4	18.2	1.4	20.6	7	8	10	14	16	19	22	23	25	27	27
143593769	linyong zhu	2.9	16.5	0.2	16.2	2	5	7	12	13	14	16	17	17	17	17
146620803	huang shaoming	1.7	10.3	4.5	17.1	3	3	4	6	10	17	21	26	31	37	38
148099405	wang yi	0.0	0.0	0.4	5.4	0	0	0	0	0	4	5	7	7	7	7
149594827	jiao licheng	1.8	10.4	3.7	8.1	2	3	4	7	9	11	12	15	19	24	26
149594827	li zhiwu	4.1	25.7	1.2	25.6	6	8	13	19	21	23	26	29	29	31	31
149594827	yang yintang	1.1	6.5	1.3	6.1	1	2	3	5	5	5	6	10	11	11	12
149594827	杨银堂	0.0	0.0	0.5	-0.3	0	0	0	0	0	0	0	1	1	2	2
149594827	焦李成	0.0	0.0	0.0	0.0	0	0	0	0	0	0	0	0	0	0	0
151075929	huang yuesheng	0.3	5.3	0.0	5.0	4	4	4	5	5	5	5	5	5	5	5
151075929	jiang jianxin	0.2	4.8	0.8	5.2	4	4	4	4	5	5	6	7	7	9	9
151075929	liangming liu	1.0	4.6	2.0	4.8	0	0	2	2	4	6	8	8	9	14	15
151075929	yin zhengqin	0.0	0.0	0.2	-0.4	0	0	0	0	0	0	0	0	0	0	1
153473198	cui xiang	0.8	7.4	0.7	8.1	3	5	5	5	7	8	8	10	11	11	11
154099455	chuansong wu	0.0	0.0	0.0	1.0	0	0	0	0	0	0	1	1	1	1	1
154099455	chunhong ma	2.2	29.8	0.0	26.0	17	22	25	26	26	26	26	26	26	26	26
154099455	hu xijun	0.7	6.3	0.0	6.0	2	4	5	5	5	6	6	6	6	6	6
154099455	huaijin zhang	1.6	32.6	0.3	33.7	24	27	28	29	31	33	34	34	35	35	35
154099455	li yuezhong	1.9	13.1	1.0	13.0	3	6	8	9	11	14	14	15	16	17	18
154099455	liu xiangfa	2.2	14.2	2.1	12.9	4	5	7	9	13	14	14	17	21	22	22
154099455	liu yungang	1.8	15.6	0.0	14.0	6	9	10	13	13	13	14	14	14	14	14
154099455	liu zhanqiang	1.7	17.3	0.0	17.0	9	11	11	14	16	17	17	17	17	17	17
154099455	longwei yin	0.6	14.0	3.1	15.7	11	12	12	12	14	18	18	22	26	29	30
154099455	shishen yan	2.8	21.4	1.2	19.2	7	11	12	17	18	18	20	22	23	24	25
154099455	si zongguo	0.6	15.0	0.0	15.0	12	12	14	14	14	15	15	15	15	15	15
154099455	yuzhong zhang	3.9	28.3	0.5	29.7	10	12	15	21	25	30	30	31	31	32	32
156144747	daping yang	0.0	0.0	0.7	-0.5	0	0	0	0	0	0	0	1	2	2	3
157773358	chen hao	0.8	5.8	0.0	5.0	2	2	4	4	5	5	5	5	5	5	5
157773358	chen wen	1.1	4.5	1.3	7.3	0	0	0	1	5	7	8	10	12	13	13
157773358	chengxin wang	0.3	10.5	2.2	13.4	9	9	10	10	10	14	15	17	22	23	23
157773358	dan xie	3.6	36.8	0.2	37.2	19	22	26	30	33	36	37	38	38	38	38
157773358	deng shaozhi	2.1	21.7	1.5	24.3	11	14	15	17	20	24	26	26	30	31	31
157773358	fan wang	1.2	10.0	0.3	9.7	3	6	7	8	8	9	10	10	11	11	11
157773358	fan zhong	0.2	6.4	0.3	5.5	5	6	6	6	6	6	6	6	6	7	7
157773358	gangfeng ouyang	2.6	32.4	0.3	31.7	18	22	27	28	28	28	32	32	33	33	33
157773358	gu jieruo	0.3	1.5	1.1	-0.9	0	0	1	1	1	1	1	1	1	4	5
157773358	guo xianping	1.5	16.5	0.3	14.7	8	11	13	14	14	15	15	15	16	16	16
157773358	he mingguang	5.5	32.9	0.3	32.7	6	9	17	24	26	29	33	33	34	34	34
157773358	hongbin wang	1.0	13.6	0.0	13.0	8	10	11	12	12	12	13	13	13	13	13
157773358	hongbing ji	3.0	19.2	0.2	19.2	3	8	11	14	15	17	19	20	20	20	20
157773358	hu jianxun	0.0	3.0	0.2	3.6	3	3	3	3	3	4	4	4	4	4	5
157773358	jia weihua	0.0	0.0	0.0	0.0	0	0	0	0	0	0	0	0	0	0	0
157773358	jingxuan pan	1.0	8.4	0.6	15.6	4	4	5	6	8	15	15	18	18	18	18
157773358	lixin yan	1.2	9.6	1.0	9.6	4	5	5	7	9	10	10	12	13	14	14
157773358	lu tongbu	2.5	21.3	2.7	19.9	9	11	14	16	19	20	22	26	28	31	33
157773358	mao zongwan	0.5	11.3	2.3	13.1	9	9	10	10	11	13	15	18	20	23	24
157773358	peng xiang	1.2	12.8	0.0	13.0	7	8	9	10	12	12	13	13	13	13	13
157773358	qiang zhang	4.5	30.7	0.0	24.0	7	12	20	23	24	24	24	24	24	24	24
157773358	qingjiong zhang	1.5	9.5	2.2	13.8	3	3	4	6	9	13	16	18	20	24	24
157773358	qiu rongliang	5.2	31.2	0.2	29.2	6	9	16	21	26	28	29	30	30	30	30
157773358	shuai xintao	4.4	23.4	0.2	28.2	1	7	10	13	20	26	28	29	29	29	29
157773358	wang xuemei	2.8	22.6	0.0	21.0	8	11	16	17	19	21	21	21	21	21	21
157773358	wu zhongkai	2.4	16.4	0.0	14.0	4	7	9	13	13	14	14	14	14	14	14
157773358	xiaopei yan	0.0	1.0	0.6	0.2	1	1	1	1	1	1	1	1	2	3	3
157773358	邓少芝	0.0	0.0	0.2	0.2	0	0	0	0	0	0	0	1	1	1	1
158842170	fusheng pan	0.4	6.2	2.3	12.5	4	5	5	5	6	8	15	17	19	22	24
158842170	jian li	2.1	21.5	0.0	19.0	11	13	15	18	19	19	19	19	19	19	19
158842170	xun zhu	3.0	25.2	0.3	22.7	10	12	18	20	21	23	23	23	24	24	24
158842170	yongxing zhang	0.9	3.9	0.5	2.9	0	0	0	3	3	3	3	4	5	5	5
158842170	zhang zongyi	0.8	3.4	0.6	4.2	0	0	0	2	3	5	5	5	6	7	7
159948400	baiou guan	1.4	14.8	0.5	19.7	9	9	9	11	15	18	20	21	21	22	22
162868743	chunfeng wang	0.3	2.5	0.2	3.2	1	1	2	2	2	3	3	4	4	4	4
162868743	denghua zhong	0.5	2.1	0.7	2.5	0	0	0	1	2	2	3	4	5	5	6
162868743	feng wei	1.6	28.4	0.0	29.0	20	22	24	26	26	29	29	29	29	29	29
162868743	he zhen	1.5	10.9	0.2	10.2	3	5	7	8	9	9	10	11	11	11	11
162868743	jiang zhongyi	6.7	58.1	1.7	50.5	22	32	41	47	48	51	52	53	57	58	58
162868743	junan ma	3.3	21.7	0.4	25.4	6	9	10	14	20	23	25	27	27	27	27
162868743	li yali	0.2	1.8	3.4	-0.8	1	1	1	1	2	2	3	4	11	14	15
162868743	liu wenguang	3.3	30.9	0.2	32.2	16	16	20	25	28	30	32	33	33	33	33
162868743	liu yongchang	0.7	19.1	0.0	19.0	15	17	17	18	18	19	19	19	19	19	19
162868743	yingjin yuan	2.4	13.6	1.4	18.8	2	4	5	10	11	18	20	22	23	24	26
163340411	chen wen	3.5	16.7	1.5	20.5	2	2	2	9	16	19	21	24	26	27	27
163340411	hongwu tang	1.2	7.4	0.3	6.5	1	3	4	5	6	7	7	7	7	8	8
163340411	jinhai zheng	1.7	12.5	0.0	11.0	4	6	7	9	11	11	11	11	11	11	11
163340411	ju ping	0.3	5.3	1.4	8.8	4	4	4	5	5	7	10	12	13	14	16
163340411	唐洪武	0.0	0.0	0.0	0.0	0	0	0	0	0	0	0	0	0	0	0
170215575	dou yong	1.4	9.8	0.5	8.1	2	5	6	7	8	9	9	9	9	10	11
170215575	jianmin yuan	0.0	3.0	0.7	4.1	3	3	3	3	3	4	4	6	7	7	7
170215575	zhaowen zhuang	0.3	2.3	0.8	0.8	1	1	1	2	2	2	2	2	3	4	5
173759888	kuang leman	1.1	8.7	0.3	9.5	3	5	5	6	8	9	10	10	10	11	11
173759888	liu shaojun	2.1	13.7	0.8	10.8	3	5	8	10	11	12	12	12	13	14	15
173899330	chunpeng song	0.6	2.8	0.9	5.5	0	0	1	2	2	5	6	8	8	9	10
177933477	an huazhang	1.9	17.5	0.4	19.4	8	10	12	13	16	17	19	21	21	21	21
177933477	cao guangwen	1.8	19.0	1.2	24.6	11	11	13	15	18	22	24	29	29	29	30
177933477	chen wansheng	1.9	28.1	0.0	27.0	18	20	24	25	25	27	27	27	27	27	27
177933477	jiang yuanying	3.4	18.6	0.0	20.0	2	4	9	12	15	17	20	20	20	20	20
177933477	liu shanrong	0.8	10.6	0.0	11.0	7	7	8	9	10	10	11	11	11	11	11
177933477	pan weiqing	0.0	0.0	1.1	-0.9	0	0	0	0	0	0	0	2	2	3	5
177933477	qian qijun	1.0	9.2	0.9	10.1	4	5	7	7	8	10	10	13	13	14	14
177933477	sun yinghao	1.4	7.4	0.6	7.2	1	2	2	4	7	8	8	8	9	10	10
177933477	weiping zhang	0.9	23.3	0.0	23.0	19	20	20	21	23	23	23	23	23	23	23
177933477	孙颖浩	0.0	0.0	0.0	0.0	0	0	0	0	0	0	0	0	0	0	0
180726961	wang yiping	0.6	11.2	0.0	18.0	7	10	10	10	10	16	18	18	18	18	18
183067930	cao zhenfu	0.0	0.0	4.2	-1.6	0	0	0	0	0	0	2	7	12	15	19
183067930	chen xianfeng	1.1	20.7	0.2	22.2	15	17	17	18	20	21	22	23	23	23	23
183067930	chongfeng wu	0.0	0.0	0.3	-0.3	0	0	0	0	0	0	0	0	1	1	1
183067930	dong yi	0.5	10.1	0.0	11.0	8	8	8	9	10	11	11	11	11	11	11
183067930	dongmei xiao	2.5	17.3	0.4	13.8	5	6	11	13	14	14	14	15	15	15	16
183067930	fan tongxiang	1.4	31.8	0.0	32.0	25	26	28	28	31	32	32	32	32	32	32
183067930	fu yuxi	1.1	8.7	0.4	8.8	3	4	6	7	7	7	9	10	10	10	11
183067930	guo minyi	1.6	10.6	1.9	11.9	3	4	5	8	9	14	14	16	17	19	22
183067930	haiguang xu	0.7	12.1	0.3	10.5	8	10	10	11	11	11	11	11	11	12	12
183067930	he xianghuo	1.8	13.4	2.0	19.8	5	6	8	8	13	18	21	24	27	28	29
183067930	hongkai xiong	0.7	11.7	0.0	12.0	8	9	10	10	11	11	12	12	12	12	12
183067930	hu weisheng	3.4	19.2	0.5	17.7	2	6	9	12	16	18	18	19	19	20	20
183067930	hu wenbin	2.6	26.0	0.8	23.8	12	16	19	22	22	22	23	27	27	27	27
183067930	huang qian	1.1	4.9	1.2	5.0	0	0	1	3	4	5	7	7	7	11	11
183067930	huiying wu	1.9	11.3	1.0	12.8	2	4	5	7	10	12	14	15	15	17	18
183067930	jiang wei	1.3	11.9	0.2	13.2	6	7	7	8	12	12	13	14	14	14	14
183067930	jianglai liu	0.5	5.1	0.4	9.4	3	3	3	4	5	6	9	11	11	11	11
183067930	jianguo li	0.0	0.0	3.7	-3.3	0	0	0	0	0	1	2	3	6	12	16
183067930	kong xiangyang	0.0	0.0	0.8	-0.4	0	0	0	0	0	0	0	1	3	3	3
183067930	li shaoyuan	3.6	22.4	1.0	21.2	4	7	14	15	18	20	22	23	25	25	26
183067930	lin shuangjun	2.3	18.3	0.0	15.0	6	9	13	14	15	15	15	15	15	15	15
183067930	lin yi	0.5	2.1	0.2	5.2	0	0	0	1	2	3	5	6	6	6	6
183067930	lu qinghua	3.0	29.0	0.9	30.1	15	17	18	23	27	31	31	31	34	34	34
183067930	lu xingcai	0.6	16.0	0.0	18.0	13	13	15	15	15	16	18	18	18	18	18
183067930	ma xiong	1.9	13.3	0.7	15.1	5	5	6	10	12	14	15	17	18	18	18
183067930	nan shen	2.0	17.8	2.0	17.4	8	9	12	15	15	16	19	22	23	26	27
183067930	saixing zeng	0.5	2.1	0.5	1.3	0	0	0	1	2	2	2	2	3	3	4
183067930	shankai yin	1.9	9.7	1.1	8.5	1	1	4	6	8	9	10	10	12	13	14
183067930	wang xinbing	5.4	33.0	0.6	28.6	6	11	17	23	27	28	28	31	31	31	31
183067930	xinyuan zhu	1.8	24.0	3.1	29.9	15	17	18	21	22	27	32	36	41	43	44
183067930	xu yuhong	2.5	15.5	1.3	12.9	2	6	9	11	12	13	14	15	18	18	19
183067930	yongfeng zhou	4.3	37.3	0.7	36.1	16	20	24	29	33	35	36	38	39	39	39
183067930	yumin zhao	0.0	0.0	0.0	0.0	0	0	0	0	0	0	0	0	0	0	0
183519381	songling wang	0.0	0.0	0.0	0.0	0	0	0	0	0	0	0	0	0	0	0
183519381	王松灵	0.0	0.0	0.0	0.0	0	0	0	0	0	0	0	0	0	0	0
184983240	liu yichun	5.0	27.2	4.6	24.6	4	6	11	16	24	28	31	33	36	43	49
189210763	hongbin zhang	1.3	15.3	0.8	19.4	9	10	11	13	14	17	20	21	22	23	23
191208505	bangqin huang	2.0	15.4	0.7	15.1	6	7	9	11	14	15	15	17	18	18	18
191208505	chaoyong yang	0.3	4.3	0.9	3.1	3	3	3	4	4	4	4	4	7	7	7
191208505	chen min	0.8	13.0	0.2	15.2	9	10	10	12	12	13	15	16	16	16	16
191208505	dazhi wang	2.0	20.8	0.0	19.0	10	13	16	17	18	19	19	19	19	19	19
191208505	dongliang peng	0.4	6.2	2.6	9.6	4	5	5	5	6	8	14	14	15	20	24
191208505	haiping xia	2.3	16.3	1.8	20.0	6	7	8	10	16	21	22	23	26	27	29
191208505	hong zhao	0.5	6.9	0.9	4.9	4	5	6	6	6	6	6	6	8	9	9
191208505	jiang yunbao	1.3	15.5	1.2	15.2	10	10	10	13	15	17	17	17	19	19	22
191208505	jianwei shuai	1.2	7.6	0.5	8.7	2	3	3	5	7	8	9	10	10	11	11
191208505	jun tao	2.6	29.4	0.2	29.2	16	19	22	25	26	29	29	30	30	30	30
191208505	lasheng long	1.7	16.9	3.1	21.1	9	10	11	13	16	20	23	27	33	34	35
191208505	liu xingjun	0.3	1.3	2.3	-0.5	0	0	0	1	1	1	2	4	6	9	11
191208505	lu xin	1.6	16.0	2.3	16.3	9	9	10	13	15	15	19	20	23	27	27
191208505	ningshao xia	1.6	16.2	3.1	16.7	8	10	12	12	15	17	20	22	26	31	31
191208505	qiao wu	1.5	8.3	0.3	7.5	1	2	4	5	7	8	8	8	8	9	9
191208505	wang ye	5.2	26.4	2.9	23.3	2	4	10	16	22	24	25	30	33	35	37
191208505	xiaomei yan	3.0	18.6	0.2	19.2	5	5	9	13	16	18	19	20	20	20	20
191208505	yunwu zhang	0.4	4.2	0.2	8.2	2	3	3	3	4	8	8	9	9	9	9
191208505	吕鑫	0.5	4.9	0.3	3.5	2	3	4	4	4	4	4	4	4	5	5
191208505	王大志	0.0	1.0	0.0	1.0	1	1	1	1	1	1	1	1	1	1	1
191208505	王野	0.0	0.0	0.0	1.0	0	0	0	0	0	0	1	1	1	1	1
194450716	chen hong	1.1	9.7	2.0	9.4	4	6	6	7	9	9	11	14	15	18	19
194450716	chen qijun	1.1	11.9	1.5	15.1	7	7	8	10	11	13	17	18	19	21	23
194450716	geyu lu	0.0	2.0	3.7	-1.5	2	2	2	2	2	2	3	4	11	13	17
194450716	hongwei song	1.0	4.4	4.4	4.8	0	0	1	2	4	7	10	12	18	24	26
194450716	hu ping	0.3	4.5	0.2	5.2	3	3	4	4	4	4	5	6	6	6	6
194450716	liu mingyuan	0.7	7.9	0.8	9.0	5	5	5	6	8	9	10	10	12	12	13
194450716	lu zhongyuan	1.8	18.6	1.1	17.1	10	11	13	15	17	17	18	19	21	22	22
194450716	wensheng yang	4.0	31.0	0.8	32.2	12	13	19	25	26	28	32	35	35	35	36
196699116	hua lin	0.3	1.5	3.1	4.7	0	0	1	1	1	6	6	13	14	18	19
196699116	jiaguo yu	5.7	36.3	10.8	34.4	10	12	17	25	32	42	49	55	63	73	94
196699116	liqiang mai	3.4	36.4	0.8	46.6	20	23	26	27	35	41	47	48	50	50	50
196699116	余家国	0.0	0.0	0.0	0.0	0	0	0	0	0	0	0	0	0	0	0
204553293	chunming xu	0.9	5.3	4.9	10.1	1	2	2	3	5	11	15	20	25	29	35
204553293	gensheng li	0.3	1.3	0.6	1.2	0	0	0	1	1	1	2	2	3	4	4
204553293	徐春明	0.0	0.0	0.0	0.0	0	0	0	0	0	0	0	0	0	0	0
204831749	huazhen lin	0.0	1.0	0.2	3.2	1	1	1	1	1	2	3	4	4	4	4
204983213	dahai zhu	0.0	0.0	0.6	-0.8	0	0	0	0	0	0	0	0	1	2	2
204983213	fan feng	1.5	11.3	0.2	11.2	4	5	7	8	10	11	11	12	12	12	12
204983213	feng jicai	0.8	6.6	1.7	6.7	3	3	4	5	6	6	8	9	14	14	14
204983213	feng yujie	5.1	27.1	2.2	27.2	5	5	8	16	25	28	29	31	35	37	37
204983213	han jiecai	1.5	18.5	1.3	25.7	10	13	15	16	16	18	25	30	31	31	31
204983213	jun liang	1.5	12.5	0.2	11.2	5	7	7	10	11	11	11	12	12	12	12
204983213	qiang ye	2.2	14.4	0.7	14.9	4	5	8	9	13	14	15	17	17	18	18
204983213	韩杰才	0.0	0.0	0.3	-0.5	0	0	0	0	0	0	0	0	0	1	1
205237279	bai chengming	0.2	2.4	0.0	2.0	1	2	2	2	2	2	2	2	2	2	2
205237279	baohui li	4.3	25.7	0.5	22.7	5	7	13	18	21	21	23	24	24	25	25
205237279	bu wenjun	0.3	1.3	1.4	4.2	0	0	0	1	1	1	5	8	8	10	11
205237279	deling kong	1.0	9.8	3.9	8.3	4	6	8	8	8	8	13	15	20	24	28
205237279	fang yongchun	1.7	13.3	0.7	16.9	5	7	8	8	13	14	17	19	19	20	20
205237279	jianguo tian	0.0	3.0	2.4	1.0	3	3	3	3	3	4	4	5	8	11	13
205237279	jianhua xie	2.6	34.2	0.0	33.0	21	24	27	28	32	33	33	33	33	33	33
205237279	linqi shi	3.3	15.1	1.5	20.5	1	1	2	8	14	18	21	24	26	27	27
205237279	pingchuan sun	3.1	20.7	0.4	23.8	6	8	10	15	18	22	24	25	25	25	26
205237279	sun wenchang	0.0	14.0	0.0	14.0	14	14	14	14	14	14	14	14	14	14	14
205237279	xiaoqing zhu	2.4	10.8	1.4	8.6	0	0	3	6	9	10	10	12	12	14	16
205237279	田建国	0.0	0.0	0.0	0.0	0	0	0	0	0	0	0	0	0	0	0
881766915	bin shi	0.8	5.4	2.1	4.1	1	2	4	4	4	5	7	8	9	13	15
881766915	chen guihai	2.3	15.1	0.7	20.9	4	6	7	11	13	17	22	22	23	23	25
881766915	chen yang	1.3	16.9	0.5	18.9	11	12	12	13	17	18	19	20	21	21	21
881766915	cheng jianchun	0.0	2.0	0.6	1.0	2	2	2	2	2	2	2	2	2	4	4
881766915	daiqian xie	3.0	19.4	0.8	22.6	4	6	13	14	15	19	24	24	24	26	27
881766915	gaofei zhang	0.3	2.3	0.0	2.0	1	1	1	2	2	2	2	2	2	2	2
881766915	gu shulin	1.1	15.9	0.0	17.0	11	11	12	14	15	15	17	17	17	17	17
881766915	haijun wu	0.9	12.1	0.0	11.0	7	9	10	10	11	11	11	11	11	11	11
881766915	hong yan	1.7	13.7	1.1	15.7	6	7	7	10	13	16	17	18	18	21	21
881766915	hu wenbing	1.8	17.4	0.4	16.2	8	10	13	14	15	17	17	17	17	17	19
881766915	hu yuefei	0.3	10.5	0.4	11.8	9	9	10	10	10	12	12	13	13	13	14
881766915	huang yongfeng	0.3	4.3	0.0	5.0	3	3	3	4	4	4	5	5	5	5	5
881766915	hui liu	1.0	26.4	0.0	25.0	20	24	24	24	25	25	25	25	25	25	25
881766915	huicheng yin	1.6	11.2	0.3	9.7	4	4	6	8	10	10	10	10	11	11	11
881766915	ji junfeng	1.8	16.6	2.2	22.4	8	10	10	12	16	20	25	26	29	32	33
881766915	jiang xiqun	3.4	21.2	3.3	17.7	3	8	12	16	16	17	21	24	28	31	34
881766915	jilin zhou	0.5	7.3	0.9	9.7	5	5	6	6	7	8	11	11	12	14	14
881766915	jin zhu	1.4	14.0	0.6	13.6	7	9	9	11	13	13	13	16	16	16	16
881766915	jing ma	1.3	22.3	1.5	25.7	16	17	18	20	21	24	26	29	32	32	32
881766915	junjie zhu	4.5	26.5	4.1	30.7	6	8	10	17	24	33	35	38	44	47	51
881766915	kong lingdong	1.6	25.6	0.7	25.9	17	20	21	22	24	26	27	27	28	28	30
881766915	li xuandong	1.0	7.0	0.8	6.8	2	3	4	5	6	7	8	8	9	10	11
881766915	limin zheng	2.5	17.1	2.4	21.0	5	8	8	11	16	21	23	26	28	32	32
881766915	liu zhen	3.0	30.2	0.0	30.0	16	18	20	24	28	29	30	30	30	30	30
881766915	lu xian	0.0	1.0	0.0	1.0	1	1	1	1	1	1	1	1	1	1	1
881766915	lu xiaomei	1.1	16.1	0.0	19.0	11	11	13	14	15	17	19	19	19	19	19
881766915	peng ruwen	0.9	11.9	0.8	11.2	8	8	8	11	11	11	12	13	13	15	15
881766915	qingyu wu	0.0	1.0	0.0	1.0	1	1	1	1	1	1	1	1	1	1	1
881766915	sheng zhong	0.2	7.8	0.2	9.2	7	7	7	7	8	8	9	10	10	10	10
881766915	sun weiyin	4.4	26.8	1.4	29.2	6	9	12	17	24	27	31	32	33	34	37
881766915	sun zhiwei	2.3	17.9	0.3	15.7	7	8	11	13	16	16	16	16	17	17	17
881766915	tiaojun xiao	1.1	16.9	0.0	16.0	11	12	15	15	15	16	16	16	16	16	16
881766915	wan xiangang	1.5	17.5	0.0	21.0	10	12	12	15	16	19	21	21	21	21	21
881766915	weiyi zhang	1.3	6.9	0.8	6.8	1	1	3	4	6	7	8	8	9	10	11
881766915	xiuqun yang	0.2	2.8	0.7	3.3	2	2	2	2	3	4	4	5	5	6	7
881766915	xu ying	0.0	0.0	2.4	-1.6	0	0	0	0	0	0	0	3	7	9	9
881766915	谢代前	0.0	0.0	0.0	0.0	0	0	0	0	0	0	0	0	0	0	0
