3923682	cai yangjian	-0.4	21.4	-6.1	26.9	22	30	17	18	26	18	21	19	3	0	0
3923682	cao yongluo	0.0	1.8	0.1	1.1	2	0	4	2	1	2	0	3	1	2	1
3923682	chen hong	-0.2	0.0	-0.7	10.5	2	0	0	0	1	10	10	6	12	9	5
3923682	feng yan	2.9	20.9	-2.6	16.2	8	9	9	16	19	22	9	11	19	3	0
3923682	zhiyuan zhong	4.5	23.5	1.5	14.7	6	0	11	9	24	11	21	13	19	16	27
4610292	huang yunqing	0.1	3.7	1.7	1.5	1	5	5	4	2	4	4	5	5	8	11
4610292	yichun zhou	1.4	7.2	-0.7	12.7	0	2	3	4	6	2	10	14	11	9	9
4800084	ping wang	2.9	16.9	-5.2	29.2	1	6	7	17	10	8	19	18	27	4	0
5740404	chunshui yu	3.7	21.3	-9.5	46.1	4	7	7	14	19	23	33	29	26	0	0
5740404	jie yang	0.6	5.0	0.9	3.7	0	4	6	2	4	8	2	10	5	7	8
5740404	ning zhang	1.3	8.1	2.7	2.5	0	6	1	9	5	9	7	10	7	7	22
9086337	bingshe xu	0.0	3.8	0.5	1.1	1	8	3	4	3	0	4	1	0	2	6
9086337	dong jinxiang	1.1	6.9	-1.0	12.6	2	2	4	3	7	5	14	4	13	12	5
9086337	liang weiguo	0.4	2.8	1.0	0.0	0	2	2	2	2	4	1	0	6	4	4
9224756	huang min	0.1	0.5	-0.1	0.5	0	0	0	1	0	0	0	1	0	0	0
9224756	jianhua wang	0.0	0.0	0.1	0.1	0	0	0	0	0	0	0	1	0	0	1
9224756	liang zuo	0.0	0.0	0.0	0.0	0	0	0	0	0	0	0	0	0	0	0
9224756	sun xudong	0.0	0.0	0.0	0.0	0	0	0	0	0	0	0	0	0	0	0
9224756	wang xingwei	0.1	0.7	0.4	-0.6	0	1	0	0	1	1	0	0	1	0	2
9842412	wang zaihua	0.1	0.7	-0.2	2.8	0	0	1	1	0	1	3	2	3	0	3
9916479	cao feng	5.2	30.0	-1.4	16.8	5	9	14	17	27	26	14	12	13	22	2
9916479	han hua	0.3	1.3	1.3	4.1	0	0	0	1	1	3	6	4	14	3	13
9916479	huang xi	-0.1	-0.1	-0.3	1.5	0	1	0	0	0	0	1	1	1	0	0
9916479	ling tao	2.2	15.2	-1.6	18.0	7	1	14	5	16	10	24	8	8	12	14
12411659	gao xiumei	4.5	22.1	2.6	16.6	0	2	11	13	17	19	16	22	29	30	25
16609230	guilin wen	0.2	4.4	2.0	2.4	4	5	2	1	7	5	6	4	9	10	13
16609230	he yan	0.0	4.8	-4.0	17.4	4	4	8	4	4	12	19	3	4	1	0
16609230	he yigang	3.6	23.0	-4.9	25.1	7	5	10	23	16	26	23	15	7	2	5
16609230	jiang jianhui	1.6	31.0	-0.6	24.2	16	26	42	20	27	17	20	22	31	22	17
16609230	shuangchun wen	3.6	49.6	6.4	8.0	20	31	73	33	37	37	19	21	21	27	48
16609230	xiaobing zhang	2.6	18.4	-2.4	28.4	4	9	10	17	13	23	21	21	30	29	5
16609230	何怡刚	0.0	0.0	-0.1	0.5	0	0	0	0	0	0	0	1	0	0	0
17145004	chen jingdong	1.9	13.3	-6.8	31.4	2	6	10	11	9	17	25	18	12	0	0
17145004	hejun li	0.6	4.4	7.0	-2.8	1	2	2	6	2	3	9	9	12	25	36
17145004	xiaopeng zhao	0.1	0.9	3.6	0.2	0	1	0	2	0	0	5	7	8	17	18
19820366	ai yinshuang	0.0	0.6	-0.3	1.9	0	1	1	1	0	3	2	1	1	0	1
19820366	aihui zhou	1.1	6.7	3.2	-2.6	1	2	4	5	5	3	0	6	5	10	14
19820366	an taicheng	2.9	22.5	-8.7	42.3	5	13	17	16	18	21	32	24	24	1	0
19820366	andong xia	2.4	12.0	-1.2	9.2	0	2	7	4	11	3	9	7	4	3	5
19820366	bai fengyan	-0.4	2.6	-0.3	5.5	4	5	3	5	2	8	3	8	2	9	1
19820366	bai haiyang	0.1	0.7	0.0	0.0	0	1	0	0	1	0	0	0	0	0	0
19820366	bai xuedong	2.4	13.6	1.4	7.2	4	2	4	10	12	14	7	13	8	17	12
19820366	bai yongfei	0.8	5.8	-0.6	10.8	1	3	5	3	5	5	9	9	13	7	7
19820366	bai zhongzhi	1.1	7.3	-0.6	8.2	2	2	4	7	5	9	8	6	6	8	4
19820366	baifei shen	2.1	15.1	1.3	7.9	5	10	2	13	14	7	13	8	8	13	17
19820366	baiqing xu	1.9	10.9	1.3	6.7	2	1	7	8	8	2	9	8	11	11	14
19820366	bao lan	0.6	2.4	0.6	0.6	0	0	0	0	3	2	1	1	5	1	4
19820366	bao yang	2.3	37.5	-2.6	21.4	24	33	24	40	32	30	22	10	12	20	4
19820366	baochun huang	0.4	4.0	-0.1	3.9	4	1	2	1	6	3	5	2	4	3	4
19820366	baolong shen	-0.6	0.2	0.9	3.7	3	3	2	1	1	1	0	7	12	10	3
19820366	baonian wan	1.8	19.4	-0.3	8.5	7	19	9	19	16	11	5	10	8	13	2
19820366	baozhu guo	0.0	0.0	-0.1	0.9	0	0	0	0	0	0	0	1	2	0	0
19820366	beiying wu	0.2	0.8	0.1	0.3	0	0	0	0	1	0	0	1	0	2	0
19820366	benzhan zhu	0.4	1.8	-2.4	15.4	0	0	0	2	1	3	10	14	8	8	1
19820366	bing cheng	0.0	0.0	0.2	-0.4	0	0	0	0	0	0	0	0	0	0	1
19820366	bing zhu	-0.7	-0.7	-0.5	2.5	3	3	0	0	1	1	3	0	1	1	0
19820366	bingsong zou	-0.2	-0.4	0.0	0.0	1	0	0	0	0	0	0	0	0	0	0
19820366	binyong sun	-0.3	1.9	-0.9	4.1	2	4	5	1	2	2	2	5	0	0	0
19820366	bixian mai	1.0	7.2	1.8	14.0	3	2	6	2	8	12	16	21	13	23	24
19820366	boqiang qin	4.0	26.4	0.9	14.1	5	12	13	22	20	7	19	10	15	23	17
19820366	cai chunfang	0.1	3.1	1.2	1.0	1	4	4	3	2	4	2	2	6	8	5
19820366	cai ronggen	1.3	7.5	2.3	5.9	1	4	1	5	7	7	5	10	17	21	11
19820366	cai shuqun	-0.1	2.5	1.0	1.6	2	4	2	5	1	8	3	4	3	6	7
19820366	cai xinxia	-1.1	3.1	2.2	4.8	9	6	9	3	5	8	6	14	9	8	20
19820366	cai zucong	0.0	1.2	0.2	7.0	1	2	0	2	1	3	7	8	7	8	8
19820366	caidian lu	0.0	0.0	0.0	0.0	0	0	0	0	0	0	0	0	0	0	0
19820366	canzhong lu	5.5	28.1	-3.8	28.0	1	5	10	22	20	23	26	18	19	8	12
19820366	cao daomin	1.2	6.6	-0.2	4.0	0	2	5	2	6	4	1	8	2	4	2
19820366	cao hongbin	2.8	17.6	-6.9	42.3	5	9	5	7	20	28	19	38	44	7	0
19820366	cao jun	0.0	1.2	-0.1	1.9	2	1	0	1	2	1	0	5	0	2	1
19820366	cao juncheng	0.1	1.3	0.6	1.0	2	0	0	1	2	4	3	2	0	4	5
19820366	cao junji	1.2	10.0	5.9	7.3	2	5	11	7	7	18	7	22	34	29	33
19820366	cao rong	7.5	41.7	-1.7	22.3	9	7	18	24	38	32	23	14	20	15	14
19820366	cao xinwu	0.7	4.5	0.6	3.0	1	2	2	3	4	2	4	4	5	4	7
19820366	cao xueqiang	4.3	22.1	0.5	14.5	3	4	4	17	18	16	19	10	14	21	16
19820366	ceshi chen	0.0	0.0	0.0	0.0	0	0	0	0	0	0	0	0	0	0	0
19820366	chang chen	1.1	8.7	1.7	0.9	4	3	4	10	6	8	2	5	3	14	6
19820366	chang jin	0.6	2.6	-1.2	8.8	0	0	1	0	3	3	8	6	5	4	3
19820366	chang kai	0.9	5.7	0.4	7.4	0	2	5	5	3	5	9	3	14	9	8
19820366	changchun song	1.2	14.0	-1.8	17.4	9	7	12	11	13	13	11	19	15	7	8
19820366	changhe zhou	4.6	19.2	-1.8	19.0	0	0	2	4	21	8	20	12	9	20	7
19820366	changqing zeng	0.1	0.5	0.1	4.1	0	0	0	1	0	0	6	3	4	2	7
19820366	changsheng xu	4.6	31.6	-2.8	32.0	10	10	16	30	23	27	32	17	34	17	18
19820366	changsheng zhang	-0.1	1.9	-3.2	18.8	4	0	3	1	3	15	18	11	7	5	5
19820366	changyin zhao	0.4	2.8	1.2	2.2	0	1	3	3	1	1	2	6	6	8	7
19820366	changzhi gu	3.2	22.6	-1.0	23.2	3	11	16	21	14	28	30	14	12	26	19
19820366	chao shen	0.0	0.0	0.0	0.2	0	0	0	0	0	0	0	0	1	0	0
19820366	chaozhong li	0.8	3.2	0.6	3.8	0	0	0	0	4	2	4	7	4	5	8
19820366	chen chuanfeng	3.4	16.8	2.2	9.4	2	3	4	7	17	12	13	12	10	30	15
19820366	chen dahua	-0.2	0.2	-0.6	5.0	2	0	1	0	1	2	6	2	1	6	1
19820366	chen duofu	-0.2	2.0	0.9	2.5	2	3	4	3	1	2	3	4	8	3	8
19820366	chen fan	0.7	8.3	0.7	1.9	5	8	3	5	10	7	3	3	5	2	7
19820366	chen hangrong	0.5	11.7	-2.0	26.0	12	9	6	10	14	11	21	23	25	17	14
19820366	chen jijun	1.6	14.6	0.6	11.8	7	6	10	16	10	28	13	14	13	10	18
19820366	chen liding	0.3	9.3	1.3	9.9	5	8	14	9	6	12	11	14	13	13	18
19820366	chen lidong	2.3	13.1	1.2	21.4	1	4	6	11	9	7	14	36	22	30	23
19820366	chen ming	0.5	2.5	0.7	1.3	0	1	0	2	2	4	0	5	5	2	5
19820366	chen mingsheng	-0.2	-0.2	0.1	1.7	0	2	0	0	0	2	1	2	4	1	2
19820366	chen ping	1.7	16.3	2.9	18.5	10	8	8	15	15	12	26	18	26	33	33
19820366	chen shaohua	2.1	14.1	-0.5	15.1	5	5	7	8	14	7	12	14	18	15	9
19820366	chen shu	-0.8	9.6	-3.6	19.0	17	9	11	11	12	8	12	13	15	1	0
19820366	chen wang	3.2	25.8	0.0	27.8	11	16	15	8	31	28	34	26	20	24	35
19820366	chen xiaoshuang	7.4	39.0	3.7	17.3	7	7	16	13	41	25	19	26	30	33	34
19820366	chen xiaosong	0.0	0.0	0.4	-0.4	0	0	0	0	0	0	0	0	2	0	2
19820366	chen xilin	2.4	27.6	2.0	16.4	9	28	19	22	24	24	18	24	16	28	26
19820366	chen xinwen	1.3	7.3	0.8	2.8	2	2	1	5	7	4	4	3	5	9	5
19820366	chen xuesi	1.6	7.0	6.6	18.0	0	0	1	4	6	12	24	26	48	42	49
19820366	chen xueyuan	1.7	16.1	-3.2	21.2	4	12	13	15	11	12	18	14	11	12	3
19820366	chen yanjing	0.0	0.0	-0.6	3.8	0	0	0	0	0	1	5	1	1	1	2
19820366	chen yaofeng	0.2	6.4	-0.1	4.9	5	4	8	8	4	6	4	4	5	9	1
19820366	chen yonghai	0.6	3.8	1.5	8.3	1	2	1	2	4	3	9	17	10	6	22
19820366	chen yongming	2.4	11.0	0.2	9.0	0	1	2	7	9	12	10	11	5	11	11
19820366	chen zhiming	0.0	1.0	1.1	-0.1	1	1	1	1	1	4	2	1	4	2	7
19820366	chen zhongning	1.7	12.7	-0.3	14.3	0	8	13	9	8	9	14	13	16	10	14
19820366	cheng jiangong	0.1	4.1	-0.5	6.1	4	3	3	6	3	5	3	6	8	5	1
19820366	cheng li	3.8	23.6	0.5	17.3	5	7	15	13	21	19	11	15	30	34	4
19820366	cheng zhaohua	-0.7	5.7	0.9	9.5	4	11	15	6	3	13	13	10	8	15	15
19820366	cheng zhukuan	0.2	1.6	0.4	6.8	1	0	1	2	1	2	6	11	6	7	10
19820366	chengcai chu	1.7	9.3	-0.3	10.5	1	1	6	6	7	9	8	9	14	12	5
19820366	chenglong deng	-0.8	4.6	1.2	3.2	8	7	10	5	5	6	7	3	7	5	12
19820366	chengshu wang	0.0	3.8	-1.3	14.1	4	5	2	3	5	9	12	9	16	8	6
19820366	chenqi xu	1.1	4.9	-0.7	4.1	0	1	0	2	5	2	2	3	5	0	0
19820366	chenzhu wang	0.3	5.3	-0.1	3.9	3	4	6	5	4	4	4	2	6	3	3
19820366	chong kang	0.5	4.1	-0.8	13.2	2	4	0	1	6	8	10	17	7	11	9
19820366	chonglin yang	0.8	3.8	0.6	-0.4	0	2	0	0	5	2	0	1	2	1	3
19820366	chongxin shan	-0.5	8.5	-2.4	13.0	11	11	10	8	10	12	10	4	15	0	0
19820366	chuanjie zhu	0.8	4.6	-0.6	2.6	2	0	0	6	3	3	3	0	1	0	0
19820366	chuanyong jing	2.5	13.5	-2.5	14.9	2	2	6	9	11	11	9	12	11	5	0
19820366	chuanyou li	-0.1	1.3	0.6	1.6	2	1	1	4	0	0	3	2	3	4	5
19820366	chun hu	0.8	10.4	-0.2	9.4	5	8	9	10	8	5	12	5	8	11	8
19820366	chun tang	0.0	0.8	1.2	3.8	0	2	1	0	1	2	3	10	6	8	10
19820366	chungu xia	2.9	23.1	4.3	18.9	6	10	17	27	12	12	21	35	31	24	48
19820366	chunhai fan	1.8	9.8	3.7	15.9	2	3	1	7	9	15	15	25	40	18	37
19820366	chunming liu	0.3	3.3	1.0	1.6	3	1	2	2	4	3	2	3	4	11	3
19820366	chunming wu	0.4	2.6	1.5	0.1	2	0	0	2	3	2	2	2	7	3	9
19820366	chunru wang	-0.3	0.1	2.8	0.6	2	1	0	2	0	1	6	7	3	11	18
19820366	chunyang li	1.5	7.3	-0.8	11.0	2	1	0	2	9	16	11	10	5	10	7
19820366	chunyang zhang	2.1	10.7	-3.2	17.8	1	2	5	3	11	13	18	9	3	9	2
19820366	congming lu	0.8	7.8	1.0	4.6	4	6	1	10	6	5	5	2	17	6	8
19820366	congqiang liu	0.0	1.4	2.4	-0.4	0	3	1	3	0	1	1	1	14	9	9
19820366	cui guizhen	0.4	1.8	0.4	0.0	0	0	1	0	2	3	1	0	1	2	2
19820366	cuihong yang	0.2	3.2	-0.4	4.0	3	0	6	0	4	2	6	1	1	3	3
19820366	cunde xiao	1.0	10.6	-2.4	11.6	4	11	4	9	10	9	8	8	6	0	0
19820366	dai ning	0.1	1.7	2.4	1.4	1	1	3	0	2	2	1	10	11	6	15
19820366	dai xi	6.8	32.6	1.9	20.7	2	1	15	13	30	22	28	20	17	39	28
19820366	dai yucheng	0.8	4.0	1.6	0.8	0	1	1	3	3	9	1	5	6	9	7
19820366	dai yuhong	0.0	2.8	0.4	5.4	5	1	1	3	4	6	4	10	5	6	8
19820366	dali guo	0.6	2.8	-0.7	9.1	0	0	1	2	2	6	6	11	4	12	2
19820366	dan wang	-1.0	20.0	4.0	18.6	24	26	24	18	23	31	16	20	41	60	16
19820366	degang zhao	3.3	17.5	1.2	7.6	1	4	9	9	15	20	11	7	12	11	15
19820366	dehua wang	0.6	6.0	-0.4	10.0	2	5	4	5	5	9	12	7	10	3	12
19820366	dejin wu	-0.2	-0.2	-0.3	1.7	1	0	1	0	0	0	2	0	1	1	0
19820366	deng feng	2.9	15.1	-0.2	22.0	0	3	9	8	12	23	20	23	25	17	22
19820366	deng hongyu	0.9	7.7	-1.1	5.1	1	6	5	9	4	3	4	4	0	1	0
19820366	deng xiangzheng	6.5	32.7	1.8	18.0	1	9	9	18	29	12	21	24	21	18	33
19820366	deng youquan	2.5	10.5	-2.7	20.5	0	0	2	1	12	4	15	14	20	9	4
19820366	deqing zhang	2.2	9.8	0.7	21.7	0	0	3	4	9	15	20	25	25	26	23
19820366	ding jianping	0.0	0.0	0.4	0.6	0	0	0	0	0	0	0	1	4	3	1
19820366	ding ke	0.5	18.3	-3.9	20.1	13	13	26	20	12	18	13	14	14	1	0
19820366	ding lin	0.1	3.7	-0.5	11.7	2	3	7	2	3	3	10	15	5	12	9
19820366	ding weixin	0.5	4.1	1.8	-1.8	1	1	5	4	2	7	0	1	6	3	8
19820366	ding yuqiang	0.0	0.0	0.0	2.8	0	0	0	0	0	0	1	3	6	3	1
19820366	dong xie	0.2	2.2	1.5	3.7	0	2	3	2	1	5	7	4	10	7	13
19820366	dongfeng xue	0.0	0.0	0.4	19.6	0	0	0	0	0	0	18	17	25	31	13
19820366	dongge ma	0.1	2.9	7.8	7.2	3	3	2	0	5	9	13	19	40	39	42
19820366	dongmei zhou	3.7	25.5	3.9	11.7	5	11	15	24	17	21	19	23	17	16	42
19820366	dongsheng wang	2.1	22.7	-0.7	23.5	7	16	24	19	16	17	25	20	22	17	23
19820366	dongxiao wang	1.0	9.4	3.1	3.7	3	6	7	10	6	9	7	7	17	16	18
19820366	du jiulin	1.6	7.6	-0.8	7.6	0	1	3	3	7	5	4	7	8	7	0
19820366	du shixuan	3.6	25.4	-3.0	24.0	4	12	20	18	19	12	20	18	11	24	2
19820366	duan zhenhao	0.0	0.0	1.0	3.2	0	0	0	0	0	1	5	5	5	7	9
19820366	dujin wang	-0.2	15.2	1.5	15.3	22	8	14	20	15	19	11	25	19	26	18
19820366	ercang luo	1.0	5.4	-0.4	4.0	0	3	1	3	5	7	5	1	3	3	2
19820366	fajun nan	2.6	14.4	-0.6	12.0	1	7	6	3	16	7	14	8	10	8	11
19820366	fan hongrui	0.2	3.6	1.1	-0.1	3	3	2	3	4	3	0	5	1	4	6
19820366	fan ke	0.8	7.4	-0.6	6.2	2	8	4	2	9	8	3	6	8	4	1
19820366	fan ying	1.7	9.3	1.6	2.4	2	5	0	2	12	8	3	6	9	8	10
19820366	fan yizhong	1.4	13.0	-5.7	26.7	5	8	9	12	10	10	16	25	7	0	0
19820366	fang haiping	3.0	14.8	-2.0	17.2	0	1	7	11	10	13	14	18	3	16	5
19820366	fei wang	4.9	34.5	3.1	43.5	12	15	13	30	29	27	43	59	48	52	62
19820366	fei xu	0.0	0.0	-0.3	1.3	0	0	0	0	0	1	1	1	0	0	0
19820366	feimeng zhou	0.0	0.0	-0.2	1.0	0	0	0	0	0	0	0	2	0	0	0
19820366	feimin huang	-0.6	-1.0	-0.4	5.8	2	2	0	0	0	1	4	7	3	7	2
19820366	feiyue wang	0.1	1.3	9.2	-7.0	2	0	0	1	2	7	5	9	17	33	39
19820366	feng huang	1.0	7.4	1.6	11.0	4	0	6	6	6	5	8	23	12	17	19
19820366	feng longlong	1.6	9.0	-0.2	10.6	1	2	6	4	8	2	10	7	18	5	10
19820366	feng qi	1.8	12.2	0.7	12.7	5	0	10	10	9	6	10	19	17	10	18
19820366	feng songlin	1.0	5.2	5.9	-4.5	0	3	0	3	5	7	5	4	12	17	28
19820366	feng xinbin	2.2	22.2	1.6	21.2	10	13	10	35	10	23	20	27	29	25	29
19820366	feng yuan	1.5	6.3	-0.6	11.0	0	0	0	3	6	7	8	14	7	10	7
19820366	feng zhou	2.7	27.7	-0.7	39.9	20	13	11	28	26	25	32	38	48	47	24
19820366	fengchang wu	0.1	2.1	1.7	6.7	0	5	1	0	3	5	10	7	16	8	18
19820366	fenghua li	2.1	10.7	1.4	11.6	1	1	4	8	8	8	18	12	9	18	22
19820366	fengqi liu	-3.5	-5.3	2.2	-0.6	18	4	1	1	2	7	4	3	2	9	12
19820366	fengtang yang	0.0	0.0	0.0	0.6	0	0	0	0	0	0	0	1	1	1	0
19820366	fu gao	0.0	0.0	0.1	0.5	0	0	0	0	0	0	0	2	0	1	1
19820366	fu liyun	-0.1	1.9	0.7	3.9	3	2	1	3	2	5	6	2	8	7	7
19820366	fu xiangdong	0.3	1.3	-0.4	4.0	0	0	0	1	1	0	2	4	4	4	0
19820366	fucheng zhang	0.1	4.3	0.0	0.6	5	1	7	2	5	2	0	1	1	1	0
19820366	fumin lei	1.0	7.0	0.4	12.2	1	3	6	5	5	6	12	15	12	13	15
19820366	fuqiang huang	2.3	22.3	-0.9	36.1	5	14	27	15	16	41	35	37	31	30	34
19820366	fuyuan wu	0.2	1.6	4.1	3.1000000000000014	0	1	1	3	0	3	5	10	21	21	20
19820366	fuzhou gong	0.4	2.0	0.2	0.0	0	1	0	1	2	2	0	1	0	1	1
19820366	gan zhang	-0.8	13.6	2.6	28.0	17	18	13	20	12	26	33	31	36	35	44
19820366	gan zhihua	0.6	5.2	-0.8	7.0	2	3	4	3	5	8	6	6	3	6	2
19820366	gang huang	-0.5	6.9	-6.7	36.3	10	6	11	9	6	12	23	26	27	5	0
19820366	gang qin	0.0	0.2	-0.6	2.8	0	0	1	0	0	2	1	4	0	0	0
19820366	gang su	0.6	10.2	0.8	5.2	10	5	7	9	11	6	4	5	14	9	6
19820366	gang zhao	-0.1	14.9	9.5	3.3	10	25	13	12	16	25	18	18	28	41	54
19820366	gangjian wei	0.3	4.7	-1.4	14.0	3	4	4	3	5	15	11	12	10	12	4
19820366	ganlin zhang	0.2	3.0	-0.1	5.9	2	2	4	0	4	1	8	4	4	5	7
19820366	gao guangxia	-0.1	-0.1	-0.3	2.5	0	1	0	0	0	1	2	3	0	2	1
19820366	gao hongjun	0.5	4.3	5.6	2.6	3	1	3	2	5	13	7	14	18	32	26
19820366	gao jie	0.0	0.0	0.7	1.3	0	0	0	0	0	3	2	2	4	5	4
19820366	gao jun	1.2	12.2	-0.6	11.0	4	12	7	8	12	7	10	11	7	11	7
19820366	gao mingyuan	0.0	0.4	1.0	2.0	1	0	0	0	1	2	3	4	5	6	7
19820366	gao xueyun	0.1	0.5	0.1	-0.1	0	0	0	1	0	0	0	0	0	1	0
19820366	gao yu	0.4	4.4	2.1	3.3	1	2	8	2	3	4	4	9	10	12	13
19820366	ge maofa	6.6	36.0	-3.4	27.0	3	8	18	24	28	30	24	19	18	13	10
19820366	ge wei	0.2	12.4	-0.8	16.8	13	9	13	11	13	13	27	3	11	13	18
19820366	gehui wang	1.6	8.8	-2.1	13.3	0	5	2	5	8	7	12	9	5	6	3
19820366	geng yanhou	-0.2	0.0	-1.6	21.2	0	2	1	0	0	5	18	18	18	18	10
19820366	geng yong	2.0	15.2	-3.1	13.9	4	6	14	10	12	31	13	6	3	1	0
19820366	genxu wang	1.4	10.4	-0.4	7.4	4	3	9	5	10	5	6	8	6	6	5
19820366	gexia qiao	1.0	9.6	-0.6	14.0	5	6	5	8	9	9	12	13	15	11	10
19820366	gong jiming	1.0	4.2	-0.4	3.2	0	0	1	0	5	3	3	2	1	4	0
19820366	gongli tang	0.2	1.8	0.5	1.1	1	1	1	1	2	0	1	3	2	4	3
19820366	gu hui	1.5	6.3	-0.9	5.3	0	0	1	1	7	8	5	4	1	1	2
19820366	guangbiao zhou	0.2	8.2	-2.5	12.1	8	4	10	10	6	6	10	5	8	0	0
19820366	guanghui rao	-3.8	-2.2	0.2	1.0	14	17	10	3	2	0	1	1	2	3	1
19820366	guangshe li	4.1	24.3	-2.5	24.3	2	5	18	20	15	12	18	25	16	14	11
19820366	guangsheng zhou	1.0	7.6	-0.7	15.9	1	7	2	7	6	17	13	15	16	16	9
19820366	guangyu zhang	2.6	12.2	-2.0	23.2	2	0	2	6	12	11	22	9	27	23	5
19820366	gui yu	4.6	31.8	-1.4	35.0	10	6	25	26	23	31	41	29	19	33	32
19820366	guo guocong	3.1	14.7	-1.8	27.0	4	0	1	5	17	16	21	27	27	15	18
19820366	guo huishan	0.0	0.2	0.9	0.9	0	0	1	0	0	0	2	3	4	2	7
19820366	guo jiandong	1.1	8.7	2.1	3.9	2	7	4	6	8	7	10	3	14	4	20
19820366	guo lianghong	-1.0	1.2	1.4	5.6	7	5	2	5	2	6	8	6	11	12	12
19820366	guo yuewei	0.3	1.5	4.5	-4.7	0	0	1	1	1	0	1	0	10	19	14
19820366	guo yuguo	2.8	19.6	2.7	18.7	8	7	6	19	16	29	31	21	12	30	40
19820366	guo zhancheng	0.6	3.0	1.1	1.1	1	0	0	2	3	0	1	3	7	6	5
19820366	guohua zou	0.4	3.4	-0.8	6.8	0	3	4	1	3	3	4	6	8	2	2
19820366	guoliang xu	0.4	2.6	1.2	2.6	1	1	0	3	2	5	5	3	8	5	10
19820366	guosheng liu	2.5	13.1	-0.9	18.1	1	4	5	5	13	16	14	16	25	9	13
19820366	guowei he	-0.1	0.3	1.0	1.2	1	0	1	1	0	2	3	1	5	7	5
19820366	guowen meng	1.1	8.5	1.4	3.6	1	4	8	9	4	9	7	4	7	10	11
19820366	guoyi zhou	4.5	21.5	-1.1	16.3	2	1	7	10	20	16	18	12	8	17	10
19820366	haibin wang	0.7	6.5	3.4	-0.8	1	7	4	4	6	5	5	6	5	12	19
19820366	haibin wu	0.5	4.9	-0.2	5.0	2	4	3	3	5	5	5	3	5	7	2
19820366	haibin yu	3.4	18.4	1.8	4.0	5	5	4	5	22	9	6	11	5	9	16
19820366	haifeng zhang	1.7	9.3	-0.8	15.8	2	1	4	6	8	3	13	15	14	17	8
19820366	haijun zhou	0.4	9.2	-0.7	14.3	6	6	11	12	5	11	17	11	6	16	11
19820366	hailin wang	2.3	15.1	-1.1	17.3	3	4	11	13	10	11	12	20	14	15	9
19820366	hairong zheng	6.7	40.9	-4.5	54.7	6	9	33	24	32	28	37	52	44	65	8
19820366	han jinlin	-0.1	-0.1	-0.2	1.2	0	1	0	0	0	1	1	1	0	1	0
19820366	han xiufeng	-3.4	-4.4	4.0	5.4	14	8	5	2	0	1	6	19	19	15	28
19820366	han yanchun	-0.8	-1.0	5.5	3.3	4	1	1	1	0	4	2	20	22	31	24
19820366	hansheng wang	1.7	7.9	-0.4	5.8	0	0	1	9	4	2	4	9	2	3	5
19820366	hao zhengping	0.6	6.6	-1.3	22.9	4	4	3	8	5	8	23	21	18	12	21
19820366	he hong	1.7	6.9	2.4	16.4	0	0	0	1	8	12	18	15	31	33	21
19820366	he hongping	6.1	34.5	4.6	19.4	5	8	18	21	29	45	28	26	34	28	50
19820366	he huaiyu	0.5	4.5	-1.8	9.6	2	2	4	3	4	9	5	8	8	0	0
19820366	he jizheng	3.7	20.1	2.6	6.4	2	5	7	16	15	24	6	12	18	20	15
19820366	he shenggui	1.8	16.4	-1.3	16.9	5	10	15	12	13	15	13	11	21	16	4
19820366	he shunping	0.2	1.2	2.8	-1.4	1	0	0	0	2	4	0	7	6	9	13
19820366	he yuan	1.4	15.2	-4.2	18.6	12	7	8	11	17	18	15	12	3	0	0
19820366	he zuhua	0.0	0.0	1.8	-2.0	0	0	0	0	0	0	0	1	5	3	8
19820366	hong li	6.1	50.5	-8.5	72.1	13	30	44	31	43	50	55	52	58	59	9
19820366	hong liao	0.5	2.3	-0.5	6.3	0	1	0	0	3	1	4	9	3	4	4
19820366	hong wu	0.2	6.8	1.6	8.2	8	8	0	4	11	5	7	13	14	19	12
19820366	hong yiguang	-0.6	1.8	1.8	6.6	4	4	5	4	1	5	4	17	9	17	13
19820366	hong zhang	4.9	60.7	2.0	72.6	41	37	38	60	54	57	75	61	103	77	77
19820366	hong zhong	1.6	10.4	-1.5	9.1	3	4	5	6	10	12	5	7	9	2	0
19820366	hongbin ji	3.6	18.2	-2.3	15.9	3	1	9	5	19	11	16	5	11	12	1
19820366	hongbo li	0.1	7.9	0.2	9.8	9	8	5	5	11	6	5	11	17	15	4
19820366	hongmei su	0.4	5.0	-1.2	6.0	3	4	4	2	6	5	4	4	4	0	0
19820366	hongmei wang	0.6	9.4	0.6	8.2	5	6	12	8	7	11	8	11	9	11	11
19820366	hongqing ling	-0.3	-0.3	1.0	0.4	1	1	1	0	0	1	1	2	5	4	5
19820366	hongwei xue	0.0	0.4	0.8	2.4	1	0	0	0	1	1	6	2	4	2	10
19820366	hongwei zhao	-0.1	-0.1	2.7	-2.1	0	1	0	0	0	2	2	1	4	14	9
19820366	hongzhi kong	-0.2	1.8	-0.1	3.3	2	4	2	2	2	3	2	3	6	2	2
19820366	hou jianhui	2.7	13.9	-1.9	35.7	2	5	1	6	15	28	28	27	39	48	8
19820366	hou shugui	0.8	5.0	-1.1	8.3	2	2	1	2	6	3	8	4	7	3	3
19820366	hou zengguang	-0.7	21.7	-1.9	37.9	22	28	25	23	21	16	32	36	31	43	19
19820366	houyuan lu	0.6	3.6	0.0	3.0	0	0	5	2	2	3	4	2	3	2	4
19820366	hu jinbo	2.3	13.1	0.8	16.0	3	4	4	7	13	15	16	17	19	23	17
19820366	hu lihong	3.9	22.1	1.2	14.6	2	5	12	18	15	14	15	15	24	17	20
19820366	hu wei	0.3	13.9	-2.1	17.1	13	8	19	13	12	11	13	13	12	14	2
19820366	hu weiming	-0.3	8.1	0.6	23.4	6	16	7	7	9	19	25	27	25	15	34
19820366	hu weiwu	-1.3	-0.1	2.5	-1.1	4	9	2	4	0	1	2	4	6	7	13
19820366	hu youhong	0.5	10.5	-2.1	14.5	8	6	11	13	7	18	16	6	7	7	5
19820366	hu zhihong	0.6	3.2	1.7	-0.1	1	0	1	2	3	2	2	3	5	6	9
19820366	hua jiang	2.6	14.0	-1.8	11.6	0	5	5	11	10	13	8	10	8	2	3
19820366	hua xiang	0.7	6.5	1.2	1.8	4	3	3	6	6	2	3	4	5	8	7
19820366	hualin wang	-0.3	6.9	2.1	4.3	9	6	11	5	8	4	7	10	8	11	17
19820366	huang mingdong	1.2	5.2	1.8	2.4	0	1	0	1	6	5	7	4	6	8	14
19820366	huang qingming	1.2	29.2	2.7	18.7	22	25	27	27	27	30	19	22	35	29	29
19820366	huang shanjin	0.4	3.0	0.4	2.2	2	1	0	3	3	3	2	4	2	6	3
19820366	huang xun	2.2	11.2	-0.3	5.7	1	1	4	9	8	7	6	2	6	9	1
19820366	huang yongping	2.8	16.8	2.2	0.4	1	7	11	9	14	6	3	5	6	9	12
19820366	huang yongzhen	1.7	8.3	2.4	5.2	1	2	1	3	9	2	10	8	10	16	18
19820366	huayun xiao	-0.2	4.2	-1.3	8.1	3	6	8	4	3	2	4	6	10	1	0
19820366	hui lijian	0.6	3.8	2.0	0.2	1	2	0	4	3	4	3	2	7	10	9
19820366	hui wang	7.7	71.7	10.8	69.2	36	38	49	53	67	61	67	110	89	132	110
19820366	huijuan liu	-0.3	17.7	5.4	14.8	18	19	25	10	21	28	22	19	38	35	41
19820366	huijun wang	0.2	2.6	2.2	3.0	1	4	0	2	3	3	5	9	9	9	16
19820366	huimin ma	1.3	8.9	2.3	1.3	1	8	3	3	10	5	8	3	5	8	17
19820366	huiru tang	1.1	7.1	2.7	4.3	2	2	3	7	5	4	6	11	12	16	17
19820366	hushan xu	0.9	11.5	-1.5	14.7	8	6	11	7	12	24	11	15	11	6	8
19820366	ji shen	1.7	12.9	-0.2	13.6	5	7	5	10	12	14	17	11	9	13	15
19820366	ji yang	1.7	11.9	3.1	0.9	4	5	7	6	12	11	5	5	8	20	13
19820366	jia li	4.6	45.4	14.0	31.6	26	22	33	34	43	60	47	58	69	96	98
19820366	jia yongfeng	0.8	6.2	-0.8	5.6	2	3	4	5	5	7	3	6	4	2	1
19820366	jiajia liu	0.0	0.4	-0.2	3.0	0	1	0	1	0	1	3	1	3	5	0
19820366	jian zhang	4.3	27.5	7.6	32.2	7	8	16	19	23	73	40	48	45	80	62
19820366	jiang liu	-1.1	6.3	-3.1	17.5	14	9	9	6	10	16	11	12	15	3	0
19820366	jiang taijiao	0.7	3.3	-0.1	6.1	0	1	0	2	3	8	4	6	8	9	2
19820366	jiang tao	-0.2	12.0	1.0	15.2	9	18	12	14	10	14	15	14	27	16	19
19820366	jiang wan	2.7	12.7	-1.3	11.7	0	2	3	7	11	10	9	6	17	3	4
19820366	jiang wei	3.3	21.3	2.6	16.6	6	8	8	17	18	10	19	16	38	18	31
19820366	jiang xin	1.0	6.2	2.4	4.2	2	2	3	2	7	4	9	6	8	20	14
19820366	jiang yueming	-0.1	5.1	7.5	4.3	5	6	6	5	5	15	8	25	23	40	38
19820366	jiang zhao	1.9	9.3	0.2	4.6	1	0	4	5	8	5	4	5	6	7	4
19820366	jiang zhu	0.1	2.9	2.4	3.0	2	3	1	6	1	9	6	10	5	14	16
19820366	jianggao mao	-0.1	22.3	-2.7	28.7	19	26	23	27	18	23	21	33	17	16	16
19820366	jianghua sun	1.0	4.2	-0.1	6.9	0	0	0	2	4	4	8	6	4	9	6
19820366	jianhua ju	1.7	14.7	-1.6	10.0	5	4	15	17	7	7	7	4	13	2	0
19820366	jianhua tao	-0.8	8.2	-5.1	25.3	10	12	14	10	7	19	15	23	10	2	0
19820366	jianlin luo	1.6	14.6	0.6	1.8	13	1	4	19	12	12	1	4	6	2	5
19820366	jianmin wang	-0.2	-0.2	1.1	-0.5	0	2	0	0	0	0	1	1	3	4	5
19820366	jianmin yue	-0.1	0.7	4.5	-4.1	0	1	4	0	0	0	2	2	8	19	16
19820366	jianqi li	0.2	1.2	0.8	2.8	1	0	0	0	2	3	1	7	8	3	7
19820366	jianqiu wang	2.1	11.7	2.4	0.4	1	3	5	10	8	4	4	6	4	10	14
19820366	jiansheng liu	-0.2	11.2	-2.1	12.1	10	17	9	11	12	9	6	12	8	3	0
19820366	jianyuan sun	0.0	0.0	0.4	-0.8	0	0	0	0	0	0	0	0	0	0	2
19820366	jiaojun zhu	1.9	16.9	1.5	3.9	8	6	17	9	16	6	4	8	11	7	12
19820366	jiawei zhou	0.1	2.3	0.5	1.1	2	0	5	1	2	3	2	1	2	6	2
19820366	jiawen xia	0.0	0.0	-1.0	5.0	0	0	0	0	0	0	5	2	2	0	1
19820366	jifeng liu	-1.2	0.0	-2.8	13.2	6	6	1	4	1	0	9	11	3	1	0
19820366	jifeng xu	0.9	5.3	-0.6	4.4	1	2	2	3	5	4	2	4	5	2	0
19820366	jimin sun	1.0	6.2	0.2	3.2	1	1	5	5	4	3	6	2	1	4	6
19820366	jin kuijuan	6.2	34.2	-1.6	21.4	1	4	26	26	21	23	20	21	14	11	17
19820366	jin zhangdong	1.0	9.2	-1.8	18.6	6	3	6	7	9	7	15	15	16	13	7
19820366	jin zhi	1.9	9.9	0.0	14.6	1	3	2	6	9	14	10	18	19	14	12
19820366	jinbao song	1.4	6.0	1.2	2.8	0	0	0	4	5	8	1	10	5	8	8
19820366	jing liu	3.7	19.1	3.2	25.2	4	2	5	11	18	14	30	29	34	41	40
19820366	jing yipeng	0.0	0.0	0.2	-0.4	0	0	0	0	0	0	0	0	0	0	1
19820366	jingbo li	3.2	13.6	1.2	15.0	0	0	2	4	14	12	14	19	20	21	19
19820366	jingfu liu	1.1	11.3	2.9	5.3	10	2	8	7	13	9	12	8	12	15	23
19820366	jinggen liu	0.0	0.0	1.6	-1.8	0	0	0	0	0	0	1	1	3	1	9
19820366	jingsong ren	0.0	0.0	0.0	0.0	0	0	0	0	0	0	0	0	0	0	0
19820366	jinhu lu	1.7	18.5	1.3	16.1	7	16	12	17	15	13	20	9	27	26	18
19820366	jinhui yang	1.1	10.9	1.4	5.4	5	5	9	12	7	8	7	7	13	7	14
19820366	jinqiu zhou	0.0	0.0	0.0	0.0	0	0	0	0	0	0	0	0	0	0	0
19820366	jinshui wu	0.1	0.5	0.0	0.4	0	0	0	1	0	0	1	0	0	0	1
19820366	jinsong li	1.1	5.5	0.8	6.4	1	0	2	3	5	3	6	11	9	5	13
19820366	jinsong zhang	-0.7	5.1	-0.2	7.0	7	7	11	8	3	7	9	3	5	11	4
19820366	jinxia wang	-0.1	4.3	0.2	5.2	5	4	5	5	4	4	9	1	7	3	9
19820366	jiping liu	0.0	1.8	-0.8	4.8	3	1	1	1	3	5	5	3	1	1	2
19820366	jirong sun	2.4	12.4	5.5	-2.7	3	1	0	13	9	7	8	7	8	14	32
19820366	jiuhong kang	0.6	2.4	-0.1	1.7	0	0	0	0	3	0	1	1	3	2	0
19820366	juan lin	0.0	0.0	0.0	0.0	0	0	0	0	0	0	0	0	0	0	0
19820366	jule xiao	0.0	0.0	0.2	-0.4	0	0	0	0	0	0	0	0	0	0	1
19820366	jun lin	1.0	4.6	6.8	-4.2	0	1	0	3	4	9	6	7	13	23	32
19820366	jun wu	0.4	18.0	0.0	16.2	19	16	12	16	21	9	16	15	19	15	16
19820366	jun xu	1.2	12.2	-6.1	79.7	7	9	6	7	14	52	69	76	64	43	55
19820366	jun yang	6.3	85.9	-28.6	147.8	58	53	67	82	75	101	102	95	100	13	0
19820366	kaiyou wang	0.0	0.0	0.7	-0.5	0	0	0	0	0	0	1	0	1	3	3
19820366	kang shichang	0.1	23.3	13.3	0.7	24	17	26	30	18	22	20	22	31	65	65
19820366	kang yuehu	0.0	0.0	0.4	-0.6	0	0	0	0	0	0	0	0	0	2	1
19820366	ke lan	0.1	4.7	-3.2	14.2	4	4	6	3	5	12	10	12	1	0	0
19820366	ke xia	0.8	4.4	-0.3	2.7	1	0	2	4	3	8	4	1	0	2	2
19820366	ke xu	3.8	24.0	-2.6	29.4	2	7	18	23	13	29	18	26	32	28	4
19820366	kedong yin	0.0	0.0	0.2	1.6	0	0	0	0	0	0	0	2	5	4	0
19820366	kong ping	-0.8	-1.4	-0.1	0.5	3	2	0	0	0	0	0	1	0	0	0
19820366	laigeng li	0.2	1.6	0.5	0.1	0	1	2	1	1	2	0	0	4	3	1
19820366	lean yu	2.5	20.9	-1.7	7.3	7	17	6	18	19	8	8	2	0	1	0
19820366	lehui lu	-0.2	3.2	-0.6	9.6	6	2	3	4	4	12	12	5	7	7	8
19820366	lei xiao	1.2	5.2	-0.7	3.9	0	0	0	4	4	6	5	1	0	2	1
19820366	li lin	1.1	11.3	0.5	12.5	9	3	5	14	9	17	15	11	11	20	13
19820366	li liu	3.1	15.1	6.5	10.7	2	1	4	8	14	22	21	23	24	36	47
19820366	li niu	0.9	21.1	0.7	17.9	14	18	27	11	22	25	15	18	27	25	15
19820366	li sheng	5.2	25.8	-0.6	20.8	3	5	5	13	25	25	23	14	22	18	18
19820366	li shuqiang	1.4	6.8	1.3	-0.7	0	0	3	6	4	6	0	2	5	3	6
19820366	li shushen	0.9	6.1	2.2	9.8	2	3	2	4	6	11	12	15	16	17	22
19820366	li wang	0.3	5.5	8.5	5.3	3	7	1	8	4	4	16	18	32	41	47
19820366	li weixue	0.1	0.5	0.4	-0.8	0	0	0	1	0	0	0	0	0	0	2
19820366	li xiaofan	0.0	0.0	0.1	0.3	0	0	0	0	0	0	1	0	0	1	1
19820366	li xin	5.9	37.9	-0.2	36.4	11	14	18	21	37	30	40	29	37	39	34
19820366	li xinqi	0.2	3.0	-0.4	6.0	2	2	1	6	1	2	5	6	5	4	4
19820366	li xinrong	0.2	6.2	1.4	2.4	3	11	2	5	7	6	5	5	5	7	11
19820366	li xinxin	3.6	19.8	-0.8	24.8	3	8	6	6	22	24	25	27	14	23	23
19820366	li xuelong	5.4	30.2	11.6	20.2	6	8	13	12	31	53	33	41	59	61	81
19820366	li yaping	1.7	7.7	3.2	11.0	0	1	2	2	8	4	20	13	14	27	29
19820366	li yongqing	0.5	4.9	-1.5	7.7	1	2	6	7	1	2	7	3	4	2	0
19820366	li yongwang	6.2	33.4	-2.6	32.0	4	8	15	16	31	27	35	21	22	21	22
19820366	li yuesheng	1.3	6.9	3.5	4.7	1	2	2	3	7	12	9	10	16	19	22
19820366	li yunhai	1.1	7.5	-1.6	8.4	2	3	3	8	5	5	6	6	4	2	0
19820366	li yutong	2.4	15.8	-0.1	11.9	2	6	12	12	11	15	9	10	17	17	5
19820366	li zhanting	0.5	2.3	-0.1	7.3	0	1	0	0	3	8	8	9	6	0	12
19820366	li zhaoliang	0.2	2.6	1.3	3.7	2	1	2	3	2	2	7	4	6	11	10
19820366	li zhibo	3.3	15.1	-2.8	20.6	0	0	4	11	11	21	15	15	20	5	6
19820366	liang xinmiao	0.2	1.0	-0.3	1.3	0	0	0	2	0	1	1	1	0	0	0
19820366	libo liu	1.7	14.9	-2.6	29.4	3	13	9	12	12	13	30	20	22	18	18
19820366	lide tian	0.4	7.4	1.2	3.6	3	9	3	13	3	5	5	4	8	12	7
19820366	lijun wan	0.4	3.0	4.3	17.1	2	0	2	2	3	3	11	23	55	34	27
19820366	lijun wu	1.1	5.7	2.6	-1.0	1	0	3	3	5	2	1	7	4	9	13
19820366	lin rongcheng	-0.4	0.2	-1.2	7.6	4	0	0	2	1	4	5	5	7	3	0
19820366	lin wei	1.0	17.6	0.0	18.6	8	16	23	10	16	16	18	25	6	27	17
19820366	lin yangting	0.5	2.3	0.7	2.3	0	0	1	1	2	1	2	2	9	5	4
19820366	lin zhang	4.8	31.2	-0.5	26.1	4	13	22	21	24	20	29	17	28	28	21
19820366	linsheng song	3.5	19.9	0.4	18.6	3	4	10	15	15	22	21	16	18	26	18
19820366	linxiu zhang	0.8	3.8	-0.2	3.4	1	0	0	2	4	6	3	4	2	2	3
19820366	liu ming	5.8	31.0	6.5	42.9	1	9	15	17	26	27	43	55	78	66	70
19820366	liu minghua	0.4	3.8	1.5	3.1	0	2	6	4	1	4	3	7	10	8	10
19820366	liu qingquan	0.4	3.6	0.1	2.5	1	1	5	3	2	4	5	1	1	2	5
19820366	liu qingsong	-0.2	4.0	3.8	6.2	6	5	2	5	5	21	9	14	18	24	23
19820366	liu shuangjiang	4.4	22.8	0.1	11.9	4	4	4	16	20	26	13	15	5	14	14
19820366	liu sijin	2.9	14.5	-3.4	21.2	1	2	7	5	14	10	14	11	25	5	0
19820366	liu weidong	0.5	5.1	4.2	3.0	3	0	7	5	3	5	6	12	18	18	24
19820366	liu wuming	0.8	5.8	4.4	-0.4	1	3	5	3	5	13	5	4	18	16	21
19820366	liu xiaojun	0.4	5.0	2.3	4.1	5	0	4	6	4	17	8	7	11	12	17
19820366	liu xiaolong	0.2	2.4	-1.2	10.6	0	3	3	1	2	3	8	8	12	2	5
19820366	liu yimin	1.8	11.4	2.2	7.2	4	3	5	7	11	7	9	9	15	23	13
19820366	liu yingfang	0.3	1.9	-0.1	3.1	1	0	1	1	2	4	1	3	7	2	1
19820366	liu yongqin	-0.1	3.9	-2.1	12.3	7	2	3	3	6	4	7	8	14	1	0
19820366	liu yu	3.6	18.0	11.8	-3.6	3	0	6	12	15	12	12	19	25	45	58
19820366	liu yuanhong	2.5	15.7	0.1	14.1	3	4	9	15	10	13	16	11	13	20	12
19820366	liu yun	5.4	39.6	0.1	15.3	16	8	30	32	31	19	17	12	17	17	15
19820366	liu zhimin	0.1	20.1	3.6	12.6	21	19	21	14	24	17	16	17	26	31	27
19820366	liye xiao	0.3	4.5	0.4	8.4	5	2	0	7	4	3	10	7	10	11	10
19820366	lizhu wu	1.7	7.7	-1.0	13.2	1	0	1	3	8	4	13	11	11	5	11
19820366	long mian	0.2	0.8	0.5	0.1	0	0	0	0	1	0	0	2	1	3	2
19820366	long miao	1.0	5.2	-0.3	1.7	1	1	1	3	5	3	0	3	1	0	0
19820366	long yaqiu	-0.5	4.5	-1.7	9.7	7	5	10	2	6	5	7	7	5	4	0
19820366	lu riyu	-0.8	0.0	0.4	2.0	6	1	1	3	1	3	2	2	5	4	3
19820366	luo sanzhong	3.2	17.4	3.6	5.8	0	5	8	15	11	24	14	10	12	20	27
19820366	luo xiangang	4.3	22.3	1.6	15.2	2	6	8	9	22	39	22	15	13	25	25
19820366	luo xiaodong	2.6	22.4	-0.1	11.3	8	9	18	25	13	13	9	14	9	15	8
19820366	luo yongming	1.1	5.1	2.9	0.7	1	1	0	0	7	0	6	4	11	7	19
19820366	luo yuejia	0.7	3.9	-0.5	3.9	0	3	0	2	4	2	3	3	3	2	1
19820366	ma xiuliang	0.0	0.0	0.2	-0.2	0	0	0	0	0	0	0	0	1	0	1
19820366	ma xucun	3.2	18.2	0.1	26.7	2	6	8	12	15	28	24	29	32	22	28
19820366	ma yanwei	3.8	25.8	-1.9	32.1	2	17	15	17	21	28	26	36	28	15	27
19820366	ma yaoming	0.9	7.9	0.2	10.4	5	3	3	8	7	9	13	5	15	11	11
19820366	ma zongyi	0.0	0.0	0.0	0.0	0	0	0	0	0	0	0	0	0	0	0
19820366	maoyan zhu	1.5	12.1	1.2	2.0	1	7	10	16	4	10	5	2	7	4	10
19820366	mei zhang	1.4	8.2	-0.9	10.9	2	2	4	4	8	5	14	5	4	12	6
19820366	meng qingbo	1.1	8.1	2.6	5.2	2	2	10	3	7	6	7	9	15	19	15
19820366	miao zehong	1.0	10.2	0.2	10.0	5	5	9	9	8	8	7	10	18	10	8
19820366	min tan	8.9	49.7	-7.2	58.0	6	15	21	30	43	33	53	38	40	30	21
19820366	min yang	2.8	13.0	0.3	27.9	0	2	2	8	11	16	22	30	45	17	30
19820366	ming pingbing	0.4	2.6	-0.2	1.6	0	2	1	2	2	4	0	2	3	0	0
19820366	minghua xu	0.5	14.3	-2.6	16.0	11	8	19	17	9	15	9	14	12	6	0
19820366	mingjiu ni	0.6	3.8	0.4	3.0	1	3	0	1	5	5	4	3	4	5	5
19820366	ning ye	0.4	8.0	-3.3	16.3	6	5	8	9	6	14	12	11	7	2	0
19820366	ninghua tan	1.3	7.3	1.6	8.8	2	2	2	3	8	7	8	9	21	19	11
19820366	ninghui sun	0.8	11.2	-0.4	12.6	1	16	8	12	7	14	11	13	14	7	12
19820366	ninglian wang	0.1	3.3	-0.1	5.5	3	1	6	2	3	2	8	4	1	7	6
19820366	niu zhichuan	3.0	18.2	0.4	13.2	4	3	14	9	16	22	9	13	29	7	14
19820366	pan xiulian	0.0	0.0	0.3	-0.3	0	0	0	0	0	0	0	0	0	3	0
19820366	pan yongxin	1.5	10.5	-0.5	9.9	1	8	5	7	9	5	12	7	7	6	10
19820366	peng pingan	0.0	0.0	0.0	0.0	0	0	0	0	0	0	0	0	0	0	0
19820366	peng shi	-0.5	0.5	-1.7	8.7	2	4	2	1	1	9	7	6	2	3	0
19820366	pengfei yao	0.1	1.7	0.3	0.9	1	1	2	2	1	3	3	0	0	3	3
19820366	pengye wang	0.8	7.2	2.9	-3.7	1	4	8	8	3	4	1	1	3	8	12
19820366	ping wang	5.3	45.1	5.0	33.6	14	26	37	31	38	41	34	41	64	49	55
19820366	ping xie	4.7	29.9	5.6	10.6	9	9	10	28	23	21	16	20	29	36	36
19820366	ping zhu	1.0	5.4	-2.7	14.5	0	3	1	3	5	13	11	5	16	0	0
19820366	pingheng tan	0.6	6.0	3.8	4.2	5	3	1	5	7	4	10	13	12	15	28
19820366	qi tao	1.6	16.0	2.2	14.8	8	10	11	12	15	14	14	17	30	25	21
19820366	qi zhou	2.6	14.6	0.7	17.9	1	2	10	12	9	12	19	21	15	24	21
19820366	qian shengbang	0.8	4.8	0.1	1.3	0	2	5	0	5	1	0	2	3	3	0
19820366	qianfei wang	1.1	6.3	-2.3	12.3	1	3	1	4	6	11	8	9	8	2	0
19820366	qiang zhao	1.8	13.0	-5.7	30.5	4	6	7	10	11	11	21	19	23	4	0
19820366	qiangbin wang	3.3	17.7	-4.0	20.6	1	8	5	7	18	16	14	13	15	1	0
19820366	qie xiushu	0.2	2.0	0.8	3.4	1	2	1	0	3	6	5	3	7	7	7
19820366	qihua wang	3.9	20.7	-1.4	31.4	2	4	10	11	18	21	33	33	20	15	35
19820366	qingbai wu	0.2	2.4	1.4	2.6	0	4	1	2	2	2	3	7	4	13	7
19820366	qingdong zheng	0.2	3.8	-0.2	9.4	6	1	0	3	6	11	6	10	9	18	1
19820366	qinglong wu	0.0	0.0	0.0	0.0	0	0	0	0	0	0	0	0	0	0	0
19820366	qingshan zhu	-2.0	2.6	0.0	16.4	10	15	6	9	3	8	14	11	24	27	6
19820366	qingyin zeng	0.7	4.5	-0.6	3.0	3	0	0	5	4	3	2	2	2	0	0
19820366	qingyuan sun	1.4	8.6	-1.7	24.3	4	0	5	4	9	10	18	26	25	9	18
19820366	qiuhong tang	1.8	10.2	-3.6	20.8	4	2	1	6	11	15	11	17	19	3	0
19820366	qiuliang wang	2.4	18.8	-0.8	24.8	7	7	13	17	14	13	27	17	21	31	16
19820366	qiwei zhai	0.5	2.5	0.2	5.0	1	0	0	1	3	3	3	9	5	5	6
19820366	qu xiaogang	0.0	0.0	1.7	-1.9	0	0	0	0	0	0	0	0	4	7	5
19820366	qun yang	-0.2	-0.2	0.6	0.8	1	0	1	0	0	0	0	4	2	4	3
19820366	ren wencai	0.6	11.8	0.3	9.1	5	15	12	5	13	10	6	7	17	18	2
19820366	renbin zhan	1.4	8.4	1.1	3.5	3	1	3	7	7	7	3	10	5	5	11
19820366	renfang shen	0.0	0.6	0.0	0.0	1	0	1	0	1	0	0	0	0	0	0
19820366	renzhong tai	0.8	6.6	4.9	-3.3	4	1	5	5	6	7	2	5	16	10	24
19820366	rong zeng	-0.8	1.0	-0.2	12.6	6	4	2	2	3	14	21	7	5	7	20
19820366	ruan yongling	0.0	0.0	0.1	-0.1	0	0	0	0	0	0	0	0	0	1	0
19820366	ruiming xu	-0.4	0.0	0.5	2.3	2	1	2	1	0	6	2	5	3	4	5
19820366	ruiwu wang	0.0	0.0	0.0	0.2	0	0	0	0	0	0	0	0	1	0	0
19820366	runzhi zhang	0.0	0.8	0.5	2.1	1	1	0	1	1	1	2	5	2	4	5
19820366	shangui zhou	-0.1	0.3	-0.2	1.2	1	0	1	1	0	1	0	2	1	0	0
19820366	shaojie wang	-0.2	-0.4	-1.0	4.6	1	0	0	0	0	0	4	2	2	0	0
19820366	shen shuzhong	0.4	3.2	1.7	2.7	3	1	0	1	5	5	7	3	7	10	12
19820366	shen weijun	0.0	1.8	-1.3	10.3	3	0	2	2	2	6	6	4	19	3	0
19820366	shen xu	3.8	16.6	-2.0	29.0	0	0	2	10	14	18	32	17	25	21	20
19820366	shen yanan	0.0	0.0	0.0	0.0	0	0	0	0	0	2	0	0	0	0	0
19820366	shi wensheng	0.6	5.6	-1.1	9.5	3	3	3	5	5	7	7	9	5	8	2
19820366	shougang zhang	2.6	11.2	1.4	7.0	0	0	2	4	11	9	6	14	6	20	10
19820366	shouke yan	1.1	4.5	0.2	4.8	0	0	0	1	5	7	5	6	3	8	5
19820366	shu wang	2.7	17.9	-0.6	25.0	8	5	3	18	15	21	25	23	24	21	23
19820366	shu yousheng	0.3	1.3	0.0	1.4	0	0	0	1	1	0	1	2	2	0	2
19820366	shuli you	7.4	35.4	2.0	30.0	2	4	10	18	32	46	26	42	33	44	35
19820366	shutao wang	3.6	22.0	-6.4	35.2	3	3	22	11	17	20	25	20	29	6	0
19820366	song ye	1.2	18.8	-4.1	19.1	10	14	20	18	14	12	15	12	6	1	0
19820366	su weiping	0.3	1.5	0.0	12.0	0	0	0	3	0	6	13	10	11	16	10
19820366	sun weidong	-0.2	-0.2	0.9	7.3	1	0	1	0	0	0	7	11	10	10	12
19820366	sun weiguo	0.0	0.0	0.0	0.2	0	0	0	0	0	0	0	0	1	0	0
19820366	sun xiaotao	-0.1	0.1	0.4	0.2	1	0	0	1	0	1	0	1	3	1	2
19820366	suobo zhang	3.8	19.2	0.0	12.4	1	4	7	10	17	12	10	10	23	8	11
19820366	suojiang zhang	1.3	6.5	4.7	10.9	0	1	4	2	6	15	12	13	47	22	31
19820366	taihua zhang	0.2	8.2	-0.4	2.6	4	9	13	5	7	3	2	1	3	1	0
19820366	tang tao	2.7	15.1	2.5	8.1	1	3	11	8	12	6	7	19	13	20	19
19820366	tang yong	0.6	3.6	1.9	8.3	1	1	1	3	3	8	10	15	10	16	19
19820366	tian ye	3.1	22.5	-2.9	31.7	9	7	13	18	19	30	19	27	37	28	4
19820366	tianjun zhou	3.7	24.5	2.3	22.3	5	9	16	18	19	20	16	27	47	30	26
19820366	tianxiang yue	1.3	8.5	1.0	7.2	2	2	8	3	8	3	4	14	11	12	10
19820366	wang wen	0.0	0.4	0.1	4.7	0	1	0	1	0	1	4	6	5	5	5
19820366	wang xiangdong	0.0	2.6	0.2	5.4	1	4	3	4	1	3	4	9	4	7	6
19820366	wang xianhong	2.7	13.1	1.2	4.8	0	2	5	7	11	9	11	2	6	10	13
19820366	wang xiaolin	0.7	6.7	1.0	2.8	3	4	6	3	7	6	2	9	2	9	7
19820366	wang xiaoquan	1.2	5.8	0.5	0.9	1	1	1	1	7	3	0	2	5	3	2
19820366	wang xinming	-1.5	9.9	5.0	5.4	18	12	18	15	9	9	10	14	20	32	26
19820366	wang xunming	-0.5	3.7	1.0	3.6	3	11	4	4	4	4	7	3	7	5	11
19820366	wang yan	4.2	50.6	-11.3	87.7	30	33	38	43	46	67	63	66	70	61	9
19820366	wang yanfei	1.1	15.7	-1.8	14.4	9	13	12	14	14	7	11	11	9	13	1
19820366	wang yanling	1.2	8.6	-1.3	10.3	3	4	4	6	8	4	7	11	4	8	2
19820366	wang yanyi	0.5	3.1	-0.7	4.5	1	1	1	2	3	7	1	5	6	0	0
19820366	wang yilin	0.3	11.1	0.5	19.1	10	10	8	13	10	20	20	20	17	27	19
19820366	wang yizheng	0.0	0.0	1.4	-1.8	0	0	0	0	0	0	0	1	2	3	6
19820366	wang yonghong	1.2	7.8	1.7	-0.5	2	4	3	4	8	4	2	2	5	5	9
19820366	wang yuesi	4.6	25.6	1.4	19.2	6	3	12	15	23	18	25	21	19	19	33
19820366	wang yun	4.0	25.8	-5.1	27.7	5	12	11	20	21	24	20	16	21	5	0
19820366	wang zhaohui	3.0	25.4	0.3	26.5	8	14	19	22	19	26	26	30	19	39	23
19820366	wang zifa	-1.1	8.9	8.7	-2.3	15	11	13	14	8	9	12	15	16	26	50
19820366	wang zuoren	-0.3	-0.5	0.7	-0.1	1	1	0	0	0	0	2	0	0	5	3
19820366	wanhua zheng	2.7	14.5	-2.0	16.4	2	3	3	14	10	5	15	10	11	12	4
19820366	wei yujie	1.6	9.6	-2.2	12.6	3	2	4	6	9	6	6	12	10	2	0
19820366	weicai yang	0.0	0.6	0.2	3.6	1	0	1	0	1	0	4	4	4	4	5
19820366	weishen yang	0.3	1.5	0.3	-0.5	0	1	0	0	2	0	0	0	0	1	1
19820366	weng yuxiang	0.5	7.5	0.1	3.9	6	4	5	9	6	7	4	4	3	7	3
19820366	wenjiao xiao	2.2	12.8	2.6	7.2	4	4	3	6	14	6	6	11	23	21	14
19820366	wenqing zhang	1.7	9.1	1.5	10.1	1	2	4	5	8	8	12	9	20	16	16
19820366	wenzhi zhao	1.4	12.6	4.1	-0.09999999999999858	7	7	4	13	11	2	3	6	15	21	16
19820366	wu xiaoguang	0.0	0.0	0.5	-0.1	0	0	0	0	0	0	2	0	0	1	4
19820366	wu yirong	2.0	9.0	1.5	10.3	0	2	0	4	9	20	10	15	11	26	12
19820366	wu ziyu	0.0	0.0	0.3	-0.5	0	0	0	0	0	0	0	0	0	1	1
19820366	xiang yu	2.2	9.8	1.0	3.8	0	0	2	6	8	3	4	7	6	9	8
19820366	xiangping zhang	-4.2	5.2	-6.5	34.1	32	15	16	15	11	13	25	19	25	4	0
19820366	xianming xiao	2.5	14.1	-0.6	9.6	1	4	7	11	10	6	6	8	14	8	3
19820366	xiao zhang	0.3	3.1	1.5	2.7	2	2	2	1	4	1	5	4	9	7	11
19820366	xiaoguang yang	-0.2	0.6	2.0	-0.2	0	2	4	0	0	1	3	3	4	9	10
19820366	xiaohong zhou	-1.3	1.7	-1.4	9.8	4	11	9	2	2	5	5	10	8	4	1
19820366	xiaolin xiong	-0.8	1.2	-0.8	5.0	6	3	3	5	1	1	3	5	2	3	0
19820366	xiaoniu yang	0.2	5.4	0.5	4.5	5	5	3	5	6	3	5	4	8	7	6
19820366	xiaoping yang	0.3	2.9	-0.2	5.6	1	3	1	2	3	1	2	8	8	4	3
19820366	xiaowei zhan	1.5	6.1	-2.8	19.6	0	0	0	1	7	10	12	16	20	4	4
19820366	xiaoye zhang	0.0	0.0	0.8	-1.6	0	0	0	0	0	0	0	0	0	0	4
19820366	xiaoyuan yan	1.1	14.3	-2.5	14.3	10	7	14	10	14	8	8	12	11	3	0
19820366	xie xin	0.0	8.0	-5.1	24.1	8	9	5	11	7	12	19	14	10	1	0
19820366	xie zhiyuan	1.2	25.2	-2.9	27.7	16	22	27	20	23	24	19	26	23	19	8
19820366	xing zhizhong	0.0	0.0	0.0	0.0	0	0	0	0	0	0	0	0	0	0	0
19820366	xingang zhang	0.7	12.5	-4.3	20.3	8	10	11	13	10	21	15	14	7	1	0
19820366	xingjiang zhou	0.0	0.0	0.9	-0.1	0	0	0	0	0	0	0	2	5	1	5
19820366	xinyu zhang	-0.4	-0.6	0.0	4.4	2	0	1	0	0	1	5	4	3	6	4
19820366	xiong zhiqi	1.9	8.3	1.2	1.0	0	0	2	3	8	5	2	5	2	7	7
19820366	xu xudong	0.5	3.3	-0.2	4.6	1	2	0	3	3	2	5	3	4	5	3
19820366	xu xuejun	-0.6	5.6	0.4	2.2	6	9	9	11	2	3	3	3	3	3	5
19820366	xu zhiheng	0.5	2.7	0.7	2.3	0	1	1	2	2	5	2	5	6	2	7
19820366	xuechu zhen	1.3	5.5	-0.9	9.1	0	1	0	0	7	10	10	6	4	7	5
19820366	xueming yang	0.0	0.0	-0.4	1.6	0	0	0	0	0	0	2	0	0	0	0
19820366	xunhua zheng	0.5	4.1	0.4	7.8	1	4	1	3	4	9	7	7	15	7	9
19820366	xunlai yuan	1.8	8.4	0.9	1.9	1	1	0	5	8	4	6	1	3	4	9
19820366	yan yihua	2.7	13.7	-0.5	10.5	1	3	4	8	12	14	11	10	7	7	10
19820366	yan yonghong	9.0	45.2	-0.5	31.3	8	5	8	29	41	46	37	17	36	32	27
19820366	yang ye	7.9	36.7	-4.4	37.4	2	5	8	12	38	25	31	28	29	20	13
19820366	yang zhenzhong	1.4	6.6	2.6	1.2	0	0	3	4	5	11	5	6	8	10	16
19820366	yangheng zheng	-2.6	-0.6	-2.4	16.0	18	2	7	6	3	6	5	18	17	4	0
19820366	yao yijian	-0.3	0.3	0.7	-0.7	3	1	0	0	2	0	0	2	0	1	4
19820366	yao yonggang	0.4	1.6	0.1	0.9	0	0	0	0	2	0	2	0	0	3	1
19820366	yao zhujun	0.9	4.1	-0.9	6.7	0	0	1	3	3	0	6	3	5	6	0
19820366	yapu zhao	-0.6	-0.4	1.8	4.8	1	4	2	0	0	5	4	10	14	10	13
19820366	yigang zhang	0.0	0.0	0.9	-1.1	0	0	0	0	0	0	0	0	3	1	4
19820366	yihua zhou	1.2	6.0	-0.6	4.8	1	0	2	4	5	9	4	4	2	4	1
19820366	yin zhan	0.0	0.8	1.0	0.0	0	1	2	1	0	3	1	2	4	2	6
19820366	yongfeng zhou	0.0	0.0	0.0	0.0	0	0	0	0	0	0	0	0	0	0	0
19820366	yonggui zhou	0.8	3.2	0.1	-0.1	0	0	0	0	4	1	0	0	0	1	0
19820366	yongqing zhang	0.2	0.8	0.3	0.5	0	0	0	0	1	0	1	1	1	2	2
19820366	yongsheng zhao	-0.6	1.6	-0.8	16.4	5	4	4	0	4	6	18	11	16	11	14
19820366	yu zhiming	0.2	1.8	0.5	1.5	2	0	0	2	2	0	2	0	6	5	2
19820366	yu zhiqiang	3.0	15.4	0.6	7.0	1	3	7	7	14	18	8	8	9	8	11
19820366	yuan zengqiang	1.1	5.3	0.7	5.5	1	0	2	1	6	5	7	5	8	10	8
19820366	yunlin zhang	0.5	8.1	-1.9	21.7	5	8	4	9	7	12	15	19	21	20	5
19820366	yushen zhang	0.0	0.0	0.0	0.0	0	0	0	0	0	0	0	0	0	0	0
19820366	zhang zhefeng	0.6	3.2	-1.4	10.4	0	2	0	2	3	3	7	8	8	8	0
19820366	zhang zhitao	0.2	4.6	0.0	2.8	1	9	1	5	4	14	2	1	7	3	1
19820366	zhang zhongping	1.2	9.4	2.5	6.3	4	5	6	3	11	7	7	14	16	11	21
19820366	zhao zongbao	-0.2	-0.4	0.0	0.0	1	0	0	0	0	0	0	0	0	0	0
19820366	zhonghe zhou	-0.2	0.2	1.3	2.9	2	0	1	0	1	4	4	7	4	10	9
19820366	丁克	0.0	0.0	-0.2	0.8	0	0	0	0	0	0	1	0	0	0	0
19820366	丁奎岭	0.0	0.0	0.0	0.0	0	0	0	0	0	0	0	0	0	0	0
19820366	何国威	0.0	0.0	-0.2	1.4	0	0	0	0	0	0	2	0	1	0	1
19820366	何圣贵	0.0	0.0	0.1	-0.1	0	0	0	0	0	0	0	0	0	1	0
19820366	何源	0.0	0.0	-0.4	1.6	0	0	0	0	0	0	2	0	0	0	0
19820366	侯增广	0.0	0.0	-0.3	1.3	0	0	0	0	0	0	1	1	0	0	0
19820366	傅声雷	0.0	0.0	0.2	-0.4	0	0	0	0	0	0	0	0	0	0	1
19820366	刘建胜	-0.1	-0.1	0.0	0.0	0	1	0	0	0	0	0	0	0	0	0
19820366	刘明	0.0	0.0	-0.2	1.8	0	0	0	0	0	0	1	1	3	1	0
19820366	刘迎芳	0.0	0.0	-0.2	0.8	0	0	0	0	0	0	1	0	0	0	0
19820366	刘青泉	0.0	0.4	0.0	0.0	0	0	2	0	0	0	0	0	0	0	0
19820366	卢灿忠	0.0	0.0	0.0	0.0	0	0	0	0	0	0	0	0	0	0	0
19820366	叶阳	0.0	0.0	0.0	0.6	0	0	0	0	0	0	0	1	1	1	0
19820366	周小红	0.0	0.0	0.1	-0.1	0	0	0	0	0	0	0	0	0	1	0
19820366	周忠和	0.0	0.0	0.0	0.0	0	0	0	0	0	0	0	0	0	0	0
19820366	周琪	0.0	0.0	0.2	-0.4	0	0	0	0	0	0	0	0	0	0	1
19820366	夏佳文	0.0	0.0	0.0	0.0	0	0	0	0	0	0	0	0	0	0	0
19820366	夏春谷	0.0	0.0	0.0	0.0	0	0	0	0	0	0	0	0	0	0	0
19820366	姬扬	0.0	0.0	0.0	0.0	0	0	0	0	0	0	0	0	0	0	0
19820366	孙兵	0.0	0.0	0.0	0.0	0	0	0	0	0	0	0	0	0	0	0
19820366	孙继荣	0.0	0.0	-0.1	0.5	0	0	0	0	0	0	0	1	0	0	0
19820366	宋卫国	0.0	0.0	0.0	0.0	0	0	0	0	0	0	0	0	0	0	0
19820366	宋林生	0.0	0.0	0.0	0.0	0	0	0	0	0	0	0	0	0	0	0
19820366	宋金宝	0.0	0.0	0.2	-0.4	0	0	0	0	0	0	0	0	0	0	1
19820366	宋金明	0.0	0.0	0.1	-0.1	0	0	0	0	0	0	0	0	0	1	0
19820366	张文清	0.0	0.0	0.1	-0.1	0	0	0	0	0	0	0	0	0	1	0
19820366	张新宇	0.0	0.0	-0.1	0.5	0	0	0	0	0	0	0	1	0	0	0
19820366	张玉虎	0.0	0.0	0.0	0.0	0	0	0	0	0	0	0	0	0	0	0
19820366	张运林	0.0	0.0	0.0	0.2	0	0	0	0	0	0	0	0	1	0	0
19820366	徐军	0.0	0.0	0.5	-0.5	0	0	0	0	0	0	0	0	1	3	1
19820366	成昭华	0.0	0.0	0.1	-0.1	0	0	0	0	0	0	0	0	0	1	0
19820366	戴兰宏	0.2	1.2	0.0	0.0	0	0	2	0	1	0	0	0	0	0	0
19820366	方海平	0.0	0.0	0.0	0.2	0	0	0	0	0	0	0	0	1	0	0
19820366	曹军骥	0.0	0.0	0.1	-0.1	0	0	0	0	0	0	0	0	0	1	0
19820366	朱庆山	0.0	0.0	-0.2	1.4	0	0	0	0	0	0	1	0	3	0	0
19820366	朱日祥	0.0	0.0	0.0	0.0	0	0	0	0	0	0	0	0	0	0	0
19820366	朱江	0.0	0.0	0.0	0.0	0	0	0	0	0	0	0	0	0	0	0
19820366	李佳	0.0	0.0	0.1	-0.1	0	0	0	0	0	0	0	0	0	1	0
19820366	李建奇	0.0	0.0	0.0	0.0	0	0	0	0	0	0	0	0	0	0	0
19820366	李建平	0.0	0.0	-0.1	0.5	0	0	0	0	0	0	0	1	0	0	0
19820366	李志远	0.0	0.0	0.2	-0.4	0	0	0	0	0	0	0	0	0	0	1
19820366	李献华	0.0	0.0	0.0	0.0	0	0	0	0	0	0	0	0	0	0	0
19820366	李玉同	0.0	0.0	-0.1	0.5	0	0	0	0	0	0	0	1	0	0	0
19820366	林君	0.0	0.0	0.0	0.0	0	0	0	0	0	0	0	0	0	0	0
19820366	柳晓军	0.0	0.0	-0.1	0.5	0	0	0	0	0	0	0	1	0	0	0
19820366	樊菁	0.0	0.0	0.0	0.2	0	0	0	0	0	0	0	0	1	0	0
19820366	汪筱林	0.0	0.0	0.2	-0.4	0	0	0	0	0	0	0	0	0	0	1
19820366	牛智川	0.0	0.0	0.2	-0.4	0	0	0	0	0	0	0	0	0	0	1
19820366	王志光	0.0	0.0	0.0	0.0	0	0	0	0	0	0	0	0	0	0	0
19820366	王慧	0.0	0.0	0.2	-0.4	0	0	0	0	0	0	0	0	0	0	1
19820366	王楠林	0.0	0.0	0.0	0.0	0	0	0	0	0	0	0	0	0	0	0
19820366	王秀杰	0.0	0.0	0.0	0.2	0	0	0	0	0	0	0	0	1	0	0
19820366	王赟	0.0	0.0	-0.2	0.8	0	0	0	0	0	0	1	0	0	0	0
19820366	王鹏业	0.0	0.0	0.1	-0.1	0	0	0	0	0	0	0	0	0	1	0
19820366	秦伯强	0.0	0.0	0.0	0.0	0	0	0	0	0	0	0	0	0	0	0
19820366	罗先刚	0.0	0.0	0.0	0.0	0	0	0	0	0	0	0	0	0	0	0
19820366	肖立业	0.0	0.0	0.0	0.0	0	0	0	0	0	0	0	0	0	0	0
19820366	胡立宏	0.0	0.0	0.0	0.4	0	0	0	0	0	0	0	0	2	0	0
19820366	谢平	0.0	0.0	-0.1	0.5	0	0	0	0	0	0	0	1	0	0	0
19820366	赵亚溥	0.0	0.0	-0.2	1.2	0	0	0	0	0	0	1	1	0	1	0
19820366	赵德刚	0.0	0.0	-0.2	0.8	0	0	0	0	0	0	1	0	0	0	0
19820366	赵红卫	0.0	0.0	0.0	0.0	0	0	0	0	0	0	0	0	0	0	0
19820366	邓成龙	0.0	0.0	0.1	-0.1	0	0	0	0	0	0	0	0	0	1	0
19820366	郑婉华	-0.2	-0.4	-0.4	1.6	1	0	0	0	0	0	2	0	0	0	0
19820366	郝郑平	0.0	0.0	0.0	0.0	0	0	0	0	0	0	0	0	0	0	0
19820366	金奎娟	0.0	0.0	0.0	0.2	0	0	0	0	0	0	0	0	1	0	0
19820366	陆日宇	0.0	0.0	0.0	0.0	0	0	0	0	0	0	0	0	0	0	0
19820366	陈学元	0.0	0.0	-0.2	0.8	0	0	0	0	0	0	1	0	0	0	0
19820366	陈少华	0.0	0.0	0.0	0.0	0	0	0	0	0	0	0	0	0	0	0
19820366	陈效双	0.0	0.0	0.1	-0.1	0	0	0	0	0	0	0	0	0	1	0
19820366	雒建林	0.0	0.0	-0.1	0.5	0	0	0	0	0	0	0	1	0	0	0
19820366	顾长志	0.0	0.0	0.0	0.2	0	0	0	0	0	0	0	0	1	0	0
19820366	饶光辉	0.0	0.0	0.0	0.0	0	0	0	0	0	0	0	0	0	0	0
19820366	高福	0.0	0.0	0.0	0.0	0	0	0	0	0	0	0	0	0	0	0
19820366	高鸿钧	0.0	0.0	0.0	0.0	0	0	0	0	0	0	0	0	0	0	0
19820366	魏志义	0.0	0.0	0.0	0.0	0	0	0	0	0	0	0	0	0	0	0
19820366	齐涛	0.0	0.0	0.0	0.6	0	0	0	0	0	0	0	0	3	0	0
20231570	anyuan cao	4.8	24.4	-2.8	24.2	2	1	14	13	20	17	13	23	27	11	5
20231570	baoguo jiang	1.0	4.2	1.1	2.9	0	0	0	2	4	4	2	6	9	7	7
20231570	bin chen	-4.9	15.1	-2.4	17.6	31	41	37	26	14	23	18	6	11	16	1
20231570	bin liu	-0.5	0.9	0.3	3.9	4	3	0	4	1	0	4	6	5	1	8
20231570	cai shaoqing	0.4	5.4	1.5	2.7	4	2	5	6	4	14	3	9	4	10	10
20231570	canfei he	0.1	3.7	-3.0	16.8	2	4	4	5	2	6	10	12	15	2	0
20231570	changhui zhou	0.3	1.7	0.0	0.0	0	0	2	1	1	0	0	0	0	0	0
20231570	chen dayue	0.0	0.2	0.3	0.3	0	0	1	0	0	1	1	1	0	2	2
20231570	chen ke	-0.6	0.8	0.1	-0.1	4	4	1	2	2	2	0	0	0	1	0
20231570	chen min	-0.3	11.3	-3.3	17.3	13	14	11	9	14	11	12	10	14	1	0
20231570	chen peng	0.3	1.9	-0.3	2.3	0	0	3	1	1	0	3	1	1	0	2
20231570	chen yuyu	0.0	3.8	-1.3	6.1	5	3	2	5	4	2	5	3	3	0	0
20231570	chunjing wei	1.2	5.6	0.3	3.7	0	1	1	3	5	2	2	6	4	9	2
20231570	chunsheng zhou	0.2	2.2	-0.5	2.1	0	2	2	4	0	13	2	1	0	0	0
20231570	dai lun	0.0	8.2	-0.3	7.7	11	6	6	8	10	13	8	9	3	6	8
20231570	dai zhifei	0.0	1.0	0.2	12.6	0	1	3	1	0	10	12	18	6	16	14
20231570	dechun zou	0.0	0.0	1.9	-2.7	0	0	0	0	0	0	0	1	2	4	8
20231570	fan wang	2.9	18.3	0.8	11.2	3	2	16	17	10	7	10	19	11	9	19
20231570	fang jing	0.3	2.7	-1.0	7.4	2	1	1	2	3	5	8	2	5	6	1
20231570	fuliu xu	-0.9	4.9	1.7	-2.3	12	5	8	6	7	2	1	0	2	3	8
20231570	furong xu	1.1	5.5	0.1	5.1	0	1	1	6	3	7	4	5	6	10	2
20231570	gan shaobo	0.5	3.3	0.6	-0.8	1	2	1	1	4	0	0	0	1	2	2
20231570	gu ying	-1.3	1.7	-2.5	11.5	9	6	5	5	3	7	6	13	1	0	0
20231570	guo hong	4.2	30.8	6.1	3.1	9	14	19	24	25	14	11	17	14	30	35
20231570	guo xuefeng	2.5	13.1	1.1	9.5	1	1	8	8	10	13	13	7	14	16	14
20231570	guoping wang	1.4	12.8	-0.7	8.1	2	4	19	14	4	7	6	8	8	3	5
20231570	hanqing zheng	0.4	3.0	0.1	0.1	1	2	0	4	2	0	0	0	1	1	0
20231570	hansheng wang	1.1	7.7	-1.6	8.2	4	2	3	5	8	6	5	7	4	1	0
20231570	he jinsheng	-0.1	1.7	0.7	0.5	4	1	0	2	3	1	2	1	3	2	5
20231570	hongyan liu	1.6	11.2	2.2	6.2	4	4	8	4	12	13	6	7	16	29	6
20231570	hu yongyun	0.2	3.0	0.0	4.4	2	2	3	2	3	1	3	5	6	5	3
20231570	huang jianbin	1.6	9.6	1.4	3.4	4	1	3	7	9	2	5	5	8	11	9
20231570	huang ruji	0.0	0.0	0.0	0.0	0	0	0	0	0	0	0	0	0	0	0
20231570	huazhong tang	0.1	3.7	1.0	0.4	3	4	2	5	3	1	2	1	5	3	6
20231570	jianjun tao	0.4	3.0	-1.0	5.0	1	0	4	2	2	0	6	2	0	0	2
20231570	jianzhong xi	0.0	2.6	0.0	2.2	2	4	2	2	3	0	1	2	4	4	0
20231570	jie shi	0.1	6.1	3.4	-0.8	4	4	13	3	5	9	5	4	11	6	21
20231570	jinren ni	0.0	0.0	0.6	-1.2	0	0	0	0	0	0	0	0	0	0	3
20231570	kaixin liu	0.0	0.0	0.8	-0.8	0	0	0	0	0	0	0	0	2	4	2
20231570	kong wei	1.2	6.2	0.9	5.3	0	2	3	2	6	9	7	6	9	7	11
20231570	li tiejun	0.0	1.8	0.4	2.6	2	1	2	3	1	1	3	3	6	1	6
20231570	li weigu	-0.4	1.4	0.3	1.1	2	3	6	1	1	1	0	2	4	3	1
20231570	li yi	0.6	2.6	0.5	0.9	0	0	0	2	2	1	2	1	3	2	4
20231570	li zichen	0.8	11.2	-2.7	17.3	6	8	8	16	6	6	16	12	7	5	6
20231570	limei xu	0.9	5.7	-1.4	6.4	1	2	4	3	5	6	5	4	2	0	0
20231570	limin qi	1.4	7.2	-0.2	7.2	2	2	0	2	9	7	6	8	8	4	7
20231570	lingdong sun	-1.5	7.3	-3.7	20.9	20	11	5	10	13	6	11	17	19	2	0
20231570	liping wei	-0.5	4.1	-0.2	5.6	5	9	6	2	6	3	6	4	4	8	3
20231570	liu peidong	-0.1	0.5	-0.2	1.4	1	1	1	0	1	1	1	2	0	0	1
20231570	liu yuxin	1.9	10.9	-0.7	15.1	3	0	8	5	10	5	14	12	15	15	9
20231570	meng zhiyong	0.1	1.5	-0.9	5.7	2	0	1	1	2	1	2	5	8	0	0
20231570	min shao	2.2	19.2	2.4	8.8	8	8	16	16	15	14	8	21	15	11	25
20231570	minghui zhao	2.5	12.3	1.6	12.8	0	3	2	10	9	12	10	22	19	16	21
20231570	pengfei tu	1.4	7.8	-1.6	24.0	0	3	4	5	6	15	21	22	18	22	13
20231570	renxin xu	1.3	5.9	-0.4	4.4	0	1	0	4	5	1	3	4	4	4	1
20231570	she zhensu	0.8	3.2	-0.9	6.1	0	0	0	0	4	1	6	5	1	2	3
20231570	shuguang song	0.7	5.3	-1.0	10.8	2	2	5	1	6	3	12	9	4	5	9
20231570	sodmergen	-0.1	1.3	0.3	1.7	3	0	2	1	2	0	2	2	2	5	2
20231570	wu yundong	0.9	5.7	-0.6	14.0	2	1	5	0	7	4	12	13	14	13	9
20231570	xing zhang	8.7	62.1	12.2	19.2	22	22	42	35	59	43	40	33	55	67	84
20231570	xueqing yan	1.4	8.4	-1.2	10.0	2	3	4	3	9	7	6	11	6	7	2
20231570	yang yong	0.3	5.7	-2.4	16.8	4	4	6	5	5	9	10	8	26	4	0
20231570	yawen zhang	1.8	14.8	0.6	4.4	6	4	13	14	10	11	4	7	8	3	9
20231570	yufeng zheng	-0.1	1.3	0.6	-0.2	1	3	1	2	1	2	1	0	1	4	2
20231570	zhang zhixue	0.3	2.3	0.3	3.7	1	0	3	1	2	2	5	4	4	3	7
20231570	古英	-0.2	-0.4	0.0	0.0	1	0	0	0	0	0	0	0	0	0	0
20231570	朱卫国	0.0	0.0	0.2	-0.4	0	0	0	0	0	0	0	0	0	0	1
20231570	许甫荣	0.0	0.0	0.0	0.0	0	0	0	0	0	0	0	0	0	0	0
20231570	郑汉青	0.0	0.0	0.0	0.2	0	0	0	0	0	0	0	0	1	0	0
21193070	feng teng	-5.7	2.1	1.6	10.8	33	23	19	10	11	9	11	12	20	20	15
21193070	li pei	2.3	18.9	-0.9	17.5	4	10	19	13	14	18	11	14	26	19	4
21193070	wang yongsheng	6.1	29.9	-1.4	41.0	1	4	10	19	24	11	25	51	49	31	28
21945476	hexing li	1.3	17.3	1.8	16.6	15	12	8	9	23	26	24	11	22	29	24
21945476	yang zhongnan	0.5	3.7	1.0	4.4	1	3	1	2	4	5	5	6	8	10	8
21945476	李和兴	0.0	0.0	0.0	0.0	0	0	0	0	0	0	0	0	0	0	0
24185976	changsheng zhao	3.5	22.1	2.1	19.7	4	10	12	11	21	15	20	27	25	28	30
24185976	chen yingchun	4.4	31.6	1.1	13.7	10	12	19	26	25	23	18	13	17	14	23
24185976	fuqiang wen	0.0	0.0	2.9	-2.7	0	0	0	0	0	0	1	3	5	8	13
24185976	hong tan	1.0	11.2	-2.6	14.8	6	3	14	11	7	11	7	13	14	1	0
24185976	jingsong you	2.3	14.5	6.3	8.3	4	4	7	11	12	21	15	12	41	31	37
24185976	liangang peng	-0.1	0.3	0.0	0.0	1	0	1	1	0	1	0	0	0	0	0
24185976	qiao zhou	0.0	0.0	0.7	-0.5	0	0	0	0	0	0	0	2	0	3	3
24185976	qingyuan wang	0.0	3.6	3.5	5.9	3	5	3	3	4	5	6	14	16	31	15
24185976	weinian zhang	0.6	10.4	-0.2	10.2	3	11	13	9	7	17	7	13	11	9	8
24943067	baorong lu	0.8	3.8	0.5	7.3	0	0	2	2	3	4	5	13	7	10	9
24943067	changchun wang	1.3	9.3	-2.0	18.0	4	3	6	4	10	15	16	12	12	16	4
24943067	chen daofeng	0.3	8.1	0.2	5.2	5	7	10	8	6	11	6	5	5	7	6
24943067	chen daoyong	0.2	7.8	0.8	3.2	8	5	9	5	9	8	6	2	4	10	6
24943067	chen jiang	1.7	12.9	-2.6	14.2	4	7	10	4	14	5	10	8	12	2	0
24943067	chen zhanghai	0.9	8.1	-1.1	11.1	1	6	7	9	4	7	11	5	12	6	5
24943067	chunhui deng	0.3	16.9	-4.0	22.4	14	18	18	11	19	16	11	23	13	5	0
24943067	dalin sun	0.2	4.4	0.4	8.4	4	5	1	3	6	14	10	8	9	10	11
24943067	dean ta	0.9	8.3	-2.1	9.5	6	2	6	5	9	7	6	9	1	0	0
24943067	feng qiu	2.0	8.8	2.6	2.6	0	0	3	2	9	13	6	8	8	14	16
24943067	huang lihua	0.2	7.8	-0.4	4.2	5	9	8	7	7	6	5	2	3	2	3
24943067	huang zhili	-0.1	0.7	0.5	1.3	1	0	3	1	0	1	3	2	1	3	5
24943067	jiang zuimin	-1.1	2.3	1.3	3.5	9	6	5	3	5	3	4	7	8	8	10
24943067	jilie kong	0.7	8.1	-2.1	19.9	5	5	5	8	7	7	16	16	14	17	5
24943067	jin qingyuan	0.0	0.0	0.2	-0.2	0	0	0	0	0	0	0	0	0	2	0
24943067	li xiang	4.2	27.2	-7.2	37.8	8	8	14	20	23	15	29	18	30	4	0
24943067	liejia qian	3.8	21.0	-1.9	12.5	4	5	6	15	18	14	16	2	7	3	6
24943067	liu tianxi	0.7	13.3	2.3	12.7	12	9	10	10	15	18	13	21	15	28	21
24943067	peiyi wu	0.9	4.9	4.8	-4.6	1	2	1	1	6	4	3	4	3	20	19
24943067	shiming zhou	-0.2	-0.4	0.4	-0.2	1	0	0	0	0	0	0	0	3	0	2
24943067	tang yi	3.1	15.5	1.7	8.9	1	2	7	7	14	10	10	13	15	14	18
24943067	tao yi	-3.6	3.0	0.7	8.5	14	25	18	7	5	7	11	6	11	15	10
24943067	wendong xu	0.5	3.9	-1.9	11.5	0	3	2	6	1	3	3	16	7	3	0
24943067	wu yizheng	0.0	0.0	0.2	0.2	0	0	0	0	0	0	0	1	1	1	1
24943067	wu yuping	2.7	17.7	-7.0	34.0	7	7	5	10	19	19	26	20	17	2	0
24943067	wu zhiying	0.4	1.8	-1.6	12.6	0	0	0	2	1	6	7	14	8	8	2
24943067	xia yongyao	5.4	29.2	3.7	8.3	1	5	16	25	18	13	7	22	17	29	22
24943067	yanlei yu	0.1	7.9	0.5	3.1	8	7	7	8	8	7	3	6	3	5	6
24943067	yuan zhenghong	1.2	5.6	0.0	7.4	1	1	0	1	7	5	7	10	4	8	8
24943067	唐颐	0.0	0.0	0.0	0.0	0	0	0	0	0	0	0	0	0	0	0
24943067	蒋最敏	0.0	0.0	0.2	-0.4	0	0	0	0	0	0	0	0	0	0	1
24943067	陆豪杰	0.0	0.0	0.2	-0.4	0	0	0	0	0	0	0	0	0	0	1
25254941	baoyuan liu	0.0	0.0	0.8	-1.4	0	0	0	0	0	0	0	0	0	2	3
25254941	cheng ying	0.5	4.9	1.8	1.0	2	3	3	6	3	3	3	6	6	4	13
25254941	feng shiping	1.4	8.6	1.4	3.8	1	3	6	5	7	2	6	6	6	12	10
25254941	fengshou zhang	0.2	10.2	1.2	9.0	8	10	11	10	9	7	8	9	18	19	9
25254941	li xiaoyan	-0.2	2.8	0.2	5.8	4	3	3	5	2	5	8	4	8	2	10
25254941	liu yajun	1.1	9.9	-1.6	11.2	5	5	6	8	9	3	10	6	6	10	0
25254941	xia xinghui	2.5	15.3	-2.1	15.7	3	3	10	12	11	14	12	11	13	8	3
25254941	xiangdong zhang	0.7	8.7	-1.6	12.2	3	7	10	6	7	15	9	10	9	6	3
25757504	fubao zhou	0.8	3.8	-2.0	18.6	0	1	0	3	3	4	10	18	18	16	1
25757504	jiachen wang	0.5	2.5	0.2	0.8	1	0	0	1	3	0	2	1	0	1	3
25757504	jianyong qiao	0.2	1.4	0.3	0.3	1	0	1	0	2	1	0	2	0	3	1
25757504	yuemin zhao	0.0	0.0	1.1	-0.3	0	0	0	0	0	0	1	2	2	5	5
25757504	缪协兴	0.0	0.0	0.0	0.0	0	0	0	0	0	0	0	0	0	0	0
25757504	赵跃民	0.0	0.0	0.0	0.0	0	0	0	0	0	0	0	0	0	0	0
27357992	jianfeng zhang	0.2	2.2	0.0	0.0	2	0	2	2	2	3	0	0	0	0	0
27357992	kang zhan	2.2	16.0	-1.0	7.0	6	7	8	11	15	6	2	7	10	1	0
27357992	keqiu li	3.9	28.5	4.2	7.0	8	10	18	31	17	20	10	21	18	15	34
27357992	qing yang	-0.9	11.1	-2.9	17.9	18	13	12	12	14	7	10	13	19	4	0
27357992	qinghua zhu	2.0	11.0	-1.0	10.0	0	3	5	11	6	7	8	8	9	6	4
27357992	xu yongping	0.0	0.0	0.0	0.0	0	0	0	0	0	0	0	0	0	0	0
28813325	renbiao wu	-0.6	0.6	3.2	1.4	5	1	2	3	1	5	1	5	20	19	10
31595395	chengshan wang	0.0	0.0	1.5	-2.7	0	0	0	0	0	0	0	0	1	1	7
31595395	huang runqiu	0.0	0.0	0.3	-0.5	0	0	0	0	0	0	0	0	0	1	1
31595395	tuo xianguo	0.1	2.3	-1.5	11.7	0	5	0	4	1	5	8	9	11	6	2
31595395	庹先国	0.0	0.0	0.0	0.0	0	0	0	0	0	0	0	0	0	0	0
31595395	黄润秋	0.0	0.0	0.0	0.0	0	0	0	0	0	0	0	0	0	0	0
36399199	che wenquan	0.0	16.0	5.2	26.2	15	24	7	14	20	34	31	39	40	45	54
36399199	jian yang	2.9	19.1	2.2	24.8	10	3	8	10	21	20	27	28	35	30	37
36399199	yonghao zhao	0.2	1.0	2.2	-0.2	0	0	1	0	1	1	3	3	6	9	11
37461747	bian zhuan	1.8	9.8	-2.3	14.7	1	4	1	8	8	17	10	13	9	4	3
37461747	chen hua	0.0	1.2	2.2	-1.8	2	0	1	2	1	5	3	2	0	8	11
37461747	chuluo yang	1.4	16.8	2.8	11.8	11	9	15	11	17	18	19	16	17	16	33
37461747	daiwen pang	0.9	4.7	4.1	-2.6999999999999984	1	1	1	2	5	4	2	7	6	14	19
37461747	deyin guo	1.5	8.1	0.7	2.9	0	5	1	4	8	11	2	4	8	7	4
37461747	dianqing li	0.2	3.4	2.7	8.9	2	3	4	1	4	7	15	10	16	21	23
37461747	dihua wang	-0.2	4.8	-0.3	12.1	5	8	4	4	6	11	7	10	19	19	1
37461747	feng yuqi	5.7	31.7	2.5	16.3	8	4	9	27	25	24	21	21	21	24	32
37461747	guoping wang	0.0	1.0	0.9	-0.9	0	2	1	2	0	0	0	1	1	4	3
37461747	huang shuangquan	0.5	3.9	0.7	1.7	2	1	2	4	3	1	3	3	2	6	5
37461747	huijiang zhao	0.8	6.8	1.9	-0.9	1	3	10	3	5	2	1	3	4	8	8
37461747	li zhen	5.6	43.2	-2.8	40.4	15	23	25	29	40	37	25	40	39	50	6
37461747	liu yi	0.4	25.2	4.2	15.2	22	27	16	35	20	21	26	21	20	29	43
37461747	lu xin	1.0	4.2	2.4	-2.0	0	0	0	2	4	4	1	2	6	6	11
37461747	mengxiang sun	0.2	1.4	0.7	1.3	1	0	0	2	1	1	2	2	4	5	4
37461747	shaodong zhang	1.3	6.9	1.5	1.3	0	2	3	5	5	5	5	3	3	8	10
37461747	xiaolian zhang	0.4	10.0	1.7	2.1	8	7	12	7	10	3	2	9	5	10	10
37461747	刘义	0.0	0.0	0.0	0.0	0	0	0	0	0	0	0	0	0	0	0
37574244	li shigui	0.0	3.6	1.1	0.5	3	5	3	3	4	4	3	1	5	2	8
37796252	baocai yin	0.5	11.5	-0.9	19.5	6	12	11	13	8	19	25	10	14	19	16
37796252	song xiaoyan	-1.7	8.5	-2.8	16.2	23	11	10	8	16	8	10	13	11	5	0
39333907	fucheng zhang	0.2	1.4	-0.5	2.7	0	1	1	1	1	1	1	3	2	0	0
39333907	li xiaoli	1.2	8.8	-2.0	12.0	3	4	5	6	8	11	11	8	4	4	3
39333907	liu zhongyuan	2.0	15.6	1.1	13.5	1	9	17	11	10	16	16	13	21	12	22
40963666	changjiang zhu	0.3	4.5	0.6	4.4	2	4	5	3	4	6	6	4	7	6	8
40963666	guangfu yang	1.5	17.7	1.8	12.2	3	17	19	16	11	14	17	10	20	20	21
40963666	peng shuangjie	0.0	4.4	0.7	2.1	4	4	6	4	4	5	3	4	2	7	5
40963666	yadong yang	1.3	11.1	1.2	0.0	3	6	11	7	9	3	2	3	1	5	7
47720641	ding ma	0.0	0.2	5.3	-5.5	0	0	1	0	0	0	0	6	9	15	22
47720641	he li	0.0	0.0	0.6	0.0	0	0	0	0	0	0	1	1	2	1	4
47720641	huaichun zhou	1.7	19.5	-3.8	17.0	13	9	18	12	20	9	18	5	3	1	1
47720641	huang shiang	0.0	0.0	1.1	1.9	0	0	0	0	0	0	2	4	7	7	6
47720641	huanzhong shi	0.0	0.0	-0.7	5.1	0	0	0	0	0	0	4	3	6	0	2
47720641	jianfeng zhou	1.6	21.0	2.1	12.7	12	15	15	23	16	14	15	16	21	19	24
47720641	jiang tao	2.3	27.3	-6.2	55.4	15	19	23	18	27	26	37	48	50	38	11
47720641	jun wu	-0.2	12.0	-0.6	12.6	8	18	13	16	8	20	10	14	10	12	8
47720641	liangcheng tu	-0.2	1.4	-1.0	5.4	2	3	2	1	2	1	4	4	2	2	0
47720641	liu zheng	0.7	10.5	-1.9	15.1	8	10	5	5	14	6	16	7	9	10	5
47720641	luo xiaoping	0.0	0.0	1.3	0.3	0	0	0	0	0	0	0	6	4	3	8
47720641	qingguo xie	3.5	21.7	-4.8	23.0	8	4	10	13	21	14	19	12	10	2	0
47720641	xiao yi	1.0	6.2	0.7	2.9	1	3	3	3	6	8	3	5	4	8	5
47720641	xiaolin xie	0.5	5.3	1.0	9.0	1	8	1	3	6	4	10	12	10	14	14
47720641	xinliang zhang	4.2	63.2	3.4	37.4	27	54	67	60	45	53	46	39	51	39	63
47720641	张新亮	0.0	0.0	0.0	0.0	0	0	0	0	0	0	0	0	0	0	0
50760025	lu renquan	-1.6	0.4	-6.1	29.5	12	6	0	2	6	19	23	16	16	1	0
51622183	hongjie luo	0.0	0.0	0.0	0.4	0	0	0	0	0	0	0	0	2	0	0
52158045	cai wanzhi	0.9	7.5	-0.9	9.9	4	2	4	9	5	3	7	12	4	9	4
52158045	cui sheng	0.0	0.6	0.0	0.0	1	0	1	0	1	0	0	0	0	0	0
52158045	dawei li	0.5	4.1	1.5	-1.1	0	4	3	3	3	4	2	3	0	2	10
52158045	ding yang	0.4	2.0	3.2	6.6	1	0	0	0	3	2	11	9	21	17	23
52158045	dongtao ren	0.2	0.8	0.0	0.0	0	0	0	0	1	0	0	0	0	0	0
52158045	hanchun yang	1.9	10.7	-1.4	13.8	1	4	4	7	9	11	15	8	7	12	6
52158045	jianbo shen	0.1	3.1	1.2	4.6	3	3	1	4	3	2	6	10	5	6	14
52158045	jinsheng lai	1.4	5.8	0.5	4.3	0	0	0	2	6	9	4	7	5	6	7
52158045	liu qingchang	0.0	0.0	0.5	0.3	0	0	0	0	0	0	0	3	1	2	3
52158045	liu xuejun	0.1	8.9	-3.0	20.6	6	11	10	8	8	7	8	20	24	6	0
52158045	liu zhiyong	0.1	1.3	0.3	0.3	1	1	0	2	1	2	1	0	2	1	2
52158045	meijia zhang	0.3	1.5	0.0	0.2	0	0	0	3	0	0	0	0	1	0	0
52158045	ni zhongfu	0.4	6.8	1.1	5.3	3	8	5	6	6	13	6	7	9	12	9
52158045	ning yang	0.0	0.0	1.9	-1.5	0	0	0	0	0	0	1	1	4	8	7
52158045	qiao shiyan	0.0	2.4	1.2	3.4	4	1	1	3	3	3	3	6	10	8	8
52158045	yaofeng zhao	0.0	0.0	0.5	-0.5	0	0	0	0	0	0	0	1	0	2	2
55712492	chen shengyong	2.3	21.9	-4.1	27.3	15	12	7	17	24	19	23	19	10	22	1
58200834	che xiaoyan	0.1	5.7	0.2	5.2	3	6	9	5	4	2	3	9	5	7	5
58200834	jing nie	0.8	3.2	0.6	3.8	0	0	0	0	4	7	6	4	6	2	10
58200834	xiangmin xu	0.1	0.7	0.8	0.2	0	0	1	1	0	2	2	2	1	2	6
58200834	xinhong zhu	0.2	2.2	-0.3	2.3	0	1	4	3	0	3	2	2	1	1	1
59028903	dehai luo	0.0	0.0	-0.3	2.1	0	0	0	0	0	0	1	2	2	1	0
59028903	geng meiyu	2.1	10.5	-2.0	10.2	0	2	3	9	7	8	9	4	6	2	0
59028903	li sanzhong	3.0	19.4	1.4	18.0	5	7	11	11	18	12	8	17	42	41	3
59028903	liu sumei	0.6	7.2	0.0	8.2	4	5	4	9	5	4	8	11	2	13	7
59028903	wang zhenyu	0.9	10.9	-1.3	9.9	5	9	9	8	10	9	6	8	9	7	0
61057504	taiyun wei	0.5	5.9	-0.5	6.7	3	5	3	6	5	4	5	6	6	7	2
65081225	hailong li	0.6	4.8	0.0	6.4	2	0	4	8	1	6	7	6	5	8	6
65081225	jianwei li	0.3	4.5	-1.5	15.1	5	1	2	6	4	9	12	13	7	20	1
65081225	jinnan tong	-0.3	1.1	1.3	1.9	4	0	2	3	1	1	2	6	4	11	6
65081225	junfeng zhang	0.9	7.1	-1.6	8.6	4	2	3	7	6	6	8	2	7	2	0
65081225	liu yongsheng	1.4	13.8	0.3	15.1	4	7	19	7	11	11	16	15	15	18	16
65081225	shi xiaoying	0.0	0.0	-0.1	0.7	0	0	0	0	0	0	0	1	1	0	0
65081225	wang yanxin	1.1	5.9	6.3	-3.7	0	1	4	4	4	7	5	11	11	14	35
65081225	zhang zhaochong	1.8	12.4	1.4	10.2	3	6	8	6	12	8	14	9	18	11	20
66867065	chungang duan	-0.9	2.3	3.5	4.3	8	4	5	5	3	6	9	12	11	19	23
66867065	hebing rui	-0.1	1.5	-0.2	2.0	2	3	0	2	2	1	2	2	1	0	2
66867065	jian wu	-3.3	4.3	-1.9	12.1	25	15	9	12	10	7	5	10	16	1	0
66867065	junliang zhang	-0.8	15.0	-8.0	43.0	13	21	24	19	10	20	24	36	31	4	0
66867065	ruiliang zhu	0.4	2.8	1.5	1.1	0	2	2	2	2	2	2	7	3	6	10
66867065	tang zheng	-0.1	1.3	-0.8	4.8	1	1	5	0	1	2	0	8	4	0	0
75390827	biaohua chen	3.0	15.2	1.0	9.2	0	4	8	4	15	8	10	10	15	12	14
75390827	feng wang	0.9	6.5	3.5	6.9	3	2	0	11	3	17	15	10	15	19	28
75390827	min wei	5.9	37.1	-1.6	34.2	9	13	16	28	31	23	33	29	31	29	25
75390827	sun xiaoming	1.0	4.0	4.4	11.6	0	0	0	0	5	11	15	16	31	34	28
75390827	xiaoping zheng	1.2	7.2	0.0	0.0	3	0	2	8	5	2	0	0	0	0	0
75390827	yu zhongzhen	1.2	8.2	0.6	12.4	3	2	4	8	6	11	16	11	14	11	19
76130692	baoliang chen	-0.2	4.6	-1.6	10.0	5	5	5	9	2	8	7	6	9	4	0
76130692	bo feng	1.5	10.5	1.3	3.1	2	8	5	3	12	7	6	5	6	6	12
76130692	chao gao	1.7	14.9	-1.2	21.6	1	11	15	14	8	22	16	22	15	32	5
76130692	chen hongzheng	-0.4	3.6	0.0	15.6	4	4	10	4	2	2	15	14	20	14	15
76130692	chen renpeng	0.8	7.8	-0.2	6.2	1	6	9	6	5	2	6	6	3	10	3
76130692	fang qun	0.6	5.2	0.9	4.5	0	4	5	6	2	8	6	7	7	4	12
76130692	feihe huang	2.7	15.9	-3.7	36.5	2	6	8	9	14	19	33	28	26	23	17
76130692	fucheng lin	1.9	8.5	-0.5	3.1	1	1	0	2	10	2	4	1	0	2	1
76130692	gongyin ye	1.5	8.9	0.6	1.4	1	4	4	5	8	7	2	2	4	4	4
76130692	he xiaofei	2.1	14.1	0.6	11.8	4	7	4	12	12	18	12	16	10	14	16
76130692	honghe zhang	0.0	0.8	-2.0	10.0	1	1	0	1	1	4	5	11	3	1	0
76130692	huang jun	1.0	5.2	-1.0	5.0	1	0	2	4	4	4	4	3	2	1	0
76130692	jianxin liu	0.6	3.6	2.4	7.2	1	0	2	4	2	2	4	14	20	22	12
76130692	jin yongfeng	-0.7	1.9	0.3	2.9	4	5	6	4	1	5	3	4	5	1	6
76130692	junhu zhou	0.8	4.6	5.1	1.7	1	1	1	5	3	5	4	14	16	29	22
76130692	lin qiang	0.0	7.0	0.8	1.4	11	4	4	6	10	15	3	3	2	5	6
76130692	liu weiping	1.5	6.9	-2.1	12.7	0	0	4	1	7	4	8	9	11	4	0
76130692	lixin zhang	-1.6	4.8	-0.1	5.9	11	14	9	8	6	5	4	7	7	6	4
76130692	luo yaozhi	1.4	8.6	-0.8	6.2	0	3	9	3	7	6	6	1	8	3	1
76130692	luo yingwu	-0.9	3.1	1.0	4.4	9	6	3	7	4	8	6	5	7	11	8
76130692	min qiu	2.3	15.7	-5.2	29.0	5	7	9	6	17	19	16	23	25	3	0
76130692	pan yuanjiang	0.0	26.4	0.5	16.9	27	29	22	25	29	33	18	22	11	19	22
76130692	ping wang	2.4	13.4	2.7	15.5	0	3	7	15	6	26	16	26	18	31	27
76130692	qu shaoxing	0.3	8.5	-1.9	8.9	8	5	10	6	9	13	7	5	4	0	0
76130692	shen zhicheng	0.0	0.0	0.4	0.2	0	0	0	0	0	0	0	1	2	3	1
76130692	su zeng	0.5	2.7	4.3	-0.1	0	0	3	1	2	2	6	6	14	15	23
76130692	tianhua zhou	0.6	4.8	0.0	3.0	3	2	1	4	5	2	2	4	4	2	3
76130692	wang xiaoguang	1.0	12.0	1.4	7.4	7	9	5	15	9	14	9	11	9	15	14
76130692	wang yizhen	0.0	5.2	1.5	8.7	5	6	6	2	7	7	10	11	19	6	20
76130692	weijun yang	0.0	0.0	1.3	-0.9	0	0	0	0	0	0	0	3	2	4	6
76130692	wu zhaohui	16.7	72.3	-13.5	70.1	0	3	6	34	68	70	78	23	15	20	12
76130692	xu yiming	0.6	3.6	-0.3	3.5	2	1	0	1	5	6	3	3	3	2	2
76130692	xu zhikang	4.3	23.1	2.2	11.2	1	7	10	14	19	28	13	11	28	15	22
76130692	xudong ye	-0.2	0.8	-0.1	1.9	1	3	0	3	0	2	2	1	2	2	1
76130692	陈红征	0.0	0.0	0.0	0.0	0	0	0	0	0	0	0	0	0	0	0
76214153	an lizhe	1.6	8.0	-0.5	14.5	0	1	5	3	7	20	16	10	15	11	13
76214153	baotian pan	-0.4	3.0	-0.2	8.0	1	12	1	4	3	3	9	7	5	9	7
76214153	desheng xue	1.6	15.4	2.8	14.4	10	8	7	12	16	13	24	16	17	22	35
76214153	she xuegong	1.5	16.3	0.3	11.9	8	8	16	15	12	10	11	16	11	11	15
76214153	yan zhao	2.3	12.3	-0.3	2.5	2	2	5	7	11	6	3	1	2	0	2
76569877	aiguo song	-1.2	17.8	-3.5	29.3	25	21	20	23	18	27	23	21	21	26	3
76569877	baowen xu	5.5	27.3	-6.1	39.1	1	4	11	15	23	30	35	23	19	22	5
76569877	changyin sun	2.8	16.0	1.3	26.5	2	7	4	11	14	25	27	37	19	34	35
76569877	chunxiang xu	-0.5	0.9	2.8	-2.2	5	2	1	1	3	1	6	0	3	4	18
76569877	jihong ye	0.2	1.6	-2.2	10.0	0	2	1	0	2	6	10	4	2	0	1
76569877	litao sun	2.3	24.3	-6.3	28.1	15	7	20	30	15	13	17	29	0	0	0
76569877	zhang zhijun	-0.3	0.7	-0.7	21.9	4	0	1	1	2	10	18	26	18	19	18
80947539	wang xinchen	3.2	18.8	-7.6	39.2	4	7	4	15	16	23	33	16	27	6	0
82880672	duan haibin	1.8	18.6	-9.7	46.3	12	15	5	11	23	47	35	28	22	1	0
82880672	huai jinpeng	0.8	3.4	-1.7	18.5	0	0	1	0	4	17	13	20	12	15	7
82880672	lijun yang	1.5	11.7	-3.5	15.9	4	4	9	11	8	10	10	15	2	0	0
82880672	qingyun wang	1.5	10.9	-0.3	7.9	5	3	5	10	9	8	6	9	5	12	3
83519826	aihua zhang	0.5	5.5	-3.0	21.2	2	6	2	5	5	6	19	12	13	14	3
83519826	gang hu	2.3	11.5	-0.1	12.9	0	3	5	4	11	18	9	17	13	14	10
83519826	jiahao sha	1.6	7.0	0.2	11.2	0	0	0	6	5	14	16	10	5	12	16
87445476	bai bofeng	1.6	15.4	-3.8	23.2	7	10	13	6	17	18	13	17	24	5	0
87445476	changjiu li	4.1	22.9	0.1	16.3	2	6	15	9	21	14	24	6	19	13	21
87445476	changqing chen	0.2	0.8	0.6	-0.8	0	0	0	0	1	0	0	1	0	1	3
87445476	chen xuefeng	0.4	9.8	9.0	3.8	6	10	10	8	9	9	18	16	27	44	49
87445476	gangfeng wang	-0.1	5.1	-2.1	9.5	4	7	6	6	4	4	6	9	1	0	0
87445476	guang xi	0.0	1.0	0.7	8.1	0	3	0	1	1	2	8	13	8	8	14
87445476	guanjun zhang	2.2	18.2	2.2	19.8	6	6	20	12	14	29	30	21	17	25	39
87445476	jia shenli	3.1	22.9	-3.3	34.7	8	12	12	13	23	27	17	27	53	26	1
87445476	jizhong zhao	-0.5	6.5	-2.6	18.8	8	10	7	9	6	12	13	13	16	13	0
87445476	li shengtao	0.5	3.3	3.3	3.1	0	2	3	1	3	15	6	4	20	21	14
87445476	pengsheng zheng	0.0	0.0	0.3	1.1	0	0	0	0	0	0	0	0	8	1	1
87445476	yuan zuyi	-0.1	3.3	3.1	8.5	3	4	5	3	3	11	11	15	17	24	22
87445476	李盛涛	0.0	0.0	0.2	-0.4	0	0	0	0	0	0	0	0	0	0	1
90610280	chen junwu	0.2	4.8	-0.3	10.5	6	3	2	3	7	4	12	9	8	8	11
90610280	cong wang	0.7	11.9	2.2	8.6	7	7	18	6	11	13	12	19	7	11	27
90610280	fei huang	0.0	5.4	7.2	13.2	7	4	4	6	6	11	18	31	29	53	43
90610280	gang wei	5.5	28.3	-2.4	22.6	2	5	13	14	25	25	20	17	18	11	11
90610280	haihui wang	4.0	21.2	2.0	18.4	2	4	11	10	19	14	18	25	25	27	27
90610280	huanfeng jiang	0.5	2.9	9.2	20.6	1	1	0	2	3	6	28	45	38	67	63
90610280	li yuanyuan	0.2	0.8	0.0	1.8	0	0	0	0	1	1	1	2	2	4	0
90610280	lizhi zhang	1.4	13.6	-2.2	13.2	6	8	8	16	9	9	7	10	14	2	0
90610280	qian yu	-0.4	0.4	1.2	3.6	2	2	2	2	0	0	9	2	3	12	10
90610280	qiu xueqing	2.4	13.2	2.7	6.9	3	2	5	8	12	8	11	13	12	16	23
90610280	shengli xie	0.1	1.3	0.9	15.7	2	0	0	1	2	7	8	30	21	11	22
90610280	shuizhu wu	0.0	5.4	0.0	9.8	5	5	6	7	4	5	8	9	15	9	8
90610280	sun zhendong	1.7	9.5	-1.8	10.8	0	2	8	5	7	8	9	6	6	6	0
90610280	xianmin zhang	2.7	13.9	-1.3	19.5	3	2	3	7	14	17	17	18	17	13	13
90610280	李元元	0.0	0.0	0.0	0.0	0	0	0	0	0	0	0	0	0	0	0
92403157	dang zhimin	6.1	28.7	-5.5	27.7	0	4	9	13	26	31	22	13	19	2	0
92403157	yue zhang	-0.1	0.1	5.0	0.2	0	1	1	0	0	4	2	13	17	21	23
96852419	aibing zhang	0.2	3.6	-1.3	6.3	1	5	2	5	2	4	5	3	4	0	0
96852419	hailiang li	0.3	6.9	1.0	-0.6	3	8	7	7	5	4	0	2	2	4	4
99065089	baoding liu	0.1	10.3	0.5	5.5	14	4	7	17	8	15	6	7	7	6	9
99065089	baoyin hexi	0.4	12.8	-3.3	14.9	8	14	12	14	10	21	9	15	1	0	0
99065089	chen yubo	0.2	1.8	-0.3	1.3	0	1	3	1	1	1	1	1	0	0	0
99065089	chen zhiqiang	8.6	72.2	-9.8	42.8	38	30	42	52	70	57	34	30	3	0	0
99065089	chongqing kang	1.9	14.3	2.3	20.5	5	5	10	12	11	11	11	26	40	49	11
99065089	chu fulei	1.7	10.1	1.8	10.6	1	1	11	4	8	4	14	12	18	14	22
99065089	chuanxiang tang	6.9	36.1	3.0	8.8	4	1	19	28	25	31	10	20	14	20	25
99065089	chunxiao xu	0.0	2.4	-0.4	5.6	1	4	3	2	2	5	3	6	6	6	1
99065089	dinghui yang	-1.0	0.4	-0.5	7.1	7	3	3	1	3	5	8	3	7	6	4
99065089	dong xiang	2.9	13.5	0.8	11.0	0	2	3	7	12	3	11	12	17	12	15
99065089	duan yuanyuan	0.1	4.7	-0.3	7.3	6	1	7	2	6	1	9	6	5	3	9
99065089	feng pan	0.5	2.1	-0.3	3.5	0	0	0	1	2	2	4	2	2	3	2
99065089	fengyuan ren	-0.5	12.3	0.5	9.1	13	14	14	21	7	4	11	9	11	8	14
99065089	fuchun sun	4.9	24.7	4.8	11.4	3	7	3	12	25	28	17	20	23	36	33
99065089	gao yuanning	0.0	0.0	0.0	0.2	0	0	0	0	0	0	0	0	1	0	0
99065089	gao zhe	-1.7	0.7	-1.5	8.5	9	8	4	7	1	5	7	4	6	3	0
99065089	guilu long	1.8	16.4	3.8	7.6	9	10	6	14	16	7	13	18	11	24	29
99065089	he hongjian	0.4	2.0	-0.3	3.9	0	0	1	2	1	2	3	3	5	2	2
99065089	hongying hu	1.4	13.4	-2.0	20.6	9	7	7	7	16	23	24	12	11	12	14
99065089	huaping xu	-0.8	6.4	-2.3	12.5	12	11	4	7	10	8	8	8	11	1	0
99065089	hui zhai	-0.1	5.1	-0.3	7.1	5	5	8	4	5	4	8	3	6	12	2
99065089	huimin xie	1.8	11.4	0.9	9.7	1	4	9	8	8	6	10	9	19	10	14
99065089	ji xiangyang	1.5	14.5	0.6	4.2	4	11	12	12	11	5	3	4	9	12	2
99065089	jiang shengyao	0.7	4.3	1.2	-0.8	1	1	2	4	3	0	0	2	3	4	5
99065089	jiangtao wen	1.6	10.0	0.4	8.6	4	4	1	6	11	11	11	8	7	12	11
99065089	jianmin wang	3.0	28.4	-4.7	38.9	8	19	27	21	22	23	30	25	34	32	3
99065089	jie zhou	1.4	21.8	6.0	1.6	12	17	24	15	20	18	11	14	18	14	41
99065089	jinhui wang	0.0	0.0	0.1	-0.1	0	0	0	0	0	0	0	0	0	1	0
99065089	junhai yong	2.6	12.2	1.2	7.6	2	0	0	10	10	15	10	10	8	14	14
99065089	lei liu	5.4	28.2	2.2	26.4	3	5	11	17	24	15	32	23	33	45	32
99065089	li shao	0.8	9.4	-0.1	7.3	6	4	6	14	5	12	7	5	11	6	6
99065089	li xianting	-0.5	3.3	2.4	6.4	7	3	5	6	3	5	8	10	17	16	17
99065089	li yanmei	0.9	10.5	0.5	5.1	7	4	9	11	8	8	6	6	5	9	7
99065089	liang xidong	0.6	2.6	-0.9	10.9	0	0	1	0	3	10	11	8	8	7	7
99065089	liu min	0.8	6.6	0.6	9.8	2	6	3	2	8	7	5	17	14	11	11
99065089	liu yinghua	0.7	9.7	0.4	8.2	6	6	8	11	7	6	6	6	14	20	1
99065089	liu yule	0.3	1.9	1.6	0.0	1	0	1	1	2	6	1	5	4	5	9
99065089	liu yuxi	0.7	12.3	1.8	6.4	9	12	8	7	15	12	6	11	14	15	13
99065089	lu wei	0.9	5.1	-2.5	13.7	1	0	3	5	3	13	6	14	10	1	0
99065089	meirong zhang	0.1	2.5	0.3	2.7	2	2	3	1	3	4	2	5	4	2	5
99065089	meng yonggang	-0.4	4.6	2.1	2.7	3	10	7	6	3	7	6	6	6	15	12
99065089	ning yan	0.0	0.0	-0.2	1.6	0	0	0	0	0	0	3	0	0	0	2
99065089	niu zhisheng	-0.4	20.0	6.0	3.6	18	28	17	26	17	20	14	12	18	28	36
99065089	peilun rao	-0.1	-0.1	0.0	0.0	0	1	0	0	0	0	0	0	0	0	0
99065089	peng qing	-0.9	15.3	0.7	3.5	21	15	18	24	12	15	3	4	9	7	5
99065089	qianchuan zhao	0.7	12.1	-2.4	15.8	10	10	9	5	16	14	9	11	18	5	0
99065089	sichun zhang	1.1	13.1	2.5	2.3	9	6	9	15	10	9	6	6	10	11	16
99065089	tong zhou	0.1	2.9	0.8	2.4	3	2	2	3	3	7	4	4	2	8	6
99065089	wang xiaofeng	1.0	6.6	-1.2	8.2	2	2	5	2	7	3	8	4	5	4	2
99065089	wei yongge	0.2	6.0	1.9	2.7	7	3	5	5	7	9	5	7	7	10	13
99065089	wenming zou	0.7	5.3	1.1	4.1	3	3	0	4	6	8	0	13	6	12	6
99065089	xiaobo zhao	0.5	4.3	0.7	-0.5	0	4	4	3	3	1	1	0	0	5	2
99065089	xiaoping zheng	1.8	28.4	-4.9	51.9	18	20	24	32	21	33	53	35	39	26	33
99065089	xuegong zhang	2.1	12.7	-0.4	10.8	4	4	2	11	11	8	12	8	10	8	10
99065089	yinping zhang	0.5	9.1	0.8	8.6	4	10	10	5	9	10	8	12	9	16	10
99065089	yongfa zhu	4.2	28.6	2.3	10.7	10	8	14	26	22	13	13	18	16	15	26
99065089	yonggang zhao	0.0	0.0	0.4	-0.4	0	0	0	0	0	0	0	1	0	1	2
99065089	zhao zhengming	0.0	1.4	1.1	3.1	0	3	2	1	1	5	1	10	4	11	6
99065089	唐传祥	0.0	0.0	-0.1	0.5	0	0	0	0	0	0	0	1	0	0	0
99065089	王晓锋	0.0	0.0	-0.1	0.5	0	0	0	0	0	0	0	1	0	0	0
99065089	许春晓	0.0	0.0	0.0	0.0	0	0	0	0	0	0	0	0	0	0	0
99065089	陈志强	3.0	16.6	-0.6	2.6	4	4	2	14	14	14	3	0	1	0	0
99065089	颜宁	0.0	0.0	-0.6	2.4	0	0	0	0	0	0	3	0	0	0	0
108688024	xia yanzhi	0.0	0.0	0.3	0.7	0	0	0	0	0	0	0	2	2	3	1
111381250	hailin zhang	0.6	2.4	1.5	-0.1	0	0	0	0	3	1	2	5	1	4	10
111599522	chen jian	-0.2	0.0	7.5	14.7	2	0	0	0	1	3	3	43	60	36	44
113940042	lu xionggang	4.4	24.6	8.3	1.8999999999999972	4	5	10	19	19	9	12	16	26	37	43
113940042	rentao song	-0.2	4.8	-1.4	7.8	3	7	9	5	3	5	4	7	6	1	0
115488153	chen jing	1.6	12.2	-2.3	14.7	8	3	2	13	11	11	6	13	18	2	0
115592961	shouqi yuan	1.9	8.7	0.7	11.9	1	1	0	4	9	4	12	18	8	15	17
115592961	袁寿其	0.0	0.0	0.0	0.0	0	0	0	0	0	0	0	0	0	0	0
116953780	chen yinguang	1.4	14.4	-5.1	24.7	10	7	9	9	16	11	19	16	9	3	0
116953780	guoqiang li	0.2	2.0	4.3	-5.1	1	0	3	2	1	4	1	3	10	2	23
116953780	huang maosong	1.3	7.1	2.5	9.5	1	3	1	4	7	9	10	16	21	15	23
116953780	jian xu	1.8	10.0	1.9	5.3	3	1	5	3	11	7	3	11	16	14	11
116953780	jiang mingjing	0.4	3.4	5.1	1.5	1	2	3	2	3	6	6	8	23	23	24
116953780	jianzhuang xiao	3.0	17.0	0.9	13.1	8	3	2	5	22	17	13	12	23	15	16
116953780	tian yang	0.0	7.4	-2.0	9.8	5	11	7	7	7	8	8	6	3	2	0
116953780	xiaoning zhang	0.1	1.5	0.1	3.9	1	1	1	2	1	5	3	5	5	4	4
116953780	zheng zhong	0.2	0.8	1.1	1.5	0	0	0	0	1	0	3	4	3	7	7
116953780	蒋昌俊	0.0	0.0	0.0	0.0	0	0	0	0	0	0	0	0	0	0	0
119045251	xipeng xu	-0.1	1.7	0.7	0.1	4	1	1	0	4	1	2	1	1	2	5
119454577	dong jiang	1.5	11.3	-0.4	10.6	4	5	6	10	9	4	5	11	17	11	3
119454577	futian qu	-0.9	-1.7	0.6	0.0	4	1	0	0	0	1	0	1	3	3	2
119454577	jianwen zou	0.3	5.1	-0.3	7.3	2	3	8	6	2	4	6	6	8	9	3
119454577	jun zhu	0.0	0.0	0.6	-0.6	0	0	0	0	0	0	1	0	1	0	4
119454577	li xianchun	0.3	1.7	0.1	-0.1	0	1	1	0	2	0	0	0	0	1	0
119454577	wenhua zhang	0.7	3.3	0.3	0.7	0	0	2	1	3	6	0	2	2	3	1
119454577	zhang zhengguang	0.7	7.9	-1.9	19.1	4	4	7	9	5	2	11	11	31	14	0
125839683	baohua ji	0.2	1.2	1.7	1.1	1	0	0	0	2	3	3	7	2	8	11
125839683	cheng wang	-1.0	0.8	-0.5	9.1	7	5	2	1	4	4	3	14	8	11	2
125839683	chun li	0.0	10.6	-2.2	12.8	13	7	11	11	11	7	9	9	8	5	0
125839683	gengkai hu	-0.3	-0.1	1.9	0.9	2	0	1	1	0	1	4	2	10	5	12
125839683	hu jun	-1.3	0.1	-0.8	3.4	6	6	4	3	1	2	3	2	0	0	0
125839683	hua huang	0.4	2.4	-0.6	4.4	0	2	0	2	2	5	3	2	6	2	0
126520041	chaoyang lu	0.6	6.0	-3.7	17.3	5	2	3	4	7	5	10	17	4	0	0
126520041	chen chusheng	1.0	6.0	0.9	2.9	3	1	1	3	7	1	3	6	3	11	5
126520041	chen enhong	7.4	42.0	-5.2	45.8	11	12	14	16	46	21	33	43	28	37	10
126520041	chen falai	0.5	4.7	0.1	5.3	3	3	0	6	4	6	4	6	7	7	4
126520041	chen gao	-0.3	0.3	1.5	1.1	1	1	4	0	0	0	0	5	8	10	5
126520041	chen yuao	0.2	4.4	-0.9	9.7	1	8	1	6	3	4	2	7	24	2	0
126520041	cui hua	2.4	14.0	-0.5	9.5	3	4	5	10	12	9	10	9	6	6	9
126520041	deng zhaoxiang	-0.1	3.9	-1.6	8.4	2	7	6	2	4	2	6	5	6	1	0
126520041	ding hang	-1.2	-1.6	-0.8	5.4	7	1	0	1	1	3	3	4	6	2	0
126520041	ding zejun	-0.4	-0.4	0.2	4.0	1	2	1	0	0	5	2	9	2	5	5
126520041	dou xiankang	0.3	2.5	3.9	0.3	2	0	2	1	3	8	3	12	10	13	22
126520041	fang huang	-0.1	0.3	0.0	7.6	1	0	1	1	0	1	6	6	10	14	2
126520041	fei qi	3.2	19.2	-0.5	18.7	0	7	15	13	13	17	17	18	16	23	12
126520041	fei sun	0.7	3.9	-1.1	10.9	1	0	2	3	3	6	7	13	6	8	4
126520041	fu yao	1.4	22.8	-6.1	54.5	18	16	15	22	22	30	38	44	49	41	9
126520041	gong weimin	-0.5	-0.5	0.3	0.1	3	1	0	0	1	4	0	1	1	2	1
126520041	gong xinglong	0.7	15.5	-4.0	31.4	10	14	18	9	16	17	27	25	18	15	12
126520041	guanwu wang	0.1	2.3	3.1	-0.5	2	2	2	1	3	2	1	5	15	8	15
126520041	haiyan liu	0.1	2.1	0.3	2.9	2	2	1	1	3	1	2	4	7	1	5
126520041	han liang	-1.6	0.6	-0.5	3.3	6	11	6	1	3	2	1	5	2	0	1
126520041	haojun liang	0.0	0.2	-0.1	0.7	0	0	1	0	0	0	1	0	0	1	0
126520041	he linghui	0.1	1.7	0.0	0.8	2	0	2	1	2	0	0	1	2	1	0
126520041	he lixin	1.1	8.7	0.0	7.2	4	3	5	8	7	6	6	10	4	10	6
126520041	hengan wu	2.4	13.8	-7.0	31.2	4	2	2	16	9	22	21	28	2	0	0
126520041	hou zhonghuai	-1.1	3.1	-0.6	9.6	11	4	7	5	5	10	10	6	8	10	5
126520041	houqiang li	1.5	19.3	-3.3	35.1	11	13	18	14	18	27	18	37	38	26	7
126520041	hu shuiming	2.3	12.3	0.9	4.7	2	3	5	4	13	3	5	8	9	3	12
126520041	huang wen	0.5	5.7	-0.8	9.0	6	2	2	3	8	8	10	6	5	6	6
126520041	huang yunfeng	-3.8	-2.6	2.4	-0.4	18	13	7	1	5	0	2	2	6	18	6
126520041	jian zheng	-1.0	0.8	0.2	5.0	8	4	1	2	4	2	5	7	3	7	6
126520041	jiuhou lei	1.0	10.2	-1.0	12.6	7	6	6	4	13	5	10	8	15	12	3
126520041	jun wang	2.4	21.4	1.0	20.4	10	7	18	21	15	26	22	15	30	31	19
126520041	junxian wang	3.1	14.1	0.1	4.5	0	1	4	6	13	3	2	6	7	7	2
126520041	kong xu	0.5	7.1	0.1	10.1	2	5	10	8	3	8	7	14	13	7	11
126520041	li liangbin	0.3	8.7	-3.6	30.2	6	9	8	8	8	16	25	23	17	27	5
126520041	li tao	0.3	5.3	0.4	5.2	4	1	8	6	3	3	4	7	8	7	6
126520041	liwen niu	0.5	4.1	1.6	0.4	0	4	4	1	4	3	1	4	7	6	8
126520041	ning xu	0.7	5.9	-1.3	8.7	2	3	4	6	4	2	6	8	4	5	1
126520041	qijin zhang	1.2	6.8	5.9	-4.1	1	3	1	5	6	3	5	8	7	19	29
126520041	qinghua shi	0.3	1.3	2.1	0.1	0	0	0	1	1	0	1	7	4	10	10
126520041	qun wang	0.8	8.8	-0.5	6.7	6	5	5	7	9	11	5	9	4	2	6
126520041	qunke xia	0.1	2.9	-0.7	5.5	2	3	3	2	3	2	2	6	7	1	1
126520041	shao xueguang	1.3	11.9	-5.7	25.5	7	6	7	7	13	11	23	11	8	0	0
126520041	shiqiang wei	2.3	12.1	0.0	20.2	1	2	1	17	5	41	17	29	16	15	24
126520041	su yucai	1.1	6.3	-2.0	9.8	1	3	2	2	7	8	9	4	4	2	0
126520041	tian zhigang	-0.1	-0.1	2.2	3.6	0	1	0	0	0	0	5	7	13	13	13
126520041	wenbin wu	-0.8	1.8	0.9	0.5	7	2	6	4	2	0	3	1	1	6	5
126520041	xie zhouqing	-1.9	-0.3	-0.5	7.5	10	6	5	5	1	6	8	2	12	3	5
126520041	yongfei zheng	0.1	1.3	2.4	-2.0	1	1	1	0	2	2	1	1	5	11	8
126520041	zhao zifu	-1.5	2.5	1.0	2.8	9	12	4	5	5	4	6	2	5	8	8
126520041	丁泽军	0.0	0.0	0.0	0.0	0	0	0	0	0	0	0	0	0	0	0
126520041	梁好均	0.0	0.0	0.0	0.0	0	0	0	0	0	0	0	0	0	0	0
126520041	郑坚	0.0	0.0	0.2	-0.4	0	0	0	0	0	0	0	0	0	0	1
126520041	高琛	0.0	0.0	0.0	0.0	0	0	0	0	0	0	0	0	0	0	0
135714990	jijun xiong	-0.2	13.4	-7.6	39.0	12	12	21	16	9	15	25	28	26	2	0
139660479	chen xiaohong	-0.4	0.0	1.9	-1.1	3	0	2	0	1	0	2	1	4	8	8
139660479	chunhua yang	4.3	31.5	-1.5	26.9	3	26	14	25	25	20	24	21	32	16	19
139660479	huaming yang	-0.4	5.2	1.3	15.9	6	7	7	9	3	11	16	23	16	20	24
139660479	luo xianghang	0.4	8.2	-0.6	5.8	8	6	5	6	10	5	4	7	4	1	4
139759216	ji yuefeng	2.2	10.2	2.3	13.7	0	0	3	8	7	0	12	15	23	44	9
139759216	tao xiaofeng	4.2	26.2	-3.1	30.7	6	8	16	14	24	10	26	16	31	31	3
139759216	纪越峰	0.0	0.0	0.0	0.0	0	0	0	0	0	0	0	0	0	0	0
141649914	chen yiwang	7.8	51.8	-9.9	54.7	16	14	26	48	38	45	40	30	44	11	0
143413998	shusheng zhang	-8.3	25.299999999999997	-1.9	10.9	48	100	25	43	35	27	9	5	8	4	0
143593769	feng qian	3.3	15.5	-0.7	24.5	0	2	4	9	13	20	25	27	8	34	18
143593769	feng yaoyu	1.4	10.2	-3.4	16.2	4	3	7	7	9	13	13	10	5	2	0
143593769	jiaping lin	1.3	11.1	0.3	10.1	5	4	8	11	8	11	7	15	9	16	8
143593769	linyong zhu	1.0	7.0	-1.6	9.0	2	3	3	7	5	6	7	4	8	2	0
146620803	huang shaoming	2.4	11.0	0.4	18.4	1	1	1	5	11	15	17	16	27	22	16
148099405	wang yi	0.3	2.5	-2.2	11.6	1	0	4	1	2	8	5	12	8	0	0
149594827	jiao licheng	2.9	19.7	11.7	23.7	3	14	5	17	16	28	21	47	85	76	65
149594827	li zhiwu	1.1	12.3	-2.4	17.6	9	4	9	13	10	11	13	14	12	10	3
149594827	yang yintang	3.8	23.2	1.5	39.1	2	5	19	19	14	10	28	49	63	36	42
149594827	杨银堂	0.0	0.0	0.1	1.3	0	0	0	0	0	0	0	2	3	3	0
149594827	焦李成	0.0	0.0	0.0	0.0	0	0	0	0	0	0	0	0	0	0	0
151075929	huang yuesheng	0.3	1.3	0.6	-0.2	0	0	0	1	1	1	1	0	2	2	3
151075929	jiang jianxin	0.4	2.0	1.7	-0.9	1	0	0	0	3	3	2	2	2	7	8
151075929	liangming liu	0.8	4.4	2.1	2.7	1	0	3	2	4	3	2	10	9	13	11
151075929	yin zhengqin	0.0	0.0	0.2	-0.4	0	0	0	0	0	0	0	0	0	0	1
153473198	cui xiang	1.2	7.4	3.3	3.5	3	2	2	4	8	14	5	10	19	13	20
154099455	chuansong wu	0.0	0.0	-0.1	0.7	0	0	0	0	0	0	1	0	0	1	0
154099455	chunhong ma	-2.0	1.0	-2.1	10.9	11	9	7	5	3	3	8	7	6	2	0
154099455	hu xijun	-0.2	0.8	-0.4	3.0	2	2	1	0	2	2	1	2	6	0	0
154099455	huaijin zhang	0.0	38.6	2.9	28.3	36	45	34	39	39	32	35	28	39	39	44
154099455	li yuezhong	0.7	5.5	1.7	0.9	2	3	3	4	5	9	1	6	7	7	9
154099455	liu xiangfa	2.6	15.6	-0.2	14.0	2	7	5	13	12	4	11	11	22	15	8
154099455	liu yungang	1.1	11.3	-1.2	18.4	6	8	5	11	10	10	11	18	18	26	1
154099455	liu zhanqiang	1.9	20.1	-7.6	44.8	9	18	10	15	20	17	23	38	41	8	0
154099455	longwei yin	-0.2	2.8	4.0	-1.0	5	4	2	0	6	8	5	5	11	13	21
154099455	shishen yan	0.5	12.5	0.9	15.1	9	13	8	14	11	11	16	19	17	14	23
154099455	si zongguo	-1.1	0.7	-0.1	3.7	5	4	9	1	1	6	2	4	4	7	0
154099455	yuzhong zhang	2.4	16.8	1.5	12.5	6	7	8	11	16	13	14	20	11	17	23
156144747	daping yang	0.0	0.0	-0.1	1.5	0	0	0	0	0	0	0	3	2	0	1
157773358	chen hao	0.0	2.6	-0.2	1.2	3	1	4	3	2	1	2	0	0	0	1
157773358	chen wen	1.3	5.3	1.5	2.5	0	0	0	1	6	4	3	6	8	9	9
157773358	chengxin wang	0.2	1.0	2.7	4.3	0	0	1	0	1	7	3	10	18	19	12
157773358	dan xie	1.3	20.3	0.4	22.2	14	12	18	23	15	22	26	19	21	27	24
157773358	deng shaozhi	0.8	11.2	1.9	7.7	7	8	8	12	9	7	8	5	28	12	14
157773358	fan wang	-0.7	0.9	0.1	2.3	2	7	3	2	1	1	3	3	1	2	4
157773358	fan zhong	-0.1	-0.1	0.6	-0.6	0	1	0	0	0	1	0	0	1	4	1
157773358	gangfeng ouyang	-1.6	3.4	3.2	7.2	10	11	10	5	5	6	9	11	23	21	20
157773358	gu jieruo	0.0	0.2	1.2	-2.0	0	0	1	0	0	0	0	0	0	4	4
157773358	guo xianping	0.6	6.4	-0.3	7.3	3	5	3	7	5	14	3	10	11	3	5
157773358	he mingguang	5.9	32.3	-2.9	44.3	4	5	16	24	24	28	47	30	36	35	30
157773358	hongbin wang	0.8	7.2	-0.8	5.4	4	3	5	5	7	4	1	7	6	1	0
157773358	hongbing ji	1.7	14.1	-6.1	34.1	4	10	7	13	11	15	18	29	28	4	0
157773358	hu jianxun	0.1	0.9	0.2	-0.2	0	1	0	2	0	2	0	0	1	0	1
157773358	jia weihua	-0.2	-0.4	0.0	0.2	1	0	0	0	0	1	0	0	1	0	0
157773358	jingxuan pan	0.9	5.1	0.4	2.2	2	0	2	3	5	10	1	5	3	5	3
157773358	lixin yan	0.6	4.8	0.0	3.0	2	2	4	2	5	3	3	4	2	2	4
157773358	lu tongbu	0.4	7.0	1.2	5.0	5	5	8	3	8	4	3	10	12	8	10
157773358	mao zongwan	-0.5	1.1	1.5	5.7	3	3	5	0	2	4	7	11	7	12	14
157773358	peng xiang	0.7	6.9	-1.2	5.2	3	2	10	3	6	6	4	4	0	0	0
157773358	qiang zhang	1.3	16.9	-5.7	27.7	7	11	19	18	10	10	13	33	5	2	0
157773358	qingjiong zhang	0.5	4.1	2.7	5.7	4	0	1	3	5	10	6	13	13	22	15
157773358	qiu rongliang	2.4	16.4	2.4	6.6	5	4	12	12	13	16	7	19	7	15	21
157773358	shuai xintao	1.5	9.7	0.2	9.6	1	6	5	5	9	12	7	16	6	12	10
157773358	wang xuemei	1.4	10.6	-3.2	16.8	4	4	8	6	10	8	10	14	10	2	0
157773358	wu zhongkai	-0.5	2.1	0.4	0.4	4	5	2	6	1	1	0	2	2	2	2
157773358	xiaopei yan	1.0	4.4	0.9	1.3	0	1	0	1	5	3	3	1	5	6	5
157773358	邓少芝	0.0	0.0	-0.1	0.5	0	0	0	0	0	0	0	1	0	0	0
158842170	fusheng pan	2.6	14.4	-0.2	42.4	0	4	9	10	10	19	41	37	48	49	34
158842170	jian li	4.6	34.2	-6.6	34.4	10	16	17	36	23	23	12	42	19	0	0
158842170	xun zhu	1.1	17.5	0.1	28.1	11	11	19	16	14	21	19	29	41	38	15
158842170	yongxing zhang	2.4	11.8	-0.5	8.3	0	1	5	9	8	2	6	8	10	5	5
158842170	zhang zongyi	0.8	3.4	-0.1	7.1	0	0	0	2	3	6	5	5	13	8	3
159948400	baiou guan	5.8	24.2	-2.2	53.8	0	0	1	8	25	35	50	46	55	46	39
162868743	chunfeng wang	0.0	0.2	1.5	1.7	0	0	1	0	0	1	2	3	12	6	8
162868743	denghua zhong	1.9	7.7	-0.3	5.1	0	0	0	1	9	1	5	4	4	5	3
162868743	feng wei	0.1	16.3	-5.5	31.9	11	24	15	13	17	17	17	24	33	3	0
162868743	he zhen	-1.6	8.0	-2.4	11.6	10	20	16	12	6	6	12	5	0	5	0
162868743	jiang zhongyi	1.3	30.9	7.2	19.6	24	22	31	33	25	35	18	33	56	57	42
162868743	junan ma	2.9	17.3	-3.4	26.8	4	6	5	13	15	23	23	17	21	15	7
162868743	li yali	0.7	3.1	0.7	2.5	0	0	0	3	2	0	1	3	10	6	3
162868743	liu wenguang	2.1	12.7	-1.0	13.2	5	1	6	8	12	9	12	12	6	16	5
162868743	liu yongchang	0.3	16.9	1.2	24.6	15	23	6	16	20	25	20	22	34	56	9
162868743	yingjin yuan	2.6	14.4	-1.8	20.6	1	4	4	16	8	12	20	19	11	11	15
163340411	chen wen	4.1	19.1	5.2	12.2	3	1	1	10	19	13	12	26	34	32	35
163340411	hongwu tang	1.4	7.6	1.6	2.0	1	3	1	5	7	8	5	4	5	10	10
163340411	jinhai zheng	1.9	16.5	-4.9	26.7	10	5	10	14	15	17	18	14	27	1	0
163340411	ju ping	0.3	2.7	-1.2	11.2	1	2	1	3	2	6	11	8	8	4	7
163340411	唐洪武	0.0	0.0	0.1	-0.1	0	0	0	0	0	0	0	0	0	1	0
170215575	dou yong	2.1	16.3	2.7	8.5	3	6	18	13	10	8	12	12	20	15	24
170215575	jianmin yuan	0.2	1.2	0.0	6.2	0	0	2	0	1	4	5	7	7	7	5
170215575	zhaowen zhuang	-0.2	1.4	4.8	-5.6	0	4	4	2	0	0	2	2	7	12	21
173759888	kuang leman	1.5	8.7	0.0	8.8	2	3	4	2	10	6	9	6	12	10	7
173759888	liu shaojun	1.5	8.9	1.2	6.0	1	2	7	5	7	9	4	13	9	11	11
173899330	chunpeng song	0.5	2.7	-0.3	5.1	0	0	2	3	1	4	4	5	6	2	4
177933477	an huazhang	-0.6	2.4	-0.6	3.4	6	5	3	3	4	3	3	3	0	1	1
177933477	cao guangwen	6.8	30.6	2.1	13.3	0	2	5	18	26	31	13	15	26	26	18
177933477	chen wansheng	1.7	19.5	-5.1	31.7	8	16	16	15	17	17	23	26	15	15	3
177933477	jiang yuanying	3.5	18.7	-1.4	20.0	1	6	8	9	17	10	11	28	18	8	14
177933477	liu shanrong	0.5	3.9	-0.8	4.2	1	2	3	3	3	1	2	4	3	0	0
177933477	pan weiqing	0.0	0.0	0.5	-0.3	0	0	0	0	0	0	0	2	0	1	3
177933477	qian qijun	-0.1	4.7	-1.6	13.2	4	7	4	6	4	5	8	15	7	9	3
177933477	sun yinghao	0.7	3.3	1.2	-1.8	0	1	0	2	3	3	0	0	2	2	5
177933477	weiping zhang	1.1	5.7	-0.2	7.2	1	2	0	3	6	3	4	6	13	8	2
177933477	孙颖浩	0.0	0.0	0.0	0.0	0	0	0	0	0	0	0	0	0	0	0
180726961	wang yiping	0.5	6.1	-9.5	49.3	5	6	0	3	9	20	34	31	35	4	0
183067930	cao zhenfu	0.0	0.0	7.4	3.0	0	0	0	0	0	0	2	17	38	43	26
183067930	chen xianfeng	3.5	33.3	0.6	27.0	9	31	19	26	29	26	30	22	32	32	28
183067930	chongfeng wu	0.0	0.0	0.0	0.2	0	0	0	0	0	0	0	0	1	0	0
183067930	dong yi	0.2	8.6	-0.2	9.6	8	8	10	2	12	10	5	11	16	7	6
183067930	dongmei xiao	0.7	6.1	0.5	1.7	3	1	7	4	5	1	3	2	2	5	4
183067930	fan tongxiang	-1.2	7.4	-4.7	22.3	14	11	12	9	9	14	19	11	9	2	0
183067930	fu yuxi	-0.4	2.4	-0.4	6.4	4	4	5	2	3	3	4	8	6	4	4
183067930	guo minyi	2.3	14.1	-1.0	28.8	1	4	10	13	8	32	26	30	24	26	23
183067930	haiguang xu	1.3	6.3	-0.1	4.9	0	3	0	2	7	0	6	7	0	2	8
183067930	he xianghuo	1.1	6.7	0.3	6.7	1	3	5	0	8	8	6	5	11	12	4
183067930	hongkai xiong	0.9	16.7	-4.3	24.1	10	12	21	13	14	23	13	19	22	2	0
183067930	hu weisheng	13.0	66.8	7.5	15.1	2	6	36	50	45	31	28	23	38	44	55
183067930	hu wenbin	0.4	12.2	-1.4	12.2	7	13	12	15	8	9	11	12	3	8	6
183067930	huang qian	1.2	6.0	0.0	5.4	0	2	1	4	5	4	7	4	3	8	5
183067930	huiying wu	1.1	6.1	0.5	2.3	1	2	1	5	5	6	2	4	4	5	4
183067930	jiang wei	4.2	22.6	-3.0	19.6	7	5	3	9	26	11	13	14	17	8	1
183067930	jianglai liu	0.3	1.7	-2.4	10.8	1	0	0	1	2	1	7	10	1	0	0
183067930	jianguo li	0.0	0.0	3.8	-0.4	0	0	0	0	0	1	4	5	12	17	17
183067930	kong xiangyang	0.0	0.0	0.1	0.5	0	0	0	0	0	0	0	1	2	0	1
183067930	li shaoyuan	1.4	18.6	2.3	16.7	6	19	16	17	14	17	18	18	31	25	26
183067930	lin shuangjun	1.9	11.7	-0.6	4.4	2	4	7	7	10	5	0	6	7	0	0
183067930	lin yi	0.5	2.1	-0.6	3.8	0	0	0	1	2	4	4	2	1	2	1
183067930	lu qinghua	3.8	19.4	0.0	8.4	3	4	4	10	19	12	8	5	15	7	7
183067930	lu xingcai	0.5	4.5	-2.0	11.6	4	0	4	1	6	7	6	10	10	2	0
183067930	ma xiong	1.6	8.6	-0.8	13.0	1	2	2	8	6	5	6	20	7	16	4
183067930	nan shen	0.5	5.1	0.5	9.7	1	1	8	8	0	2	7	16	12	7	14
183067930	saixing zeng	0.8	5.2	0.2	-0.2	2	1	1	7	3	1	0	0	1	0	1
183067930	shankai yin	2.1	11.9	0.4	8.8	2	2	7	7	10	12	8	10	14	6	12
183067930	wang xinbing	5.0	44.2	-5.2	44.2	17	27	30	33	39	25	34	32	33	40	4
183067930	xinyuan zhu	1.9	12.9	-2.9	31.1	2	6	5	17	6	17	29	26	20	19	18
183067930	xu yuhong	0.4	6.4	1.9	1.3	1	6	10	6	3	5	2	7	7	8	11
183067930	yongfeng zhou	1.1	15.9	2.0	5.4	10	11	12	18	12	12	7	11	10	13	16
183067930	yumin zhao	0.2	1.2	0.0	0.0	0	0	2	0	1	0	0	0	0	0	0
183519381	songling wang	0.0	0.0	0.0	0.0	0	0	0	0	0	0	0	0	0	0	0
183519381	王松灵	0.0	0.0	0.0	0.0	0	0	0	0	0	0	0	0	0	0	0
184983240	liu yichun	3.3	20.1	5.8	6.8	6	3	11	14	17	21	13	18	25	28	37
189210763	hongbin zhang	0.9	14.1	2.6	9.6	8	12	12	13	12	18	15	10	17	24	21
191208505	bangqin huang	1.8	11.4	1.2	3.8	1	7	5	7	10	7	4	8	9	4	12
191208505	chaoyong yang	0.1	0.7	0.3	2.3	0	0	1	1	0	1	1	2	6	7	0
191208505	chen min	-0.3	4.1	-0.4	10.4	4	7	5	6	3	8	9	10	11	8	8
191208505	dazhi wang	0.8	8.6	-1.0	5.0	4	4	10	6	7	3	3	4	3	0	0
191208505	dongliang peng	0.3	2.9	2.0	8.2	0	3	2	4	1	5	16	10	7	14	24
191208505	haiping xia	1.1	6.9	1.1	6.9	3	2	2	3	8	17	7	10	11	11	12
191208505	hong zhao	0.2	2.6	0.0	2.2	1	2	4	0	3	3	2	1	4	3	1
191208505	jiang yunbao	1.2	7.4	1.7	-0.9	2	3	1	7	6	6	0	3	6	4	8
191208505	jianwei shuai	1.1	4.9	0.1	2.9	0	1	0	2	5	5	3	4	2	3	4
191208505	jun tao	0.1	7.9	-1.5	9.1	9	7	5	8	9	12	6	8	5	3	1
191208505	lasheng long	-4.2	-0.4	-0.2	12.2	28	7	13	5	8	12	12	10	14	12	10
191208505	liu xingjun	0.2	1.6	4.5	-4.5	1	0	1	2	1	0	1	3	7	18	16
191208505	lu xin	0.4	8.2	-1.5	11.7	9	4	4	10	8	7	8	10	9	7	2
191208505	ningshao xia	3.2	23.8	2.8	11.6	7	15	13	11	25	14	18	17	12	25	28
191208505	qiao wu	0.2	2.4	-0.1	1.1	1	2	2	2	2	2	1	0	2	1	0
191208505	wang ye	3.3	18.3	1.3	10.5	3	3	8	14	14	9	11	15	12	18	16
191208505	xiaomei yan	1.7	9.3	0.4	4.8	0	2	6	7	6	6	5	6	5	8	6
191208505	yunwu zhang	0.7	4.1	0.2	0.4	1	2	1	1	5	5	0	2	0	2	1
191208505	吕鑫	-0.5	-0.7	0.1	-0.1	2	1	1	0	0	0	0	0	0	1	0
191208505	王大志	0.0	0.0	0.0	0.0	0	0	0	0	0	0	0	0	0	0	0
191208505	王野	0.0	0.0	-0.2	0.8	0	0	0	0	0	0	1	0	0	0	0
194450716	chen hong	2.8	13.2	3.1	13.3	1	2	2	6	13	7	14	21	21	34	23
194450716	chen qijun	0.0	1.2	0.9	1.5	2	0	1	2	1	2	4	2	3	5	7
194450716	geyu lu	0.0	0.0	3.8	-4.2	0	0	0	0	0	0	2	1	10	3	20
194450716	hongwei song	0.9	4.3	1.9	7.5	1	0	1	1	5	5	10	8	16	17	15
194450716	hu ping	-0.2	1.2	0.0	2.6	2	2	2	2	1	2	4	1	2	3	3
194450716	liu mingyuan	1.3	6.1	1.0	3.8	1	0	2	1	7	9	5	1	13	9	6
194450716	lu zhongyuan	-0.6	5.4	0.7	10.7	10	5	7	9	5	3	10	9	22	10	13
194450716	wensheng yang	1.2	14.0	-2.4	20.0	10	5	11	15	11	10	19	14	13	8	10
196699116	hua lin	1.2	5.6	2.1	6.9	0	0	2	4	4	10	4	18	12	17	15
196699116	jiaguo yu	2.8	17.6	6.9	5.3	7	5	6	9	19	28	18	16	19	33	44
196699116	liqiang mai	1.5	13.1	-12.1	77.1	6	10	7	3	17	29	40	57	91	16	0
196699116	余家国	0.0	0.0	0.0	0.0	0	0	0	0	0	0	0	0	0	0	0
204553293	chunming xu	1.4	6.0	2.3	16.1	0	1	0	1	7	15	19	20	23	25	28
204553293	gensheng li	0.1	0.5	0.5	0.1	0	0	0	1	0	0	1	1	1	2	3
204553293	徐春明	0.0	0.0	0.0	0.0	0	0	0	0	0	0	0	0	0	0	0
204831749	huazhen lin	0.1	0.9	0.2	2.6	1	0	0	1	1	2	2	3	6	1	4
204983213	dahai zhu	0.0	0.0	0.1	0.1	0	0	0	0	0	0	0	0	1	1	0
204983213	fan feng	2.3	15.5	-1.7	17.3	2	7	11	12	11	12	12	14	17	15	3
204983213	feng jicai	0.1	1.9	0.3	9.5	2	1	1	2	2	1	9	12	9	11	11
204983213	feng yujie	4.6	24.0	6.3	9.3	1	1	18	13	18	21	22	15	25	36	43
204983213	han jiecai	5.0	26.8	-10.1	62.7	6	7	5	13	28	33	53	49	24	18	18
204983213	jun liang	-0.2	6.0	-0.6	5.8	7	8	4	8	6	3	3	5	7	5	0
204983213	qiang ye	2.0	13.2	-0.7	7.9	4	5	6	9	12	7	7	8	3	7	4
204983213	韩杰才	0.0	0.0	0.1	-0.1	0	0	0	0	0	0	0	0	0	1	0
205237279	bai chengming	-0.1	-0.1	0.0	0.2	0	1	0	0	0	0	0	0	1	0	0
205237279	baohui li	1.7	13.9	-1.4	10.2	1	9	14	12	8	5	6	12	4	6	2
205237279	bu wenjun	0.1	0.5	0.6	3.6	0	0	0	1	0	1	5	6	2	6	8
205237279	deling kong	0.6	3.6	2.4	6.0	0	2	2	2	3	1	7	12	13	18	16
205237279	fang yongchun	1.9	16.3	-1.6	27.4	8	8	9	13	15	18	22	20	29	36	6
205237279	jianguo tian	-0.7	-1.3	5.1	-5.1	3	1	0	0	0	1	1	3	12	14	21
205237279	jianhua xie	1.1	16.9	-1.6	13.6	11	11	17	14	15	9	7	13	14	9	1
205237279	linqi shi	2.4	10.6	-0.9	13.1	0	0	1	8	8	11	9	14	12	11	6
205237279	pingchuan sun	4.2	21.0	0.0	10.8	2	4	5	12	19	7	11	10	12	10	11
205237279	sun wenchang	0.7	7.1	-0.4	2.4	4	2	7	7	5	3	1	2	3	0	0
205237279	xiaoqing zhu	1.8	8.4	0.5	0.7	0	0	4	4	7	3	1	3	1	2	4
205237279	田建国	0.0	0.0	0.2	-0.4	0	0	0	0	0	0	0	0	0	0	1
881766915	bin shi	-0.3	-0.1	1.1	2.1	1	1	2	0	0	2	3	5	3	10	6
881766915	chen guihai	2.1	16.1	-5.1	34.7	1	11	15	10	12	24	34	23	15	10	15
881766915	chen yang	1.5	10.5	0.9	4.9	5	5	2	6	12	7	5	3	13	12	5
881766915	cheng jianchun	0.2	0.8	0.2	2.0	0	0	0	0	1	3	3	2	0	6	2
881766915	daiqian xie	1.2	12.6	-1.5	20.9	5	8	11	12	9	21	23	17	6	24	12
881766915	gaofei zhang	-0.5	-0.5	0.0	0.0	2	2	0	1	0	0	0	0	0	0	0
881766915	gu shulin	-0.6	5.2	0.1	8.5	12	3	4	11	5	1	6	14	7	7	10
881766915	haijun wu	-0.2	0.8	-0.5	2.3	1	2	3	0	1	1	2	1	1	0	0
881766915	hong yan	1.2	6.0	-0.2	9.8	0	1	2	5	4	9	8	9	11	13	5
881766915	hu wenbing	-0.4	2.4	1.7	1.5	6	2	4	2	4	6	8	4	1	3	17
881766915	hu yuefei	0.4	3.6	-0.8	6.2	3	1	2	1	5	6	7	2	4	4	2
881766915	huang yongfeng	0.1	1.1	-0.4	3.4	0	0	3	1	0	1	2	5	1	1	2
881766915	hui liu	-1.7	5.7	-2.9	15.9	11	18	10	7	8	6	10	14	7	5	0
881766915	huicheng yin	0.8	5.6	1.8	-2.0	1	3	4	3	5	4	0	2	3	4	8
881766915	ji junfeng	0.4	6.6	1.2	6.8	5	6	4	4	8	13	10	7	11	9	15
881766915	jiang xiqun	1.6	10.8	2.0	3.4	1	5	8	9	7	4	8	6	8	8	17
881766915	jilin zhou	0.4	4.6	0.4	5.8	1	4	3	8	1	3	6	7	6	9	7
881766915	jin zhu	0.6	8.6	-3.4	17.2	6	5	6	11	6	6	8	20	5	2	0
881766915	jing ma	-0.1	7.3	-2.3	27.7	7	6	12	7	6	12	16	32	28	15	13
881766915	junjie zhu	3.4	20.2	4.0	19.6	6	5	5	17	17	21	22	31	35	25	45
881766915	kong lingdong	0.7	7.5	0.1	6.9	6	4	2	7	8	9	6	9	8	4	9
881766915	li xuandong	-0.6	1.2	0.3	6.1	5	1	5	3	1	3	5	11	3	8	8
881766915	limin zheng	1.9	11.5	1.7	5.7	4	5	1	6	13	13	5	11	13	12	13
881766915	liu zhen	2.9	23.5	-14.2	66.0	15	5	8	28	18	30	52	39	25	1	0
881766915	lu xian	0.0	0.0	0.0	0.0	0	0	0	0	0	0	0	0	0	0	0
881766915	lu xiaomei	1.3	11.7	-1.1	10.5	4	3	14	12	6	11	8	9	11	2	6
881766915	peng ruwen	0.0	5.8	0.9	9.1	7	2	9	6	5	7	10	8	14	17	10
881766915	qingyu wu	0.0	0.2	0.0	0.0	0	0	1	0	0	0	0	0	0	0	0
881766915	sheng zhong	0.8	3.8	-4.4	21.0	1	0	1	0	5	11	15	15	8	1	0
881766915	sun weiyin	1.9	19.3	1.4	9.0	10	13	11	16	18	19	12	12	10	14	18
881766915	sun zhiwei	2.3	12.1	-0.6	13.6	0	1	7	12	6	8	7	18	16	10	8
881766915	tiaojun xiao	-1.4	0.2	-1.0	5.4	9	4	4	2	3	6	4	2	6	0	0
881766915	wan xiangang	0.6	7.8	-8.0	34.8	7	3	5	7	8	22	30	20	4	0	0
881766915	weiyi zhang	0.1	4.1	0.4	2.4	3	1	9	4	2	6	3	3	3	5	4
881766915	xiuqun yang	0.1	0.7	0.4	0.4	0	1	0	0	1	1	0	2	1	4	1
881766915	xu ying	0.0	0.0	0.4	2.0	0	0	0	0	0	0	1	3	5	5	2
881766915	谢代前	0.0	0.0	0.0	0.0	0	0	0	0	0	0	0	0	0	0	0
