2423863694	0.0	0.0	5.0	0.0	1	0	0	0
2435248972	2.569127651060424	0.9295112701626786	10.2	42.4	1	0	0	0
2101266726	0.0	0.0	0.0	0.0	1	0	0	0
1811820982	63.6	1.2678089432223294	3.6	1.0	1	0	0	0
2106520669	8.8	0.4100712495061621	7.8	0.8	1	0	0	0
2101240970	51.24000000000001	4.014596992436002	17.6	3.8	1	0	0	0
2169407879	13.573333333333334	1.5296593253751096	5.8	2.8	1	0	0	0
2114795606	14.933333333333335	1.8514677629455785	5.4	1.2	1	0	0	0
2117568215	43.06666666666666	2.5688672928346863	2.2	0.8	1	0	0	0
2101519778	11.073333333333334	0.5777417365366062	4.6	2.0	1	0	0	0
2156498571	14.607528436475807	1.938682678608865	26.0	13.6	0	1	0	0
2485801996	0.0	0.0	6.0	0.0	1	0	0	0
2430783453	7.2	0.37241936871183423	1.8	1.8	1	0	0	0
259118630	26.04	1.2602726007372709	7.4	4.2	1	0	0	0
2130968869	0.0	0.0	0.0	0.0	1	0	0	0
2342412496	40.07666666666667	2.4120695662209517	25.8	6.6	1	0	0	0
2102037186	16.433333333333334	0.5482717534513375	1.4	1.0	1	0	0	0
2104169870	7.914285714285714	4.764616046811062	13.2	3.2	1	0	0	0
2124222436	15.916666666666664	2.9559084482088767	12.6	3.0	1	0	0	0
2463523865	2.333333333333333	0.42941483789723855	5.0	1.4	1	0	0	0
2147533149	43.5	6.259517355516431	38.4	3.6	0	1	0	0
2618341169	0.0	0.0	0.0	0.0	1	0	0	0
2156431734	26.89227272727272	3.8025968486349497	21.0	7.4	1	0	0	0
2471503937	9.46	2.156384249357952	13.2	3.0	1	0	0	0
2004954964	3.8	0.09202628973662287	1.2	0.4	1	0	0	0
2164782366	12.233333333333334	1.0873570156705823	5.8	2.0	1	0	0	0
2304494935	6.6	1.3625223883252937	7.6	1.4	1	0	0	0
2307619098	0.0	0.0	0.0	0.0	1	0	0	0
2096271176	37.37490196078432	2.3007529555653723	25.6	15.4	0	1	0	0
2243713403	1.2666666666666668	0.7081694992285705	2.8	3.2	1	0	0	0
2154120132	12.733333333333334	0.3991190476190476	1.8	1.2	1	0	0	0
2150860615	13.99098079515537	1.5099889639488446	24.6	25.8	1	0	0	0
2111471200	47.4111111111111	0.7512346515806833	10.4	4.2	1	0	0	0
2600321636	0.0	0.0	0.0	0.0	1	0	0	0
2620217620	8.0	1.2076234089380395	1.2	0.8	1	0	0	0
2126664890	8.7	3.7683173710312925	30.0	1.2	0	0	1	0
1993688379	3.3	0.7534908423329868	2.2	1.6	1	0	0	0
2136953855	5.256666666666666	2.165570620888435	7.6	7.6	1	0	0	0
2104908036	4.6	0.14031413612565444	0.4	0.4	1	0	0	0
2585669862	14.6	5.9171428234463255	9.6	2.2	1	0	0	0
2490701366	0.0	0.0	0.0	0.0	1	0	0	0
2171955601	79.61966507177033	1.2112425839329553	13.0	7.8	1	0	0	0
2439877570	6.2	2.1610329066230944	8.2	0.6	1	0	0	0
2108034294	0.0	0.0	0.0	0.0	1	0	0	0
2125009864	28.0	0.14054054054054055	5.0	0.2	1	0	0	0
2140420991	4.733333333333333	0.5210680382840549	3.8	3.2	1	0	0	0
2135098536	0.5657894736842105	0.19473233643880566	0.8	4.8	1	0	0	0
2110707874	3.401948051948052	2.735785708888309	17.0	13.2	0	1	0	0
2593542062	2.6890909090909094	2.028917792340229	4.8	7.8	1	0	0	0
2129840949	15.353921568627452	1.9072484536235168	24.2	13.0	0	1	0	0
2121215760	0.0	0.0	7.0	0.0	1	0	0	0
2167911662	5.1875816993464055	2.2885052946009194	13.0	8.8	0	1	0	0
2669630631	5.954285714285715	4.118701181633198	9.0	4.2	1	0	0	0
2171054309	5.216666666666667	0.8630297592711618	9.6	2.4	1	0	0	0
2096072814	13.8	1.1086317959288845	0.2	0.4	1	0	0	0
2096300312	46.02333333333333	3.0794313912353424	19.8	7.2	1	0	0	0
2119763375	18.142893772893775	3.7706823948616015	49.8	9.8	0	0	1	0
2137005904	13.8	3.4080959514245577	7.2	1.4	1	0	0	0
2059994571	17.06666666666667	1.0717710606379829	5.0	2.6	1	0	0	0
2147468748	24.609523809523807	4.2918512234528485	16.8	6.2	1	0	0	0
2643812006	51.46666666666666	1.4450789956230616	4.8	2.6	1	0	0	0
2623618940	1.1	0.0	1.6	0.8	1	0	0	0
1637265637	4.1	1.7532540501699287	6.0	0.8	0	1	0	0
2096593387	13.697619047619051	1.5424114396096351	10.4	6.8	1	0	0	0
2317205900	16.45	0.632675954991287	1.4	1.2	1	0	0	0
2138730132	0.32	0.06882911234248554	22.0	1.0	0	1	0	0
2115096685	0.0	0.0	0.0	0.0	1	0	0	0
2149890508	0.0	0.0	1.0	0.0	1	0	0	0
2599095413	11.333333333333336	1.244892925928078	3.8	1.2	1	0	0	0
2529592301	10.316666666666666	0.5232729556207595	3.0	3.6	1	0	0	0
2177245446	15.6	0.6925768822905619	0.6	0.2	1	0	0	0
2464372715	0.0	0.0	0.0	0.0	1	0	0	0
2223707507	0.0	0.0	4.0	0.0	1	0	0	0
2105946567	27.93333333333333	0.9357776723526922	4.6	2.2	1	0	0	0
2101729186	2.4	0.3275594760759155	0.2	0.2	1	0	0	0
2736152990	4.533333333333333	0.4726030386861658	2.0	1.2	1	0	0	0
2207345732	1.6	0.2607594936708861	4.0	1.2	1	0	0	0
2136933829	0.0	0.0	0.0	0.0	1	0	0	0
2506769544	2.166666666666667	0.4835108455511698	2.0	1.0	1	0	0	0
2138250145	7.213636363636364	2.7307673640660752	37.0	5.0	0	0	1	0
2483316828	116.46666666666668	3.6620911271391	3.6	1.8	1	0	0	0
2096883221	30.75	1.5911288279007425	7.6	2.4	1	0	0	0
2614311846	8.483333333333334	1.9691337480661064	6.8	2.6	1	0	0	0
2489575497	0.8	0.2410358565737052	2.0	0.2	1	0	0	0
2603841987	0.0	0.0	1.0	0.0	1	0	0	0
2289626938	5.6	0.659450538515536	7.0	3.0	1	0	0	0
2113871370	1.8	0.8038498304710024	8.4	0.4	1	0	0	0
2251034904	40.97904761904762	0.8705061767026793	23.8	9.2	1	0	0	0
2161348131	5.0	0.8801090304014462	2.2	1.6	1	0	0	0
2137165949	7.133333333333333	0.2441910986326415	11.0	0.6	1	0	0	0
2086581877	4.6	0.22285714285714286	9.8	0.4	1	0	0	0
2113950879	0.0	0.0	0.0	0.0	1	0	0	0
2104117573	3.0	0.0502283105022831	1.6	1.6	1	0	0	0
2293648838	7.2349999999999985	1.1876512299446338	17.0	7.2	0	1	0	0
2104810978	19.2	0.8349297555653484	3.2	2.0	1	0	0	0
2165112351	10.991666666666667	2.144785462778456	30.6	6.8	0	0	1	0
2118137145	0.0	0.0	2.0	0.0	1	0	0	0
2106156992	4.2	2.188554189898401	7.8	0.4	1	0	0	0
2425617645	0.0	0.0	16.0	0.0	1	0	0	0
2245092705	31.388181818181817	3.5416257496690315	30.2	6.0	1	0	0	0
2618792320	47.2	1.5949071231348153	1.6	0.8	1	0	0	0
2303091550	0.0	0.0	0.0	0.0	1	0	0	0
2167316255	19.866666666666667	3.0419177810748965	13.6	2.2	1	0	0	0
2519154089	11.293333333333333	0.9994721359113752	8.6	6.0	1	0	0	0
2016189893	0.8	0.0	0.4	0.2	1	0	0	0
2157655962	29.333333333333336	1.6823126620515805	13.0	2.8	1	0	0	0
2517218746	12.0	2.5969191268948952	0.8	0.6	1	0	0	0
2585796070	3.2333333333333334	2.798581013377281	6.4	5.8	1	0	0	0
2585426535	0.0	0.0	12.0	0.0	1	0	0	0
1910347612	0.0	0.0	1.0	0.0	1	0	0	0
2420797795	67.9	3.0762983535756883	10.0	2.6	1	0	0	0
2129418036	9.1	0.1222669617964672	3.4	1.6	1	0	0	0
2130647009	77.84945054945055	1.8441308438364503	9.6	10.0	1	0	0	0
2114268393	1.8857142857142857	0.4051853681056645	0.8	1.4	1	0	0	0
2138812682	14.5	1.3721531897202832	3.2	1.4	1	0	0	0
2163876039	14.6	0.8915736205370036	10.6	0.6	1	0	0	0
2142600833	20.617819803385014	3.0903565331857763	44.0	24.8	0	0	1	0
2017396131	1.2	0.35242718446601945	0.2	0.2	1	0	0	0
2499187671	0.0	0.0	0.0	0.0	1	0	0	0
2136816253	16.333333333333332	0.7166331899211009	1.4	1.0	1	0	0	0
2171646946	36.287546521230716	4.2863170691330765	53.4	35.0	0	0	1	0
2155024381	0.0	0.0	3.0	0.0	1	0	0	0
2135958607	12.7	2.984504948731369	4.6	2.0	1	0	0	0
2106917834	49.16666666666667	3.1830975447358365	10.6	1.4	1	0	0	0
2155500052	6.2666666666666675	3.65752741370402	10.8	1.6	1	0	0	0
2121443691	39.73333333333333	6.386931229154445	27.6	2.4	0	1	0	0
2528072962	0.0	0.0	1.0	0.0	1	0	0	0
2129593249	3.3	1.1293642438024651	19.0	0.6	1	0	0	0
2146048256	55.81444444444444	2.6575169889083328	29.0	10.2	1	0	0	0
2124225101	5.9	1.1211650158534192	5.6	1.0	1	0	0	0
2299437103	42.11666666666667	0.7902003657373371	4.4	2.6	1	0	0	0
2107803903	201.6133333333333	0.6895015702460718	7.2	3.2	1	0	0	0
2167979857	48.93333333333333	2.6496919556827434	1.8	1.0	1	0	0	0
2120394816	199.31777777777785	1.0890267339911948	17.6	3.6	1	0	0	0
2245040899	5.279999999999999	0.9388914161100674	2.4	1.4	1	0	0	0
2506920196	12.4	1.7622005178791231	4.6	1.0	1	0	0	0
2155752892	49.48095238095239	1.9732806018271511	9.6	4.4	1	0	0	0
2167758628	16.356493506493507	1.4984854665864815	31.6	8.0	0	1	0	0
2428973165	13.7	1.8067778843834887	2.8	1.2	1	0	0	0
2154538814	55.54382284382285	4.5299752510105	61.4	16.8	0	0	1	0
2169899449	7.9	1.158973447973478	4.2	1.6	1	0	0	0
2157960410	17.2	0.4298279151134864	6.2	1.0	1	0	0	0
2124980087	39.3	4.7595389946883015	7.2	1.2	1	0	0	0
1968812139	19.566666666666666	3.2307594418974093	7.8	1.8	1	0	0	0
2122451041	15.116666666666667	0.8666470480524401	14.0	2.2	1	0	0	0
2121799127	7.595238095238094	1.7385768279841043	15.4	7.0	0	1	0	0
2578399752	12.883333333333333	4.392591235036713	4.2	1.6	1	0	0	0
2309164315	16.6	2.5003892100908067	5.0	0.6	1	0	0	0
1126371583	20.6	1.5282246673980278	1.2	0.6	1	0	0	0
2490185788	2.8	0.7769965181392601	3.8	0.6	1	0	0	0
2174116335	73.96666666666667	0.9205190836710662	4.8	2.0	1	0	0	0
2420186739	4.466666666666667	0.7187704122197809	1.4	1.0	1	0	0	0
2157101960	0.0	0.0	4.0	0.0	1	0	0	0
2577624551	6.4	0.3994737516005121	0.8	0.8	1	0	0	0
1972562975	0.33333333333333337	0.0	4.0	2.6	1	0	0	0
2096130056	0.9	0.0574738003309432	1.2	1.2	1	0	0	0
2135189109	6.0	0.8469272949574538	18.2	0.4	0	1	0	0
2101740809	17.0	1.0312232468213085	0.6	0.4	1	0	0	0
2109376833	29.868650793650797	2.3472260563215754	16.0	6.0	1	0	0	0
2096224780	23.916300366300373	2.3719538774602347	23.6	8.8	1	0	0	0
2300692282	70.7	2.3746813434365754	2.0	1.0	1	0	0	0
2428429988	13.933333333333332	0.35680047304335344	1.0	1.2	1	0	0	0
2588988522	26.884615384615394	2.156250899736495	17.8	4.2	1	0	0	0
2509319508	35.7	1.6176804094660036	5.4	3.0	1	0	0	0
2152922038	17.45	1.1082663274395137	5.4	1.6	1	0	0	0
2620912768	1.8444444444444443	1.5464771774324548	5.0	3.0	1	0	0	0
2143517294	31.85	1.8747115485832517	4.4	1.6	1	0	0	0
2250419888	0.4	0.0	2.0	0.2	1	0	0	0
2133738430	27.488888888888887	3.1855558370884896	7.0	3.4	1	0	0	0
2121991166	55.35233596812546	1.8858724621089809	32.4	16.6	1	0	0	0
2572966537	13.8	0.4787009397457159	3.8	0.8	1	0	0	0
2095926508	14.39818181818182	2.056108192014137	13.2	8.2	1	0	0	0
2134507548	0.0	0.0	0.0	0.0	1	0	0	0
2155508843	2.0	0.3108663496409132	1.6	0.6	1	0	0	0
2101790054	13.29	1.6044629350029755	12.4	2.4	0	1	0	0
2124457473	47.37797619047619	2.7757564558081578	23.8	12.8	1	0	0	0
680543339	0.0	0.0	0.0	0.0	1	0	0	0
2109788877	9.45	0.7874372341199286	3.4	3.2	1	0	0	0
2141859088	7.56	2.2745042117710565	14.8	2.2	1	0	0	0
2112004371	14.866666666666667	1.3614608230608742	8.6	2.0	1	0	0	0
2156070389	57.36666666666667	2.7890527289764853	30.6	2.0	0	1	0	0
2099094960	5.9	0.369954608609781	5.0	1.0	1	0	0	0
2105823394	45.66190476190477	2.2649651289817454	9.4	3.0	1	0	0	0
2682361799	0.0	0.0	0.0	0.0	1	0	0	0
2669455673	8.1	1.9700541816067336	5.8	2.4	1	0	0	0
2629046442	10.6	0.0	10.8	0.4	1	0	0	0
2169565136	43.9	2.423306679877769	3.0	1.8	1	0	0	0
2139383353	1.7	0.12095959595959595	1.0	0.8	1	0	0	0
2572577206	1.3772826086956522	1.3684476741593314	7.0	11.8	0	1	0	0
2645410941	8.2	0.7438891917898232	3.2	1.2	1	0	0	0
2322488068	4.1	1.4049844748387983	5.8	3.8	1	0	0	0
2698923267	0.0	0.0	11.0	0.0	1	0	0	0
2526354806	18.888461538461534	5.083089163092208	15.4	8.2	1	0	0	0
2235351327	21.23616883116884	2.753289173084672	12.6	8.2	1	0	0	0
2115863081	0.4	0.0	1.0	0.2	1	0	0	0
2051112775	8.587543859649122	1.6828645696273388	12.0	11.4	0	1	0	0
2221072935	29.30412698412698	1.7681487121037442	14.4	6.2	1	0	0	0
2131857602	31.326262626262626	2.3337790066756363	39.4	7.0	0	1	0	0
2320426110	18.8	0.5418654739926011	2.4	0.6	1	0	0	0
2279508135	25.83333333333333	2.853778995306472	12.0	2.2	1	0	0	0
2149967164	16.236363636363638	0.8512433331840061	5.2	3.2	1	0	0	0
2102715665	18.99333333333333	1.9399564882095657	6.6	3.2	1	0	0	0
2674843675	0.0	0.0	0.0	0.0	1	0	0	0
2197204323	63.9	4.473785398648815	3.2	1.0	1	0	0	0
2121069363	19.05892857142857	1.1189839132786523	7.8	10.0	1	0	0	0
2105781040	14.76666666666667	1.4709060669143927	6.4	2.8	1	0	0	0
2610397620	17.0	3.5261913457210388	8.8	1.6	1	0	0	0
2297341045	13.2	1.657305417222251	4.4	0.8	1	0	0	0
2117782603	27.88666666666667	1.82329714188462	9.4	4.0	1	0	0	0
2438976802	0.0	0.0	0.0	0.0	1	0	0	0
2146436343	14.104155844155846	1.7156758301790311	6.4	6.2	1	0	0	0
2120317704	200.525	1.968779633777394	15.0	3.2	1	0	0	0
2126971597	3.09	1.913043161248644	11.8	5.0	0	1	0	0
2160966931	22.562142857142852	3.1503262581475253	21.4	7.6	0	1	0	0
2683236842	16.0	3.722901165288985	6.6	1.4	1	0	0	0
2122303705	5.7	0.7247547798872032	3.4	1.2	1	0	0	0
2142251200	0.0	0.0	0.0	0.0	1	0	0	0
2135920179	23.766666666666666	4.011236191584844	5.6	1.6	1	0	0	0
2706688620	15.383333333333333	0.5821177921433469	6.2	1.4	1	0	0	0
2101867916	6.2	0.7622223748683428	3.6	0.6	1	0	0	0
2127389950	28.76045454545455	4.5276212502737225	31.0	15.2	0	1	0	0
2154701305	1.4555555555555555	2.7659994177291853	22.0	15.8	0	1	0	0
2148887477	55.4	1.6372855646673417	10.4	1.2	1	0	0	0
2569637065	11.266666666666667	2.135775868488536	12.0	0.8	1	0	0	0
2482558687	6.35	0.4292526808440905	3.4	2.6	1	0	0	0
2586495105	0.4333333333333333	0.17952292110874196	1.6	1.2	1	0	0	0
2164096993	21.85	3.3302169277373688	4.6	1.6	1	0	0	0
2158149647	40.99166666666667	1.6028387782679991	9.0	3.6	1	0	0	0
2139359872	8.1	1.5479163412733905	13.4	1.0	1	0	0	0
2273517658	0.0	0.0	2.0	0.0	1	0	0	0
2107184605	3.7	0.2521281904669691	1.0	0.6	1	0	0	0
2130533168	2.05	0.6669269256111583	1.8	1.4	1	0	0	0
2249889733	7.700000000000001	1.7663839423063905	6.0	2.2	1	0	0	0
2105004084	33.73333333333333	2.1012284678303383	12.2	1.8	1	0	0	0
2467333156	1.8	0.4991596638655461	15.0	0.2	1	0	0	0
2163948149	6.7700000000000005	0.8507158948873196	4.8	3.0	1	0	0	0
2097630498	0.0	0.0	8.0	0.0	1	0	0	0
2235950228	0.0	0.0	3.0	0.0	1	0	0	0
2309133828	9.485714285714286	0.9771710037699826	2.0	2.0	1	0	0	0
2143737760	74.0	0.7751527494908349	0.4	0.2	1	0	0	0
241592301	0.0	0.0	0.0	0.0	1	0	0	0
2132032762	0.0	0.0	0.0	0.0	1	0	0	0
2685000871	8.8	0.31411220358588776	1.0	0.2	1	0	0	0
2110091597	8.210757575757574	3.4589294180006265	29.8	8.6	0	1	0	0
2109351857	2.7	1.8027442493441657	29.0	1.8	0	1	0	0
2269141726	0.0	0.0	5.0	0.0	1	0	0	0
2102216805	20.25398601398601	1.905294787126208	23.8	11.6	0	1	0	0
2144967616	12.1	1.5697713093879746	11.6	1.4	1	0	0	0
2168088888	1.0	0.7374175399264146	3.6	1.0	1	0	0	0
2620743261	1.1	0.3560345203849222	4.4	0.8	1	0	0	0
2095973066	0.2	0.12235723674602016	2.0	0.6	1	0	0	0
2114173801	0.8	0.3124930594114381	3.8	0.2	1	0	0	0
2436231491	22.63333333333333	2.8512341739135745	5.2	1.4	1	0	0	0
2583711942	0.0	0.0	1.0	0.0	1	0	0	0
2142144324	9.569285714285718	3.5036539744375914	23.4	9.2	0	1	0	0
2633136282	0.0	0.2970314465408805	2.0	0.8	1	0	0	0
2136696627	15.670265682030392	4.488018566163232	29.4	12.4	0	1	0	0
2158260898	0.0	0.0	5.0	0.0	1	0	0	0
2147008306	7.85	0.26904761904761904	1.8	1.8	1	0	0	0
2135471349	6.7333333333333325	0.4174935246655272	1.4	1.0	1	0	0	0
2137266704	77.60571428571428	2.095099054651963	16.8	6.4	1	0	0	0
2168703332	11.212640692640694	2.658600008165704	17.0	17.0	1	0	0	0
2301860113	28.228571428571428	2.4982037874038627	16.4	4.6	1	0	0	0
2132452411	5.433333333333333	1.4487681623244086	20.0	2.2	0	1	0	0
2105015565	3.6	0.2608599779492834	1.4	0.2	1	0	0	0
2420702928	12.0	1.2697295657801573	3.0	1.6	1	0	0	0
2116122190	3.6	1.0881292236148596	12.0	0.8	1	0	0	0
2137872106	0.0	0.0	2.0	0.0	1	0	0	0
2128505437	0.0	0.0	0.0	0.0	1	0	0	0
2125492118	20.633333333333333	1.358260994211404	2.4	2.0	1	0	0	0
2108134994	36.65	3.0554289297332757	13.6	1.8	1	0	0	0
2161572675	31.620303030303035	1.5303597431316105	25.6	7.4	0	1	0	0
2145805884	331.1	2.28098322963047	5.0	1.0	1	0	0	0
2111894757	23.86	2.0158099148300783	11.8	5.2	1	0	0	0
2101336747	28.90539215686274	1.6592600548738616	9.4	6.8	1	0	0	0
2104594067	1.2	0.04919614147909968	2.0	0.2	1	0	0	0
2684097888	0.2	0.8702908587257617	7.0	0.2	1	0	0	0
2430668537	0.0	0.0	21.0	0.0	1	0	0	0
2564746783	22.695454545454545	2.8333051750339138	13.0	6.6	1	0	0	0
2672612038	4.7	0.4426293785967523	3.0	0.8	1	0	0	0
2097784377	0.0	0.0	0.0	0.0	1	0	0	0
2290637690	27.666666666666664	1.1310907361717886	5.2	1.0	1	0	0	0
2097470770	4.64	0.17009606816368922	4.4	1.0	1	0	0	0
2597524415	4.93	2.234249894961919	2.4	2.2	1	0	0	0
2113707818	3.4	1.0072981026414352	2.6	0.6	1	0	0	0
2151467832	0.0	0.0	4.0	0.0	1	0	0	0
2165440259	2.004848484848485	1.0750337007139183	4.4	4.6	1	0	0	0
2107573700	39.2	1.4833906474481615	6.2	1.6	1	0	0	0
2007547991	1.0	0.022040816326530613	2.4	0.2	1	0	0	0
2107811228	1.2	0.13857622958540813	1.4	0.6	1	0	0	0
2143804335	1.6	1.6248915275065827	21.0	0.8	1	0	0	0
2119546815	23.95888888888889	2.900491911937285	12.2	5.4	1	0	0	0
2132371958	8.559999999999999	0.9306858164154116	6.6	4.2	1	0	0	0
2108626641	6.6	1.6980281690140846	6.0	0.2	1	0	0	0
2140835453	2.6	0.457029702970297	0.4	0.2	1	0	0	0
2625380526	14.525	2.116460751482766	7.6	4.8	1	0	0	0
2590361030	0.0	0.0	6.0	0.0	1	0	0	0
2298187013	6.8	0.7311365648357595	2.6	0.6	1	0	0	0
2118298011	0.0	0.0	0.0	0.0	1	0	0	0
2113043869	0.0	0.0	0.0	0.0	1	0	0	0
2161735462	0.0	0.0	0.0	0.0	1	0	0	0
2110705915	0.0	0.0	11.0	0.0	1	0	0	0
2763403883	0.0	0.0	5.0	0.0	1	0	0	0
2116209495	10.930555555555555	1.0338324500873326	7.8	5.8	1	0	0	0
2158255297	8.5	2.9437467113150326	8.6	0.8	1	0	0	0
2709743151	87.76666666666668	3.73408422004276	9.0	1.8	1	0	0	0
2096256243	40.815321289334435	6.829029840140818	53.8	27.0	0	0	1	0
2122960772	4.173333333333334	2.26977453881356	8.6	3.8	1	0	0	0
2428845296	17.183333333333334	0.6275645918876551	9.2	3.6	1	0	0	0
2235471002	2.6	0.27464612813945644	4.0	2.6	1	0	0	0
2171200862	0.0	0.0	0.0	0.0	1	0	0	0
2132946446	3.4	0.3010153756890049	0.2	0.2	1	0	0	0
2252247208	3.073113553113553	0.0	3.2	20.8	1	0	0	0
2115039528	59.51000000000001	5.462577023643268	25.6	4.4	0	1	0	0
2168145360	86.03666666666668	4.935366322951522	14.4	3.8	1	0	0	0
2112651016	0.4	0.21649175412293853	2.0	0.2	1	0	0	0
2425472716	2.4082417582417586	1.2470115764124499	3.4	7.4	1	0	0	0
2545898039	0.0	0.12941176470588234	4.0	0.6	1	0	0	0
2518223341	0.0	0.0	0.0	0.0	1	0	0	0
2149179121	0.0	0.0	6.0	0.0	1	0	0	0
2152986995	31.276190476190475	1.4865580143272128	11.0	3.2	1	0	0	0
2585927258	3.2	0.9405857740585774	8.0	0.2	1	0	0	0
2331439848	1.0	0.2149425287356322	4.0	0.4	1	0	0	0
2114361230	24.36	1.6414503630168962	14.2	1.6	1	0	0	0
2118299508	17.766666666666673	4.002770430804574	9.6	3.4	1	0	0	0
2299076990	18.1	0.434024779623248	1.0	1.4	1	0	0	0
2168636615	6.1	0.6426564973366466	3.2	2.6	1	0	0	0
2154473071	2.3	0.5636296475416599	11.0	2.2	1	0	0	0
2499659807	8.2	3.919123887419276	2.4	1.4	1	0	0	0
2170764363	8.933333333333334	0.5079943204341655	2.2	1.8	1	0	0	0
2527066934	1.55	0.0	0.6	1.0	1	0	0	0
2585157491	0.0	0.0	0.0	0.0	1	0	0	0
2263887713	2.1166666666666663	1.5001584437068307	6.8	1.8	1	0	0	0
2111332042	10.2	1.0846774628879892	4.8	0.6	1	0	0	0
2164946101	0.4	0.4848970944309928	8.0	0.2	1	0	0	0
2709438096	58.72571428571429	1.112053737925895	13.4	3.4	1	0	0	0
2151497270	14.4	0.4843410110515374	4.0	0.4	1	0	0	0
2564512449	1.4	0.0	0.2	0.2	1	0	0	0
2106233588	8.7	0.4492156482445943	14.0	0.4	1	0	0	0
2170606828	1.8	0.5937650920923215	3.8	0.8	1	0	0	0
2596045860	0.0	0.0	0.0	0.0	1	0	0	0
2225391444	0.0	0.0	0.0	0.0	1	0	0	0
2558096301	9.4	1.9147311750759648	15.8	1.2	1	0	0	0
2704480455	4.133333333333334	0.7187777396768052	1.2	1.0	1	0	0	0
2101921658	3.322222222222221	4.403486678102675	9.2	4.4	1	0	0	0
2094052010	51.78	7.140071634151684	6.0	3.0	1	0	0	0
2123182407	12.035	1.243710296697592	5.0	3.4	1	0	0	0
2123995904	40.031601731601725	1.0429313784875154	7.2	4.8	1	0	0	0
2306346593	26.9	1.5269115551571182	3.8	1.8	1	0	0	0
2575498750	13.95142857142857	0.9789595491137736	13.2	8.4	1	0	0	0
2116873136	0.0	0.0	0.0	0.0	1	0	0	0
2110349578	13.176190476190474	1.8718090132614875	14.0	5.0	0	1	0	0
2131688799	5.6	0.5388195232690125	1.0	0.2	1	0	0	0
2129456769	2.8	1.6181356044014508	3.0	2.6	1	0	0	0
2102270311	52.075	2.6152207758829613	13.6	4.0	1	0	0	0
2126121460	60.17333333333333	2.705825849093647	2.8	1.8	1	0	0	0
2130638385	3.123333333333333	0.6839058933686176	20.0	2.4	0	1	0	0
2196459595	6.4	0.2172917918347496	4.6	0.6	1	0	0	0
2152759239	58.4	0.7754981850530076	4.4	1.4	1	0	0	0
2150238559	13.8	1.1751515026975177	2.0	0.6	1	0	0	0
2243692557	55.33153846153846	9.31751201931957	21.8	6.2	1	0	0	0
2152263836	34.92	2.471451184325633	18.2	2.0	1	0	0	0
2169646040	1.2	0.13025641025641027	0.6	0.2	1	0	0	0
2145801676	5.942857142857143	0.7676435850965317	1.8	2.0	1	0	0	0
2126386058	17.1	1.7801600611803956	3.2	1.6	1	0	0	0
2557936967	5.164285714285715	2.572355790320196	6.8	6.6	1	0	0	0
2148219056	3.6	0.16306306306306306	1.2	0.6	1	0	0	0
2117485077	37.208245812158864	2.164391106726573	25.0	19.4	1	0	0	0
2141240247	7.948333333333332	1.8517285886692016	51.0	4.4	0	0	1	0
2143875236	0.0	0.0	7.0	0.0	1	0	0	0
2106974805	7.7333333333333325	2.4687698741160533	11.8	1.4	1	0	0	0
2140415916	10.28	1.435465808556753	12.4	6.2	1	0	0	0
2123910355	9.184761904761904	1.354372103505902	8.2	6.6	1	0	0	0
2583840783	0.0	0.0	0.0	0.2	1	0	0	0
2159641247	2.057142857142857	0.0	2.0	6.2	1	0	0	0
2157213243	46.58333333333334	4.268744205501021	9.4	2.2	1	0	0	0
2550412142	0.0	0.0	5.0	0.0	1	0	0	0
2130006258	7.357142857142858	1.2798308676096313	6.0	3.0	1	0	0	0
2151841224	6.357142857142858	1.375679725877386	7.8	3.0	1	0	0	0
2165290838	6.55	3.0503973471725514	24.8	3.8	0	1	0	0
2103116688	9.6	0.5899979628764012	5.8	0.8	1	0	0	0
2143249676	125.0	4.355862552348998	18.8	4.2	1	0	0	0
2141917321	0.0	0.0	0.0	0.0	1	0	0	0
2490532619	6.257142857142857	1.8998546714975744	3.2	2.2	1	0	0	0
2098350942	0.0	0.0	0.0	0.0	1	0	0	0
2165347178	1.0	0.6610340479192939	2.0	0.4	1	0	0	0
2467808327	0.0	0.0	0.0	0.0	1	0	0	0
2524716205	27.52	1.8803618687897288	5.8	3.0	1	0	0	0
2114317941	0.0	0.0	3.0	0.0	1	0	0	0
2148571677	7.866666666666667	1.0484439181187617	4.4	1.0	1	0	0	0
2672872526	1.4333333333333331	0.4605621658906708	3.0	4.4	1	0	0	0
2151882070	2.1346153846153846	2.1010441857747457	4.8	8.4	1	0	0	0
2162608454	0.0	0.0	0.0	0.0	1	0	0	0
2096504552	2.230769230769231	1.2018394385271092	3.2	7.0	1	0	0	0
2106659691	0.0	0.0	6.0	0.0	0	1	0	0
2110797574	0.0	0.0	1.0	0.0	1	0	0	0
2155241416	94.7	1.379460680544122	13.0	0.4	1	0	0	0
2423985264	0.0	0.0	0.0	0.0	1	0	0	0
2128406112	0.4	0.049917397382132425	2.0	0.2	1	0	0	0
2303408767	0.0	0.0	5.0	0.0	1	0	0	0
2467165878	27.2	1.6036695021775125	7.2	0.8	1	0	0	0
2172282589	0.0	0.0	2.0	0.0	1	0	0	0
2327844854	15.333333333333336	1.2738247858926308	13.8	1.6	1	0	0	0
2144399546	0.0	0.0	4.0	0.0	1	0	0	0
2117626141	5.1	1.5097686798475478	12.6	1.0	1	0	0	0
2582634567	0.0	0.0	0.0	0.0	1	0	0	0
2142603089	19.266666666666666	1.0964153319768013	3.6	1.0	1	0	0	0
2142521509	1.0	0.035955056179775284	3.0	0.2	1	0	0	0
2343833113	2.266666666666667	0.14643423137876385	12.0	0.6	1	0	0	0
2081450660	9.666666666666666	0.651370746149413	7.4	2.4	1	0	0	0
2142476884	22.25	1.66798049580172	20.2	8.8	0	1	0	0
2395153991	9.88	1.0588894633408832	2.8	2.0	1	0	0	0
2155410336	54.59666666666667	4.032925870399306	9.8	5.2	1	0	0	0
2102380888	9.04717086834734	1.4436378678961648	6.6	15.6	1	0	0	0
2500836872	1.75	0.9480282079112008	3.4	1.6	1	0	0	0
2100858094	0.9	1.6385095351606196	8.0	1.2	1	0	0	0
2097059535	19.30857142857143	1.150024610110876	3.4	3.6	1	0	0	0
2693722088	0.0	0.0	0.0	0.0	1	0	0	0
2572753407	0.1	0.057553803363430286	7.0	0.4	1	0	0	0
2668851114	24.8	1.442106250903	11.8	2.4	1	0	0	0
2109064762	4.4	1.3000762215870425	6.0	0.4	1	0	0	0
2262385899	5.788484848484847	3.6143452115337587	13.4	8.4	1	0	0	0
2323573072	5.7676923076923075	1.9108646798168931	10.6	6.0	1	0	0	0
2265464800	15.6	2.6788308479152034	6.0	0.8	1	0	0	0
2153729420	9.499230769230767	0.8186686642609315	6.6	7.0	1	0	0	0
2560877256	6.0	0.7365359975313978	4.6	2.2	1	0	0	0
2776609185	0.0	0.0	3.0	0.0	1	0	0	0
2112126268	0.0	0.0	0.0	0.0	1	0	0	0
2164306456	88.32000000000002	3.0120284060541915	14.0	2.8	1	0	0	0
2194481242	6.93	1.0066182029394248	5.4	4.2	1	0	0	0
2169327097	26.72	2.2668612390508325	18.6	4.4	1	0	0	0
2264628315	19.6	0.586043265875785	6.6	0.2	1	0	0	0
2134475986	1.1318181818181816	1.062927438584542	14.0	5.8	0	1	0	0
2573061670	23.06666666666667	1.4639983925705002	3.4	3.2	1	0	0	0
2303916260	3.0190476190476185	2.9645711700232167	22.0	4.8	0	1	0	0
2625091181	9.3	2.0441880954097185	2.8	1.2	1	0	0	0
2223796977	7.73904761904762	4.583964920336792	20.0	4.4	1	0	0	0
2159011737	21.98809523809524	1.5010151937133434	6.4	5.0	1	0	0	0
2170746678	18.105714285714285	1.719918391707705	9.0	5.4	1	0	0	0
2170033343	34.2	0.7646396613353185	2.2	0.8	1	0	0	0
2619315278	0.4666666666666667	0.7217969729469129	5.0	0.8	1	0	0	0
2116559141	52.37166666666667	4.7351457008791265	45.6	8.8	0	1	0	0
2601428267	10.54	2.016856302283297	10.2	3.6	1	0	0	0
1968948896	0.2	0.12911999999999998	4.0	0.2	1	0	0	0
134072846	0.0	0.0	4.0	0.0	1	0	0	0
2129696040	0.1	0.08367784771094035	3.0	0.4	1	0	0	0
1342033561	3.15	0.23554421098436626	3.4	1.8	1	0	0	0
1858722361	0.4	0.03788437468285917	2.0	0.4	1	0	0	0
2643372635	13.5	1.4512560547912687	0.8	1.0	1	0	0	0
2124613142	1.8	0.38596189506426587	6.8	0.4	1	0	0	0
2136575268	17.586666666666666	4.641392997304039	14.8	2.6	1	0	0	0
2621430112	0.0	0.0	1.0	0.0	1	0	0	0
2133458302	12.8	2.603257242712594	23.0	1.2	0	1	0	0
2119972174	0.0	0.0	6.0	0.0	1	0	0	0
2166101634	7.744444444444442	1.4638078726350496	9.6	5.0	1	0	0	0
2120140305	7.24121212121212	0.19881671008180107	11.8	3.8	1	0	0	0
2155077995	18.066666666666666	4.4724472714522125	6.8	3.6	1	0	0	0
2505237151	3.4	1.2198384298073313	5.6	2.2	1	0	0	0
2099898379	6.203093203093202	2.628902102446251	21.8	15.2	0	1	0	0
2648703612	0.0	0.0	0.0	0.0	1	0	0	0
2145801772	14.84	2.0428185344461505	5.8	3.4	1	0	0	0
2236867554	39.00190476190476	3.826581897555589	23.8	5.4	1	0	0	0
2596966651	0.0	0.0	3.0	0.2	1	0	0	0
2162116654	11.7	1.7031962271362784	4.0	0.8	1	0	0	0
2105591820	23.4	1.593410345807028	5.8	2.2	1	0	0	0
2122921279	0.0	0.0	0.0	0.0	1	0	0	0
2151338004	6.0	0.5731220657276994	4.8	0.4	1	0	0	0
2167387482	27.277777777777786	5.14814912166246	25.8	4.8	1	0	0	0
2099536266	0.0	0.0	8.0	0.0	1	0	0	0
2143875278	0.0	0.0011772584681541008	13.0	1.0	0	1	0	0
2151411149	12.0	1.3581928269141983	16.0	0.8	1	0	0	0
2307673999	0.0	0.0	0.0	0.0	1	0	0	0
2303073511	0.0	0.0	7.0	0.0	1	0	0	0
2150645749	22.24166666666667	2.2614371098354518	28.2	8.0	0	1	0	0
2599026875	17.4	2.1038958013865123	9.6	2.2	1	0	0	0
2571543092	0.0	0.0	1.0	0.6	1	0	0	0
2664875949	0.0	0.0	3.0	0.6	1	0	0	0
2247273528	3.758333333333333	0.8256958808585397	3.8	3.6	1	0	0	0
2667190869	9.2	0.4830594339757555	10.0	0.8	1	0	0	0
2226937957	0.0	0.0	3.0	0.0	1	0	0	0
2468691129	3.8666666666666663	0.9284112220357188	10.8	0.8	1	0	0	0
2493107792	25.2	2.083389197341309	5.2	2.0	1	0	0	0
2166293065	0.0	0.0	1.0	0.0	1	0	0	0
2012674138	0.0	0.0	8.0	0.0	1	0	0	0
1236973206	5.6	0.2583913043478261	2.4	0.4	1	0	0	0
2101476622	3.6	0.5724361493123772	0.6	0.4	1	0	0	0
2169652390	76.1	1.5017815434023631	7.0	1.4	1	0	0	0
2583219095	8.033333333333335	1.7629493916168897	10.4	1.6	1	0	0	0
2168143308	12.1	3.151372543469201	12.8	0.8	1	0	0	0
2327747144	10.5	2.7460685491649564	8.0	2.0	1	0	0	0
2604750650	0.0	0.0	15.0	0.0	0	1	0	0
2161639598	0.0	0.0	7.0	0.0	1	0	0	0
2157204938	0.0	0.0	15.0	0.0	1	0	0	0
2688455705	0.0	0.0	0.0	0.0	1	0	0	0
2161364670	23.53333333333333	1.6056834004756706	8.4	1.8	1	0	0	0
2122177297	5.8	1.0241387502969828	6.0	0.2	1	0	0	0
2123838230	79.3	4.116677425039039	2.2	1.0	1	0	0	0
2098491570	0.0	0.0	13.0	0.0	1	0	0	0
2649963885	2.88	1.1462385775573476	10.0	1.2	1	0	0	0
2147469531	0.0	0.0	5.0	0.0	1	0	0	0
2154799673	0.0	0.0	0.0	0.0	1	0	0	0
2089222651	10.7	0.9605449568916298	13.0	0.4	1	0	0	0
2112273716	0.0	0.0	3.0	0.0	1	0	0	0
2031479677	13.508589743589745	3.2894438019327907	30.6	9.6	0	0	1	0
2724872233	10.0	0.9928711024394428	2.6	0.8	1	0	0	0
2559975655	0.4	0.3426573426573426	3.0	0.2	1	0	0	0
1225317958	17.48	1.2296505974061371	11.4	4.8	1	0	0	0
2152129726	7.541025641025642	5.196938754308651	59.8	8.6	0	0	1	0
2752021877	0.0	0.0	12.0	0.0	1	0	0	0
2610454923	14.333333333333332	0.9479237735034024	4.0	1.8	1	0	0	0
2151084988	8.333333333333332	0.8566641754895284	5.4	2.2	1	0	0	0
2617157005	10.3	2.743394966611313	2.4	1.6	1	0	0	0
2143560452	3.2	1.0810073452256033	6.0	0.2	1	0	0	0
2142528260	16.4	1.5890404161611462	2.8	1.2	1	0	0	0
2125050832	0.0	0.0	2.0	0.0	1	0	0	0
2129438427	12.6	0.5648809827022857	5.0	0.4	1	0	0	0
2138942620	20.4	1.4304719771111167	10.0	1.4	1	0	0	0
2117647565	6.8	0.9481940441882803	4.2	0.4	1	0	0	0
2129452128	4.2	1.1911921555135043	7.6	0.2	1	0	0	0
2158637162	20.64	4.386815548667999	14.2	3.0	1	0	0	0
2551188948	2.0	0.54347576877793	13.0	1.0	0	1	0	0
2558121541	7.125555555555558	1.0640521950177042	9.4	11.2	1	0	0	0
2135487126	24.176666666666666	1.887734534458548	13.4	7.6	1	0	0	0
2098219782	3.15	1.994375817953292	9.6	2.6	1	0	0	0
2590626426	9.616666666666667	4.238726846756358	10.0	4.2	1	0	0	0
2304708675	52.96666666666666	4.291533855008322	6.0	1.6	1	0	0	0
2308693179	0.8	0.5203393135725428	0.4	0.4	1	0	0	0
2119380415	32.86	1.3475165659291886	10.6	4.0	1	0	0	0
2107490671	14.67095238095238	3.3040975080083017	18.6	10.8	1	0	0	0
2778124847	2.4685714285714284	0.6940736983289306	3.0	2.8	1	0	0	0
2639767613	93.58333333333331	3.7534026738526833	11.4	2.6	1	0	0	0
2100570559	55.67	3.047592145434012	10.4	2.8	1	0	0	0
2072159334	0.0	0.0	5.0	0.0	1	0	0	0
2653849141	14.5	0.718170731707317	3.6	1.2	1	0	0	0
2138694383	0.0	0.0	9.0	0.0	1	0	0	0
2192254066	7.3916666666666675	1.190808201140524	10.8	3.4	1	0	0	0
2154459738	0.0	0.0	27.0	0.0	0	1	0	0
2321558102	0.2	0.8425414364640883	5.0	0.4	1	0	0	0
2099020214	21.788461538461537	3.6959509624269726	21.8	7.2	1	0	0	0
2150448886	0.0	0.0011772584681541008	24.0	0.2	0	1	0	0
2505133586	0.0	0.0	6.0	0.0	1	0	0	0
2235888740	1.5	0.3349874324015539	4.8	0.8	1	0	0	0
2117553164	6.7	1.5341236623917718	4.4	1.8	1	0	0	0
2097207902	28.8	1.6386269163185276	4.2	1.6	1	0	0	0
2121403715	30.59111111111111	2.519308491623564	17.8	5.6	1	0	0	0
2150814619	4.516666666666668	0.4973533820546737	5.2	1.8	1	0	0	0
2165913566	6.332121212121211	1.1084251411946326	10.0	8.8	1	0	0	0
2105269132	2.4	0.3213336675858611	4.2	0.2	1	0	0	0
2252455567	15.85	1.7768230670705152	5.4	2.6	1	0	0	0
2138788641	34.41111111111111	8.828008695576461	34.4	7.0	0	0	1	0
2120162492	7.6	0.3881282692745053	0.2	0.2	1	0	0	0
2582457136	2.4	0.3650745339100486	0.4	0.4	1	0	0	0
2148692915	12.666666666666664	2.2932013886410294	17.4	7.2	0	1	0	0
2431320349	0.0	0.0	9.0	0.0	1	0	0	0
2165182151	5.8	0.5483652159292509	3.2	1.6	1	0	0	0
2140139299	1.6233766233766231	1.0165123694103104	5.0	4.4	1	0	0	0
2125874394	0.0	0.0	19.0	0.0	1	0	0	0
2134593789	22.9	1.5163028360996038	5.8	1.2	1	0	0	0
2150143441	40.92	3.005619723270538	22.8	2.2	1	0	0	0
2564120281	0.0	0.31845077998924154	0.0	0.2	1	0	0	0
2558682455	17.895238095238096	2.361996480520832	19.0	8.2	1	0	0	0
2132499049	0.8	0.7851851851851853	24.0	0.4	1	0	0	0
2147182381	2.9	1.0936456940547667	1.0	1.0	1	0	0	0
2749112847	0.13333333333333333	0.16714285714285715	3.0	0.8	1	0	0	0
2096543976	0.0	0.0	7.0	0.0	1	0	0	0
2619327966	0.0	0.0	0.0	0.4	1	0	0	0
719783363	3.913333333333333	1.4488294837818712	5.8	2.4	1	0	0	0
2109042203	11.026666666666667	0.4504966269578632	7.6	3.4	1	0	0	0
2154367007	34.2	0.8093748308043056	3.8	0.6	1	0	0	0
2236599932	21.426666666666673	3.116475072422428	7.0	1.8	1	0	0	0
2095892170	2.0	0.12179364863023034	7.0	0.4	1	0	0	0
2239686435	3.675	1.4334169396204428	7.8	4.0	1	0	0	0
2150962668	4.734285714285714	0.15049007714442586	4.6	4.8	1	0	0	0
1979207691	0.0	0.0	0.0	0.0	1	0	0	0
2666000811	7.066666666666667	0.6449520243702744	9.2	4.0	1	0	0	0
2305287551	4.4	0.4798009950248757	5.0	0.6	1	0	0	0
2238150253	24.1	0.7078930702897146	1.4	1.6	1	0	0	0
2130371764	18.15714285714285	2.0219634629819745	15.2	6.6	1	0	0	0
8167851	0.0	0.0	3.0	0.2	1	0	0	0
2612818936	0.0	0.0	0.0	0.0	1	0	0	0
2691119769	0.0	0.0	2.0	0.0	1	0	0	0
2307335826	0.0	0.0	4.0	0.0	1	0	0	0
2652834205	1.2	0.6158385093167702	14.0	0.6	1	0	0	0
2151111624	0.0	0.0	8.0	0.0	1	0	0	0
2138515857	16.93333333333333	1.0188985000246067	1.6	1.0	1	0	0	0
2141557542	9.79	0.9703533282935752	11.2	4.8	1	0	0	0
2125682841	18.066666666666674	0.4561961479354998	3.6	1.6	1	0	0	0
2096386199	14.32	5.821142011209908	8.4	3.0	1	0	0	0
2120971950	0.0	0.0	12.0	0.0	1	0	0	0
2599974333	0.0	0.0	0.0	0.0	1	0	0	0
2241452699	0.0	0.0	0.0	0.0	1	0	0	0
2605386677	0.0	0.0	3.0	0.0	1	0	0	0
2098712983	0.0	0.0	3.0	0.0	1	0	0	0
2652397350	9.133333333333336	1.3933215992816912	1.4	1.0	1	0	0	0
2625163221	1.3	1.9631368828095048	9.0	1.2	1	0	0	0
2171793099	9.6	1.0403940886699508	0.2	0.2	1	0	0	0
2304020625	1.3	0.8657730241964409	8.0	0.6	1	0	0	0
2161282059	185.8933333333333	1.9018190653766616	10.6	4.2	1	0	0	0
2120048231	50.4	3.962522306252029	16.4	1.6	1	0	0	0
2130687195	11.972793148880106	3.6408269957318575	30.2	14.2	0	1	0	0
2609137751	2.8	0.2550408719346049	3.0	0.2	1	0	0	0
2113496154	18.25357142857143	3.2062729584408927	27.4	7.6	0	1	0	0
2107094063	3.3566972243442827	1.1860420145966175	10.6	11.4	0	0	1	0
2626025562	0.0	0.0	0.0	0.0	1	0	0	0
2607622088	40.6	0.13579881656804732	0.4	0.2	1	0	0	0
2655940493	0.0	0.0	4.0	0.0	1	0	0	0
2167901638	27.2	1.272272456645435	8.6	1.2	1	0	0	0
2130233059	5.14	2.7142238917430532	11.8	2.0	1	0	0	0
2113648768	9.09	1.85053229176144	9.8	2.8	1	0	0	0
2117310676	29.2	2.3422273406977334	1.8	1.0	1	0	0	0
2735341471	0.0	0.0	1.0	0.0	1	0	0	0
2107521940	24.312600732600732	7.774213856633144	35.0	17.6	0	1	0	0
2129036690	2.68	0.9341988667253108	5.0	8.0	1	0	0	0
2168149035	1.7416666666666665	0.17942841478010446	3.4	3.6	1	0	0	0
2160530418	1.4333333333333331	0.533166292790302	2.8	2.2	1	0	0	0
2129285711	1.6	0.9700890729168016	4.6	0.6	1	0	0	0
2169842180	0.0	0.0	3.0	0.0	1	0	0	0
2150662063	19.05412698412698	2.3488134328965304	22.0	6.6	0	1	0	0
2106228171	13.78772893772894	2.5655402328359287	25.2	11.4	0	1	0	0
2164157085	10.997619047619047	1.496150695967333	8.8	6.8	1	0	0	0
2140193922	3.858333333333333	1.8071679618270384	23.0	5.4	0	0	1	0
2657060330	20.545454545454547	1.1801346568972586	4.8	2.6	1	0	0	0
2153333472	6.0666666666666655	0.8234248882322015	2.8	1.6	1	0	0	0
2193636198	26.9	3.0172508530820066	3.4	0.8	1	0	0	0
2212034063	0.0	0.0	7.0	0.0	1	0	0	0
2572299092	19.125	5.775531975512051	15.4	7.2	1	0	0	0
2154147473	29.113636363636363	3.6372853899099327	24.2	5.4	1	0	0	0
2112394150	12.229953379953384	2.1036802100709524	16.4	11.4	1	0	0	0
2610136632	0.0	0.0	0.0	0.0	1	0	0	0
2267357186	39.52666666666666	3.197449440412572	5.6	2.4	1	0	0	0
2167716309	4.866666666666667	1.0599233581419452	10.8	0.8	1	0	0	0
2126887540	2.9833333333333334	0.4807902573664403	2.6	2.4	1	0	0	0
2145588887	4.73	3.8488382108313033	14.2	3.0	1	0	0	0
2096321700	3.0875	1.3920473894416734	26.0	5.8	0	0	1	0
2637569646	3.542857142857143	1.7205222199571757	2.0	3.4	1	0	0	0
2130924367	0.0	0.0	6.0	0.2	1	0	0	0
2615102315	2.1	2.5654235013220803	6.6	1.0	1	0	0	0
2685909078	24.29523809523809	5.080473432540658	5.4	3.8	1	0	0	0
2138774193	14.8	3.2177664733127402	5.6	0.4	1	0	0	0
2570467540	30.8	2.9952498598164565	0.8	0.4	1	0	0	0
2583332178	8.603846153846153	2.2257555919358363	16.8	6.0	1	0	0	0
2145699650	1.1333333333333335	0.6191604291536332	10.0	0.6	1	0	0	0
2122193271	17.76175824175824	3.026423927150653	30.8	5.8	0	1	0	0
2118483151	6.4833333333333325	1.0521316906903349	3.2	2.4	1	0	0	0
2323686043	20.033333333333328	2.1990505978136694	5.4	1.6	1	0	0	0
2431455375	8.8	2.195153506816032	12.0	1.2	1	0	0	0
2714818106	18.8	1.4725569901208957	1.8	0.8	1	0	0	0
2160587199	5.2	0.4732625902224766	1.0	0.6	1	0	0	0
2761242835	0.6	0.5201451364337019	5.8	0.4	1	0	0	0
2549424322	11.633333333333333	2.102658932679866	10.8	2.0	1	0	0	0
2099460795	47.43333333333334	4.081684581529236	8.8	2.6	1	0	0	0
2731373980	9.566666666666666	2.177630282068853	5.2	1.6	1	0	0	0
2170085096	26.3	2.4815484355289983	11.6	2.2	1	0	0	0
2150822877	6.663095238095237	1.5831386196727972	5.2	6.2	1	0	0	0
2097649935	7.7600000000000025	1.3465798611101698	8.2	3.0	1	0	0	0
2105361934	26.16666666666667	1.6718172169682706	9.2	2.2	1	0	0	0
2095885832	20.980499325236167	2.690691397404789	17.4	9.0	1	0	0	0
2101881875	5.976666666666668	4.1622726681992965	10.0	4.6	1	0	0	0
2157899901	11.213333333333335	0.8136882857922438	34.0	3.6	1	0	0	0
2156061973	6.933333333333333	1.1880778675566712	0.8	0.8	1	0	0	0
2670541404	0.0	0.0	7.0	0.0	1	0	0	0
2021996926	5.6083333333333325	1.7493343311107126	15.0	3.6	1	0	0	0
2512611275	0.0	0.0	5.0	0.0	1	0	0	0
2128579718	16.6	3.0649039078312907	4.4	1.2	1	0	0	0
2309691742	16.161904761904765	2.9553592747082402	17.8	5.0	1	0	0	0
2444411017	6.6	1.2751564798235182	2.0	0.8	1	0	0	0
2099480643	0.0	0.0	3.0	0.0	1	0	0	0
2121523516	1.4	0.1575083426028921	3.8	0.2	1	0	0	0
2184041548	0.0	0.0	4.0	0.0	1	0	0	0
2131079553	6.133333333333335	0.613754149327219	13.0	0.8	1	0	0	0
2122576518	2.1	1.8121633076920407	7.8	1.2	1	0	0	0
2144983540	10.4	3.8193238250033015	3.4	1.6	1	0	0	0
2581456552	6.8	1.7968040244994037	8.0	0.8	1	0	0	0
2110984307	13.919999999999998	3.4747468383943034	10.6	1.4	1	0	0	0
2651831884	0.0	0.0	6.0	0.0	1	0	0	0
2036025750	0.0	0.0	1.0	0.2	1	0	0	0
2127909259	1.143333333333333	0.4591067621359821	1.6	3.0	1	0	0	0
2147480086	3.8	5.729426895788218	9.0	1.4	1	0	0	0
2161281631	0.0	0.0	3.0	0.0	1	0	0	0
2046677457	0.0	0.0	3.0	0.0	1	0	0	0
2165129454	6.487301587301588	1.9688820315799904	20.6	6.8	0	1	0	0
2665688544	8.057142857142857	2.0775159365045246	12.0	5.0	1	0	0	0
2114362624	0.8483333333333333	1.5121691342136685	11.0	7.0	0	1	0	0
2103274962	16.765714285714285	3.5875541142718683	27.4	6.6	1	0	0	0
2747122479	0.06666666666666668	0.5502881089575694	1.0	0.8	1	0	0	0
2161344787	18.016666666666676	1.0125764437446558	7.6	2.0	1	0	0	0
2147119203	0.33333333333333337	0.7984330494959406	7.0	1.4	0	1	0	0
2602803908	14.387445887445883	5.4323940394956125	18.0	4.6	1	0	0	0
2656454723	28.26868686868687	4.859831091918867	13.2	6.4	1	0	0	0
2222010542	2.2	0.06949152542372881	6.0	0.2	1	0	0	0
2104873046	44.1590811965812	2.2464416500113664	28.0	10.2	1	0	0	0
2153403073	0.0	0.0	9.0	0.0	1	0	0	0
2124841962	3.4666666666666663	0.6756295021355262	3.8	1.0	1	0	0	0
2165522783	76.77924297924298	2.4373754484096923	37.0	15.2	1	0	0	0
2110809243	1.7399999999999998	0.7602713951289991	4.8	5.4	1	0	0	0
2316252289	5.92	1.407169444511719	8.2	3.0	1	0	0	0
2421134446	15.830000000000002	2.1342991047782687	15.4	9.0	1	0	0	0
2163564647	5.0	2.5393653316560703	8.8	0.4	1	0	0	0
2152746768	40.00272727272728	4.093849730167281	33.0	16.4	1	0	0	0
1945329861	0.0	0.0	6.0	0.0	1	0	0	0
2136115836	21.61198717948718	4.4713050510658565	28.8	15.8	1	0	0	0
2586892900	1.9666666666666663	0.8241619412506778	5.2	1.6	1	0	0	0
2120965470	0.0	0.0	5.0	0.0	1	0	0	0
2142477919	22.50317460317461	3.5558363391081933	41.0	22.8	0	1	0	0
2472746478	1.1	0.2149425287356322	1.0	0.8	1	0	0	0
2687212611	0.0	0.0	8.0	0.0	1	0	0	0
2293219852	0.2	0.1011904761904762	6.0	0.2	1	0	0	0
2187278809	1.0	2.050701278135957	9.0	0.4	1	0	0	0
2108896006	0.0	0.0	16.0	0.0	1	0	0	0
2304986032	0.0	0.0	16.0	0.0	1	0	0	0
2112187811	0.0	0.0	7.0	0.0	1	0	0	0
2107726642	0.0	0.0	3.0	0.0	1	0	0	0
2167043544	2.532380952380952	1.93391039219568	11.0	3.6	1	0	0	0
2538491856	19.7	1.5388000780913722	1.8	1.0	1	0	0	0
2499512103	9.443333333333333	2.6279834908443798	9.6	3.2	1	0	0	0
2137930062	16.55140350877193	1.4702228225890874	14.8	15.6	1	0	0	0
2599663233	19.225396825396825	4.448731575711906	14.6	8.2	1	0	0	0
2124707982	0.0	0.0	3.0	0.0	1	0	0	0
2156872840	7.8	2.330758965691726	9.8	0.8	1	0	0	0
2583990910	32.5	3.9212264134408312	3.6	1.0	1	0	0	0
2155203226	8.587087912087913	1.9979962126192945	21.2	17.6	0	1	0	0
2176810612	13.45	1.2999448928563282	6.4	1.0	1	0	0	0
2161122016	26.26571428571428	1.490936913015861	17.0	14.4	1	0	0	0
2482903946	1.1238095238095238	0.7092154089140642	5.0	2.2	1	0	0	0
2245214548	0.2	0.0	5.0	0.2	1	0	0	0
2121262826	0.0	0.0	4.0	0.0	1	0	0	0
2130779389	16.06666666666667	3.5319928654311608	7.4	1.2	1	0	0	0
2154690304	6.466666666666666	0.9062163623076162	21.0	3.8	0	1	0	0
2707215890	27.86666666666667	3.0956535473751794	7.4	2.4	1	0	0	0
2104415777	1.4	0.3158872928746961	3.4	0.6	1	0	0	0
2185613937	12.291428571428574	1.3676089151071829	5.6	4.0	1	0	0	0
2099254133	6.0	1.1396791282062888	4.8	0.6	1	0	0	0
2506212675	23.68	2.0288728038434622	3.8	1.4	1	0	0	0
2568110818	30.53333333333334	3.3818966692803096	3.6	1.6	1	0	0	0
2187214087	0.0	0.0	1.0	0.0	1	0	0	0
2160041688	20.033333333333328	2.2432050747836203	11.8	1.8	1	0	0	0
2691761383	3.7	0.5975727585320307	2.8	0.6	1	0	0	0
2142606130	9.9	1.5100394815233853	2.6	1.8	1	0	0	0
2132908064	9.81925925925926	3.4200007011658866	24.6	9.6	0	1	0	0
2579594571	7.694285714285713	1.6432357220504852	13.0	6.8	1	0	0	0
2672741848	10.1	1.5589237834269394	2.8	0.6	1	0	0	0
2119394733	37.486666666666665	2.6007995968993693	10.8	3.0	1	0	0	0
2230265955	6.5200000000000005	0.6197034642108633	1.0	1.0	1	0	0	0
2136266794	0.0	0.0	10.0	0.0	1	0	0	0
2250234745	5.246666666666667	2.7382878452053605	13.0	3.4	1	0	0	0
2482613009	12.8	0.7565909897717569	3.4	0.8	1	0	0	0
2704079037	0.0	1.0097560975609756	12.0	0.2	1	0	0	0
2423501223	15.919999999999998	5.844337170578107	10.8	5.6	1	0	0	0
2618044699	12.433333333333332	4.4740814363204064	5.2	2.2	1	0	0	0
2638443532	0.0	0.0	1.0	0.0	1	0	0	0
2096264089	2.0	0.7021040095275903	11.0	0.2	1	0	0	0
2686917406	0.0	0.0	2.0	0.0	1	0	0	0
2420721969	15.4830303030303	2.5815287062568126	23.2	11.8	0	1	0	0
2111276463	36.1	1.7195017399310129	2.6	1.6	1	0	0	0
2132053256	4.6	0.3834101382488479	6.2	0.2	1	0	0	0
2223847123	7.99	3.4315503203273594	11.4	2.8	1	0	0	0
2552403349	2.8	0.9781654403332168	9.0	0.6	1	0	0	0
2163230821	0.2	0.22506393861892585	6.0	0.2	1	0	0	0
2637925846	0.0	0.0	0.0	0.0	1	0	0	0
2156048252	0.0	0.0	9.0	0.6	0	1	0	0
2569360905	7.8	2.5935291854353486	10.8	1.2	1	0	0	0
2552152551	3.05	1.0852464049479391	3.6	1.2	1	0	0	0
2112621182	0.0	0.0	3.0	0.0	1	0	0	0
2115034244	29.30657322654463	6.2116954051129865	41.0	17.0	0	1	0	0
2778389430	25.1	0.8205629393306187	3.2	1.0	1	0	0	0
2161294656	17.666666666666664	3.4647774811848584	10.6	1.8	1	0	0	0
2109636682	0.0	0.0	0.0	0.0	1	0	0	0
2141591688	21.6	1.6281590763309814	1.2	0.6	1	0	0	0
2099094270	1.1285714285714286	0.9284759917714676	7.0	1.8	1	0	0	0
2141239370	0.0	0.0	12.0	0.0	1	0	0	0
2143414206	5.7	1.3606151330074527	15.8	0.6	1	0	0	0
2663520892	0.0	0.0	11.0	0.0	1	0	0	0
2106989669	9.0	2.204955358541399	4.0	0.6	1	0	0	0
2301499624	9.5	1.5170347712048542	1.4	1.4	1	0	0	0
2113185932	9.424444444444443	3.7764561454389862	28.4	14.2	0	1	0	0
2608156510	0.0	0.0	14.0	0.0	1	0	0	0
2108375291	1.2	0.8192866304192398	14.0	0.6	0	1	0	0
2128988761	9.316666666666666	2.7191826930667347	5.8	2.0	1	0	0	0
2110473235	0.0	0.0	3.0	0.4	1	0	0	0
2470631395	0.0	0.0011772584681541008	8.0	0.2	1	0	0	0
2259399147	0.0	0.0	4.0	0.0	1	0	0	0
2147856635	23.35	1.0315745437344879	10.2	1.0	1	0	0	0
2199629150	31.25	2.689385631082287	7.2	1.8	1	0	0	0
2125868245	5.5	1.0602092243244716	3.6	2.4	1	0	0	0
2144244693	5.433333333333333	1.2405838432901724	13.0	2.0	1	0	0	0
2305919268	0.0	0.0	0.0	0.0	1	0	0	0
2171373538	2.506666666666667	1.3680772545787916	2.6	2.8	1	0	0	0
2137467464	13.466666666666665	3.018999510308725	7.0	1.4	1	0	0	0
2421131083	6.2	2.703033495575781	9.0	1.4	1	0	0	0
2276152985	8.3	1.8257197913551944	7.4	0.8	1	0	0	0
2614424582	0.6	0.2249110320284698	5.0	0.2	1	0	0	0
2168473544	4.9	0.509474763057544	10.6	0.8	1	0	0	0
2128836615	15.897142857142857	1.0938780821671026	15.0	10.6	1	0	0	0
2127181958	5.4	0.15702479338842976	2.0	1.8	1	0	0	0
2096236940	40.73333333333333	8.0258616393249	3.2	1.6	1	0	0	0
2205371838	0.0	0.0	0.0	0.0	1	0	0	0
2117715968	65.4	3.3328268408141986	1.2	0.6	1	0	0	0
2108708388	6.8	1.037741935483871	0.2	0.2	1	0	0	0
2125201152	8.8	7.899181257382456	19.6	1.8	1	0	0	0
2153093055	42.4	0.8793683847470402	3.6	2.2	1	0	0	0
2152742497	22.56	3.336254909035515	6.2	2.4	1	0	0	0
2128961535	0.0	0.0	16.0	0.0	1	0	0	0
2425950242	15.0	0.8788770968846287	22.8	0.2	1	0	0	0
2497099214	4.033333333333333	3.892825246973496	7.4	1.4	1	0	0	0
2117615860	2.7116666666666664	2.40533824069218	17.0	5.0	0	1	0	0
23695802	0.1	0.0	1.0	0.6	1	0	0	0
2155053817	40.85911123963756	5.687868731403574	40.4	22.0	0	1	0	0
2427666413	2.933333333333333	1.2342461450259037	2.8	1.4	1	0	0	0
2287429527	0.0	0.0	7.0	0.0	1	0	0	0
2141044430	2.268333333333333	2.1042017081001125	13.0	4.0	1	0	0	0
2154845982	0.0	0.0	0.0	0.0	1	0	0	0
2127628539	23.219805194805197	4.10017416401885	37.2	10.2	0	1	0	0
2119748216	37.57333333333333	2.633405696239426	16.6	3.2	1	0	0	0
2136549642	11.676666666666666	1.5577571979643867	13.4	3.2	1	0	0	0
2003165644	0.0	0.05327510917030568	2.0	0.4	1	0	0	0
2132246969	0.0	0.0	4.0	0.0	1	0	0	0
2609782886	0.8400000000000001	3.1306554423332624	5.0	2.0	1	0	0	0
2513490537	9.766666666666667	1.5198193267158786	4.8	1.4	1	0	0	0
2122010476	117.6	0.8427573800338116	4.6	0.8	1	0	0	0
2113542901	0.8	1.4262925217553168	4.0	0.4	1	0	0	0
2095940946	5.666666666666666	0.7935648605076113	1.4	1.2	1	0	0	0
2778901814	11.6	1.4140837836575917	3.2	1.0	1	0	0	0
2218715893	30.7	4.403155444027557	13.2	1.4	1	0	0	0
2647359094	14.2	4.220737059481572	8.6	0.4	1	0	0	0
2140299053	16.938095238095233	3.7567760881163146	11.0	3.4	1	0	0	0
2144161069	36.81166666666667	2.537548651616951	5.0	3.6	1	0	0	0
2106348166	9.882925407925407	3.583041047034502	16.2	18.0	1	0	0	0
2144806485	0.0	0.0	7.0	0.0	1	0	0	0
2121376638	11.522222222222226	1.6854252923023687	10.6	9.2	1	0	0	0
2583554384	5.1	2.8572967290112365	13.0	3.2	1	0	0	0
2108691189	27.68861111111111	3.3490261792642118	21.8	10.8	1	0	0	0
2776741894	0.0	0.0	4.0	0.0	1	0	0	0
2635254491	21.557142857142853	8.276408083393347	5.0	2.8	1	0	0	0
2695103898	2.0523809523809526	1.333987350472164	3.8	6.0	1	0	0	0
2109099773	5.4	1.5738769704871398	21.0	0.2	1	0	0	0
2551567325	0.0	0.0	0.0	0.0	1	0	0	0
2164864761	1.0	0.8085110565110565	3.0	0.4	1	0	0	0
2154038270	0.0	0.0	13.0	0.0	1	0	0	0
2164380808	42.825	1.7130440928015438	3.4	2.0	1	0	0	0
2615199620	0.0	0.0	33.0	0.0	0	1	0	0
2071998504	41.981764705882355	2.5601315402685656	31.8	13.0	0	1	0	0
2137888961	5.9444444444444455	1.1746208715042419	5.8	3.6	1	0	0	0
2150321504	0.0	0.0	12.0	0.0	1	0	0	0
72047946	2.6	0.2337932317949585	2.4	1.2	1	0	0	0
2177855532	5.05	0.9638377115485208	8.6	1.2	1	0	0	0
2635277405	0.2	0.10982142857142856	10.0	0.2	1	0	0	0
1770419413	10.0	0.12033705866210367	4.0	1.2	1	0	0	0
2096225661	8.834090038314175	3.739970687133682	22.2	27.0	0	1	0	0
2574659337	4.9	0.5868961406678834	7.4	2.4	1	0	0	0
1972320896	13.1	1.7818329345879254	3.8	2.0	1	0	0	0
2747018825	0.0	0.0	9.0	0.0	1	0	0	0
2115979104	5.4	2.979486447545482	3.6	0.4	1	0	0	0
2628026287	18.216666666666665	4.091047222884863	7.4	3.2	1	0	0	0
2108499568	10.866666666666665	1.2445881967025545	10.4	0.8	1	0	0	0
2133344717	0.0	0.0	10.0	0.0	1	0	0	0
2142834820	38.05	1.2596008221212365	13.4	2.8	1	0	0	0
2099250567	0.0	0.0	5.0	0.0	1	0	0	0
2259978413	23.345	3.6395893442536953	11.2	5.2	0	1	0	0
2624534586	4.4	1.189256038647343	4.8	0.6	1	0	0	0
2151071109	0.4	0.5088261515601784	5.0	0.2	1	0	0	0
2145303506	0.0	0.0	13.0	0.0	1	0	0	0
2097093281	11.630769230769227	3.9408169474450965	35.0	7.0	0	0	1	0
2141922035	2.06	2.228695525159856	4.2	3.6	1	0	0	0
2750229706	57.94777777777777	7.2033395305954855	7.2	5.0	1	0	0	0
2142236357	0.6	0.9475373134328358	4.0	0.2	1	0	0	0
2131464134	121.95714285714287	7.85613052988506	5.2	2.6	1	0	0	0
2695140909	3.2	2.616893621522714	20.0	4.0	0	1	0	0
2124458555	7.0	1.2912337628368835	3.6	3.6	1	0	0	0
2466349405	3.5200000000000005	0.7045613494735349	5.0	1.0	1	0	0	0
2161289470	3.1744200244200242	1.1966479885121395	8.4	10.6	1	0	0	0
2617477523	7.6	2.3956108974228187	7.0	1.0	1	0	0	0
2154642950	0.0	0.0	7.0	0.0	1	0	0	0
2132229286	0.0	0.0	5.0	0.0	1	0	0	0
2697861289	2.8	0.4533223049352082	2.2	0.2	1	0	0	0
2603153112	0.0	0.0	9.0	0.0	1	0	0	0
2105634974	3.3	1.993858643745948	7.8	1.6	1	0	0	0
2113319397	15.1	1.027498701734156	1.8	0.6	1	0	0	0
2077703186	0.0	0.0	5.0	0.0	1	0	0	0
2166072646	19.533333333333328	2.770007067692215	5.8	1.2	1	0	0	0
2131274496	0.0	0.0	5.0	0.0	1	0	0	0
2150413527	5.466666666666668	4.210244758580282	14.6	1.8	1	0	0	0
2167322902	1.2581818181818183	0.8785736924574928	22.0	4.2	0	1	0	0
2443384450	0.0	0.0	0.0	0.0	1	0	0	0
2634692018	2.5515151515151517	0.6084628740550635	4.0	4.8	1	0	0	0
2124468905	3.1	0.8021951583095379	14.8	0.4	1	0	0	0
2196568245	1.05	0.15852983552675673	4.0	1.4	1	0	0	0
842037	2.6	0.15694601853574736	3.0	0.8	1	0	0	0
2198106591	0.7	0.046999288382850016	3.0	0.4	1	0	0	0
2258153833	0.06666666666666668	0.0	4.0	1.0	1	0	0	0
1975294417	0.2	0.0	6.0	0.8	1	0	0	0
2429134211	0.0	0.0	3.0	1.4	1	0	0	0
2426973820	14.733333333333334	1.6548481380820668	11.0	2.8	1	0	0	0
2118214211	9.7	0.9763421443337053	8.6	0.8	1	0	0	0
2116004973	2.9333333333333336	0.7275048577636692	9.8	1.6	1	0	0	0
2594488950	0.0	0.0	7.0	0.0	1	0	0	0
2292864690	0.0	0.0	8.0	0.0	1	0	0	0
2003632787	0.0	0.04605381804375682	3.0	0.2	1	0	0	0
2025763354	0.2	0.0735930735930736	3.0	0.2	1	0	0	0
2696778657	0.0	0.0	0.0	0.0	1	0	0	0
2163570495	1.6	0.2019077901430842	6.0	0.2	1	0	0	0
2623953262	0.0	0.0	3.0	0.0	1	0	0	0
2441598949	0.0	0.0	12.0	0.0	1	0	0	0
2141954396	0.0	0.0	3.0	0.0	1	0	0	0
2674239164	0.2	0.3059081621339078	1.0	0.8	1	0	0	0
2309187068	1.0	0.5513628976478909	2.6	1.0	1	0	0	0
2169749833	15.133333333333335	2.2403775968099344	1.0	0.8	1	0	0	0
2128005576	0.0	0.0	17.0	0.0	1	0	0	0
2474919475	0.0	0.0	6.0	0.0	1	0	0	0
2122210000	5.213744588744589	3.4391821742423394	29.0	6.4	0	0	1	0
2130446888	41.27139619001689	4.663070144178589	38.6	25.0	0	1	0	0
2177955397	6.05	3.6332002375130834	15.4	7.6	1	0	0	0
2103584406	24.716666666666665	7.015846372768757	11.4	2.4	1	0	0	0
2116375788	13.24	1.320545148569352	16.6	1.6	1	0	0	0
2115208004	12.28	4.096197721008553	31.8	8.2	0	1	0	0
2609889729	0.4	1.0525924354226976	9.0	0.6	1	0	0	0
1881842846	4.4	1.0968126148568846	4.8	1.0	1	0	0	0
2115955933	0.0	0.0	10.0	0.0	1	0	0	0
2703892096	144.66666666666669	4.106038235438985	7.0	1.4	1	0	0	0
2645922475	1.9	0.9342140286150592	5.8	0.4	1	0	0	0
2296595471	11.916450216450214	1.6761072400614367	20.0	13.0	0	0	1	0
2231487564	20.369444444444444	2.8809880737005984	14.6	5.4	1	0	0	0
2778429779	0.0	0.0	7.0	0.0	1	0	0	0
2129572409	9.76666666666667	3.4204365189364387	4.2	4.2	1	0	0	0
2141043845	6.17090909090909	1.6717075287670091	11.6	4.8	0	1	0	0
2780914239	9.213333333333333	1.2616183636882885	5.6	3.6	1	0	0	0
2161096072	6.107354978354977	0.89969372089247	14.4	19.0	1	0	0	0
2123557187	0.9	2.491183711464556	3.0	0.8	1	0	0	0
2420664774	21.026190476190475	1.7537064809468217	10.6	5.8	1	0	0	0
2439678994	4.2	1.1495484998547796	16.0	3.2	1	0	0	0
2159206680	3.435526315789473	1.6043715200621689	10.6	6.4	1	0	0	0
2236023538	3.58	2.4122587928319064	2.4	1.8	1	0	0	0
2735931832	11.511111111111116	1.4534570860201026	5.4	3.2	1	0	0	0
2343751466	21.6	4.290881128440938	33.0	0.4	0	0	1	0
2577879507	26.6	3.0731741295333714	2.2	0.6	1	0	0	0
2294042172	8.466666666666665	2.410834726785616	3.0	1.0	1	0	0	0
2530309766	3.333333333333333	1.491495142501796	4.8	1.0	1	0	0	0
2167170244	14.458333333333332	1.8232273914104489	9.0	11.2	1	0	0	0
2617299861	12.36	0.632645288828274	3.8	3.0	1	0	0	0
2641249074	10.975	2.1086456580786748	8.0	2.4	1	0	0	0
2128684847	173.2	4.809692793957018	8.2	0.6	1	0	0	0
2582602085	1.0	0.7889639639639642	4.6	0.2	1	0	0	0
2123485745	4.5151515151515165	2.8394500518087966	12.6	5.2	1	0	0	0
2422378326	0.8	1.0271186440677966	5.0	0.2	1	0	0	0
2147835917	1.6	0.7870622824278881	0.6	0.4	1	0	0	0
2122751853	2.975	1.8614618461710908	16.0	3.0	1	0	0	0
2542327831	14.199447908195536	4.519213740707848	26.6	21.6	1	0	0	0
2308256259	15.162857142857144	4.50886329779371	13.8	6.6	1	0	0	0
2129707538	13.72	5.704714913234497	25.2	5.8	0	1	0	0
12088164	0.7833333333333333	0.8077539794899303	9.0	1.8	1	0	0	0
2619763753	256.7888888888889	3.903581676909424	9.2	3.6	1	0	0	0
2122739653	8.692647058823527	3.783494231972509	39.0	8.0	0	0	1	0
2112451192	23.93333333333333	2.1059109246371808	10.0	2.0	1	0	0	0
2610449870	8.5	0.8134899524029958	1.8	1.2	1	0	0	0
2142540666	14.02	2.067691081012347	31.4	4.8	0	0	1	0
2190332578	0.0	0.0	3.0	0.0	1	0	0	0
1384196968	0.0	0.0	2.0	0.0	1	0	0	0
2126968285	8.022271062271063	2.56975195926231	22.6	16.4	0	1	0	0
2147887109	5.1	1.5429464590599966	7.0	1.0	1	0	0	0
2136179193	9.172222222222222	2.362192010262014	14.0	3.4	1	0	0	0
2103451196	16.425	2.1341170832179217	22.6	6.2	1	0	0	0
2160785160	48.809444444444466	7.647762704721233	20.0	5.4	1	0	0	0
2120207348	22.466666666666665	4.683399402296808	15.0	1.2	1	0	0	0
2150041333	0.9	2.254033583200679	17.0	1.4	1	0	0	0
2656577137	0.0	0.0	13.0	0.0	1	0	0	0
2235413275	16.81666666666667	2.1045513637447075	11.8	3.6	1	0	0	0
2111175337	7.142857142857142	3.6494038227591736	6.8	2.4	1	0	0	0
2116008615	13.881428571428568	2.300608391384096	13.6	5.6	1	0	0	0
1999704061	0.0	0.0	4.0	0.0	1	0	0	0
2168776308	0.0	0.0	20.0	0.0	0	1	0	0
2124403451	314.61904761904765	4.4640809529711785	10.2	3.4	1	0	0	0
2502068411	0.2613608613608613	0.0	5.0	12.8	0	0	1	0
2162670899	19.733333333333327	3.1554580891092145	15.4	1.8	1	0	0	0
2116466705	48.22166666666666	4.469993399243805	50.8	12.0	0	1	0	0
2122710088	9.566666666666666	4.2756233008046864	4.6	2.8	1	0	0	0
2135927516	10.314285714285713	2.562177573469731	22.6	7.0	0	1	0	0
2566536478	11.728317588843904	2.107493113713544	12.8	10.2	1	0	0	0
2519432510	45.54380952380953	6.635381276863315	13.6	5.2	1	0	0	0
2141739943	66.20666666666666	4.7205763030720265	15.4	8.0	1	0	0	0
2096383815	2.4	1.2725608391670324	3.2	2.6	1	0	0	0
2170981137	2.416666666666667	1.3820159187881962	4.2	4.2	1	0	0	0
2134835601	1.4	0.19865591397849466	0.2	0.2	1	0	0	0
2167941445	2.9	1.505887690504934	31.0	1.8	0	0	1	0
2162991425	0.0	0.0	6.0	0.0	1	0	0	0
125694532	1.1133333333333333	0.42652693744765136	4.4	4.2	1	0	0	0
2617145875	0.0	0.0	21.0	0.0	1	0	0	0
2280650151	0.0	0.0	21.0	0.0	1	0	0	0
2248182573	6.816666666666667	0.926325239879667	10.0	4.8	1	0	0	0
2191402932	15.783333333333335	4.916783945726644	4.4	2.6	1	0	0	0
2123306026	1.6666666666666663	1.3218680598446777	9.8	3.8	1	0	0	0
2304084810	2.743333333333333	2.75923644464884	28.0	5.2	0	1	0	0
2100161364	3.6	3.041893755891698	19.0	2.2	1	0	0	0
2109797586	3.8416666666666655	6.750197703387975	13.0	5.0	1	0	0	0
2125086336	20.92380952380952	2.1164009407745072	17.2	4.6	0	1	0	0
1880976219	2.0	0.3393387043871698	5.0	1.2	1	0	0	0
2657228645	0.0	0.0	6.0	0.0	1	0	0	0
2117054624	0.0	0.0	6.0	0.0	1	0	0	0
2163258159	0.0	0.0	0.0	0.0	1	0	0	0
2183942996	0.0	0.0	8.0	0.0	1	0	0	0
2664069056	0.0	0.0	11.0	0.0	1	0	0	0
2104423096	34.0984126984127	4.681486936160146	30.6	7.4	0	1	0	0
2104259714	2.8	1.6073679173333733	16.0	0.4	1	0	0	0
2430222803	12.55	4.031347333902028	15.6	6.2	1	0	0	0
2132852458	8.373260073260074	5.409712473015539	37.0	9.6	0	1	0	0
2039801083	19.2	0.2815609756097561	11.2	2.6	1	0	0	0
2287948179	9.2	1.0980991699995697	26.8	0.4	0	1	0	0
2119571818	5.506080586080587	1.9011186899012131	19.8	14.4	0	1	0	0
2440571190	0.0	0.0	7.0	0.0	1	0	0	0
2251657612	2.55	3.1822851145157016	30.0	9.2	1	0	0	0
2081130532	0.0	0.0	7.0	0.0	1	0	0	0
2151090628	4.608333333333333	2.114508691457993	17.8	5.2	1	0	0	0
2514705995	5.208571428571429	2.058619268259084	15.0	5.8	1	0	0	0
2101308751	8.0	2.3131843226968662	4.0	0.6	1	0	0	0
2086965096	0.8	0.0	1.8	0.6	1	0	0	0
2116119152	1.7266666666666666	3.0898254611025395	25.0	3.6	0	1	0	0
2167922976	3.6000000000000005	3.6323849072521774	8.8	2.4	1	0	0	0
2102243677	0.4	0.11111111111111112	10.0	0.4	1	0	0	0
2140142482	0.0	0.0	11.0	0.0	1	0	0	0
2032104448	0.0	0.0	9.0	0.0	1	0	0	0
2565220215	2.2846153846153845	1.7756596527733144	10.0	14.8	0	1	0	0
2131442170	8.1	0.8286029672945338	12.0	1.0	1	0	0	0
2110753830	6.8	0.13873873873873874	7.0	0.8	0	1	0	0
2761594101	6.0	3.0588074085668224	3.6	0.8	1	0	0	0
2047517919	0.0	0.0	8.0	0.0	1	0	0	0
2097346130	6.0	1.9200176628396963	7.6	2.4	1	0	0	0
2684446373	5.6	2.583085495844528	13.0	1.0	1	0	0	0
2599933360	2.7428571428571438	0.7990177635478373	11.6	3.8	1	0	0	0
2136036615	0.0	0.0	11.0	0.0	1	0	0	0
2148269573	2.85	2.140337563087962	5.0	3.6	1	0	0	0
2108581453	0.0	0.0	3.0	0.0	1	0	0	0
2120979678	3.4	1.7055427196149222	2.0	0.8	1	0	0	0
2106980268	3.4894444444444446	2.8003794165941107	16.0	6.0	1	0	0	0
2131075225	0.0	0.0	7.0	0.0	1	0	0	0
2584951063	3.96	0.9106334669984786	8.4	1.8	1	0	0	0
2253737003	0.0	0.0	5.0	0.0	1	0	0	0
2096042674	0.8	0.18274647887323944	4.0	0.4	1	0	0	0
2514083705	8.941666666666668	3.1189289144503696	24.0	4.8	0	1	0	0
2593610793	18.61047619047619	2.91998206871646	17.6	4.8	1	0	0	0
2428719819	12.173809523809526	4.534031017781291	10.0	5.4	1	0	0	0
2114072197	0.0	0.0	17.0	0.0	0	1	0	0
2111599228	8.022222222222222	2.8150904564858235	16.2	4.8	1	0	0	0
2355500693	0.0	0.0	4.0	0.0	1	0	0	0
2205470096	1.2	1.493044986938488	14.0	0.6	1	0	0	0
2661062812	2.8	2.4813595065303686	24.0	1.0	1	0	0	0
2156395590	0.0	0.0	11.0	0.0	1	0	0	0
2305880237	9.669999999999998	2.941931854448712	22.8	7.6	1	0	0	0
2777267753	0.0	0.0	13.0	0.0	1	0	0	0
2100051933	2.6	0.7679875679875681	12.0	0.2	1	0	0	0
2140246466	6.972222222222222	3.437817334362532	28.8	4.2	0	1	0	0
2104879825	0.06666666666666668	0.532322335359276	2.0	0.8	1	0	0	0
336991397	1.7916666666666663	0.3433892594005724	4.0	4.2	1	0	0	0
2126670394	7.219047619047619	2.679494915302244	21.8	5.2	0	1	0	0
2125785075	5.05	1.842789354391936	12.0	1.8	1	0	0	0
2138623437	9.8	1.4386106214535237	7.8	2.2	1	0	0	0
2243585430	4.410714285714287	2.0685744752072592	7.8	6.0	1	0	0	0
2096658368	1.4833333333333334	0.7392037087330712	7.0	1.4	1	0	0	0
2444676853	1.7	2.1027389375484367	13.0	2.0	1	0	0	0
2158768696	5.4662878787878775	2.2034779630816805	11.2	11.8	1	0	0	0
2227996592	3.565714285714286	1.838854003106278	3.0	3.2	1	0	0	0
2617145017	0.6666666666666666	0.6192534304422395	26.0	0.6	0	1	0	0
2119012425	4.0	1.4312703874631114	7.0	1.2	1	0	0	0
2154970772	2.4933333333333336	2.0718357542767096	25.0	2.8	1	0	0	0
2161630513	0.0	0.0	6.0	0.0	1	0	0	0
2583978275	2.8	1.3660595168847198	5.8	0.6	1	0	0	0
2106281576	4.185714285714286	0.8084487163717065	12.4	3.4	1	0	0	0
1988031962	2.4666666666666672	0.6275563444776332	3.8	0.8	1	0	0	0
2163116786	14.895238095238097	4.298169254376875	10.6	4.4	1	0	0	0
2582823888	12.266666666666667	2.3426943076909765	2.4	1.0	1	0	0	0
2573243793	11.4	0.7053392674139112	0.6	0.4	1	0	0	0
2295270651	6.88	0.9793739760961202	5.2	2.2	1	0	0	0
2167430128	1.0	0.42713495694344905	6.0	0.8	1	0	0	0
2137721112	11.34	1.5505199173036304	10.6	1.6	1	0	0	0
2131706324	13.438095238095238	2.785013090503682	11.4	5.6	1	0	0	0
2165118231	13.675	1.3244599891693092	6.0	3.4	1	0	0	0
2620979493	0.0	0.0	19.0	0.0	1	0	0	0
2606761933	2.3666666666666663	3.1550196401690687	9.0	2.8	1	0	0	0
2430418512	0.0	0.0	3.0	0.0	1	0	0	0
2095987900	63.06666666666668	9.905165020072644	14.2	3.8	1	0	0	0
2528802866	10.020512820512822	3.7489193745600087	21.8	8.2	1	0	0	0
2102960998	0.0	0.0	10.0	0.0	1	0	0	0
2233307994	0.0	0.0	14.0	0.0	1	0	0	0
2111405469	0.8	2.085050634426075	22.0	1.8	1	0	0	0
2460222195	16.642061403508773	5.191745557853303	33.6	13.4	1	0	0	0
2532505512	1.7	0.6217151388483263	9.0	0.6	1	0	0	0
2156057592	0.2394444444444445	1.1166637157998895	5.0	18.2	0	0	1	0
2651029627	0.0	0.0	4.0	0.2	1	0	0	0
2127412708	25.768611111111113	4.059192968298712	18.4	16.2	1	0	0	0
2278593545	0.0	0.0	8.0	0.0	1	0	0	0
2139563917	15.835508021390376	2.4464445595495734	24.6	12.8	0	1	0	0
2132056394	1.56	0.8893852465312128	12.0	1.0	1	0	0	0
2161752117	6.561666666666667	6.773622078877986	26.8	7.0	0	1	0	0
2695156146	0.0	0.0	5.0	0.0	1	0	0	0
2629758138	0.0	0.0	16.0	0.0	0	1	0	0
2146306046	0.360042735042735	1.709810001493817	5.0	15.8	1	0	0	0
2169354526	4.533968253968253	2.7968421067461486	11.0	6.6	1	0	0	0
2167432162	32.2	1.924380362044671	14.2	1.6	1	0	0	0
2097076567	0.8	0.2680887372013652	7.0	0.2	1	0	0	0
2225462145	3.8	1.3555555555555556	4.8	0.2	1	0	0	0
2630323486	0.1	0.7593213149522801	11.0	0.4	1	0	0	0
1995952108	0.8433333333333334	1.603581897051642	5.0	9.4	1	0	0	0
2607921394	3.3666666666666663	2.65424749403246	5.6	1.4	1	0	0	0
2215796638	1.1333333333333335	0.9249021303717292	0.6	0.6	1	0	0	0
2585832987	4.428493150684932	2.8978961392850047	14.4	33.2	0	1	0	0
2166524114	15.656608391608396	2.2977250845368533	20.4	20.0	1	0	0	0
2144857100	5.6	2.2590537596352327	2.0	1.8	1	0	0	0
2558476565	5.35	2.8166834961044485	10.6	2.4	1	0	0	0
2304458524	9.443809523809524	3.241832459139561	8.0	5.2	1	0	0	0
2334373290	0.71	0.9587653621753376	10.0	3.6	0	1	0	0
2169184086	9.169444444444443	2.6345831396723005	14.4	5.2	1	0	0	0
2157274563	21.552380952380947	2.693555726871298	21.2	7.6	1	0	0	0
2158302723	0.6428571428571429	1.119122705937608	8.0	6.6	0	1	0	0
2236413543	0.0	0.0	16.0	0.0	1	0	0	0
2171745429	4.8	0.3236631016042781	1.0	0.4	1	0	0	0
2112722258	21.35	2.816640775228637	13.6	1.6	1	0	0	0
2163809637	0.4	0.13749187784275502	4.0	0.2	1	0	0	0
2123985438	1.25	2.7532095580643854	4.0	2.4	1	0	0	0
2657481909	8.47	0.9653203220868763	5.8	1.8	1	0	0	0
2131378765	0.76	0.4281284545394145	6.0	1.0	1	0	0	0
2114975082	4.95	2.1208089786265427	15.8	3.6	1	0	0	0
2171204101	17.238333333333333	4.0572529756299325	33.0	9.0	0	1	0	0
2132966298	16.0	2.736002823734879	13.8	0.4	0	1	0	0
2681477211	12.0	0.7195167883139776	14.8	0.6	1	0	0	0
2133938339	1.8333333333333333	2.416367139855685	10.0	1.6	1	0	0	0
2153464239	9.05	2.118790830074653	16.0	1.6	1	0	0	0
2627135579	0.0	0.0	6.0	0.0	1	0	0	0
2113277774	11.933333333333335	2.6486798921392087	5.4	2.4	1	0	0	0
2307697009	1.2	3.947305389221557	4.8	0.2	1	0	0	0
2118371760	18.462222222222227	5.200811091777044	18.4	3.4	1	0	0	0
2237541417	5.893498168498168	3.5262924719247954	9.0	8.8	1	0	0	0
2462394557	4.612272727272726	2.533928877646724	15.0	8.4	1	0	0	0
2163554368	14.468795093795096	4.188881252628545	20.8	8.8	1	0	0	0
2106340623	0.4	1.178358177798262	8.0	1.6	1	0	0	0
2149466897	2.5142857142857142	0.6055453344043948	7.0	1.6	1	0	0	0
2309728730	0.0	0.0	2.0	0.0	1	0	0	0
2158783344	0.04812834224598932	0.0	2.0	7.4	0	1	0	0
2137787012	0.0	0.0	2.0	3.4	1	0	0	0
2134062735	0.16	0.0	2.0	2.4	1	0	0	0
2567668220	0.8857142857142858	1.5831793713019715	3.8	1.8	1	0	0	0
2204775031	1.770909090909091	1.9022319060761064	8.8	5.6	1	0	0	0
2170547846	3.9	4.952799193234656	2.8	1.8	1	0	0	0
2111754571	0.0	0.0	15.0	0.4	1	0	0	0
2420880613	0.0	0.0	3.0	0.6	1	0	0	0
2768145722	0.0	0.0	3.0	0.6	1	0	0	0
2234104560	6.533333333333332	0.0	9.0	0.6	1	0	0	0
2130877461	12.178571428571427	2.0887817013714978	11.2	7.4	1	0	0	0
2316372243	0.2	0.10199887069452288	1.0	0.4	1	0	0	0
2151150107	14.8034126984127	4.006457308187881	20.8	6.2	1	0	0	0
2133263018	10.542530345471524	3.1611577174901115	27.8	37.2	0	0	1	0
2128273557	0.0	0.0	34.0	0.0	0	1	0	0
2484236144	18.483333333333327	3.0654814442896603	11.2	3.0	1	0	0	0
2253936662	0.0	0.0	2.0	0.0	1	0	0	0
2696719243	1.6	0.2019077901430842	3.0	0.2	1	0	0	0
2238358095	0.4	0.8021147764092836	2.0	1.4	1	0	0	0
2099033448	0.92	2.242083352635136	9.0	1.6	1	0	0	0
2777969829	0.0	0.0	16.0	0.0	1	0	0	0
2165632109	10.863333333333333	4.936580879492771	12.0	7.6	1	0	0	0
2119846317	2.333333333333333	1.7111818631581912	17.0	1.2	1	0	0	0
2435034426	13.179682539682537	3.6475395706945606	11.6	10.0	1	0	0	0
2471024582	1.5333333333333337	1.0654135557992346	15.0	2.4	1	0	0	0
2148252713	0.0	0.0	10.0	0.0	1	0	0	0
2109137159	13.317422969187676	4.0485182739503465	15.8	14.6	1	0	0	0
2165487645	0.6	0.2756704794955803	6.0	0.4	1	0	0	0
2165039334	8.133333333333333	2.700599734896749	9.4	2.4	1	0	0	0
2307014634	0.0	0.0	8.0	0.0	1	0	0	0
2572855291	7.3	4.2771380284285065	11.4	4.0	1	0	0	0
2103130315	20.388870035193566	5.688293129168501	20.2	11.8	1	0	0	0
2318751012	11.3	3.4995665535909777	17.8	1.4	1	0	0	0
2311712812	4.1	2.6983430441968728	12.0	0.8	1	0	0	0
2118257724	13.566666666666665	2.7745310758198243	8.2	1.8	1	0	0	0
2133024693	15.472882672882669	2.554766491069828	21.8	8.6	0	1	0	0
2617352438	6.533333333333334	4.0917495558290335	3.8	1.6	1	0	0	0
2606624860	2.1347619047619046	4.229387367266385	11.8	6.2	1	0	0	0
2297109039	2.45	2.314683185720445	2.6	1.4	1	0	0	0
2780817638	0.2033333333333333	0.43554855342308796	2.0	5.6	1	0	0	0
2647013095	62.28	7.173065512797576	20.4	2.0	1	0	0	0
2201735012	0.0	0.0	18.0	0.0	1	0	0	0
2118779695	0.0	0.0	2.0	0.0	1	0	0	0
2781286171	0.0	0.2493400091033227	4.0	0.2	1	0	0	0
2168740874	7.42826976944624	2.610851839266032	21.8	9.4	0	1	0	0
2666810207	8.6	1.2690086795291229	4.6	0.8	1	0	0	0
2154940096	4.2444444444444445	2.2893032599455334	16.0	4.2	0	1	0	0
2115440492	0.0	0.0	2.0	0.0	1	0	0	0
2492406983	17.56666666666667	4.038664692788826	19.6	3.8	1	0	0	0
2504548383	11.0	2.730353825674136	7.4	2.0	1	0	0	0
2279202333	2.65	2.379787558416607	9.0	2.8	1	0	0	0
2016451659	8.921855921855922	2.3565783234496016	16.2	6.4	1	0	0	0
2129031682	0.0	0.0	9.0	0.0	1	0	0	0
2690184982	0.0	0.0	6.0	0.0	1	0	0	0
2158269646	0.0	0.0	7.0	0.0	1	0	0	0
2134359195	0.1	0.6782608695652174	12.0	0.8	1	0	0	0
2645374424	0.0	0.0	10.0	0.0	1	0	0	0
2170530196	6.207692307692307	3.2658462448500605	13.8	7.0	1	0	0	0
2649939361	0.2	0.9231231231231232	7.0	0.2	1	0	0	0
2101658581	11.5	4.298634247604509	10.8	3.2	1	0	0	0
2111757033	9.6	2.8400210100150454	12.0	1.2	1	0	0	0
2182911313	0.13333333333333333	0.7580401098693484	4.0	0.8	1	0	0	0
2557235859	5.3	2.4383896478032483	4.0	1.2	1	0	0	0
2420934537	9.007142857142854	2.498437995352614	17.8	5.2	1	0	0	0
2155560721	0.0	0.8425414364640883	4.0	0.2	1	0	0	0
2472815583	5.2	1.962826782077112	6.8	0.4	1	0	0	0
2104412229	0.6	0.5798596684898055	18.0	0.4	1	0	0	0
2434856473	2.2666666666666666	2.0692659468643635	10.0	3.4	1	0	0	0
2159209699	1.8409090909090908	1.9886197189260293	8.8	5.4	1	0	0	0
2110775846	1.0	0.7166775670372793	14.0	0.2	1	0	0	0
2131759505	0.4	0.4642673521850901	5.0	0.2	1	0	0	0
2113264552	1.542857142857143	1.680842387611745	19.0	4.0	0	1	0	0
2305434694	0.6666666666666666	0.7374098198107414	5.0	0.8	1	0	0	0
2129315804	1.429090909090909	1.8994430210915776	8.0	3.4	1	0	0	0
2137543114	1.8	0.4110236220472441	9.0	0.2	1	0	0	0
2552163634	1.0222222222222224	1.6078103468657052	14.0	4.4	0	1	0	0
2617359486	1.4933333333333334	1.2293218522751688	10.0	2.6	1	0	0	0
