19820366	wang wen	50.12	0.9440195434469444	6.0	5.0	1	0	0	1
19820366	jian zhang	25.95775089606	1.9061931710158115	41.2	55.0	0	0	1	1
19820366	li lin	36.663333333340006	2.562220887591976	26.0	14.0	0	1	0	1
20231570	li yi	19.166666666660003	1.7194065373749807	6.0	2.4	1	0	0	1
20231570	wu yundong	20.4326007326	2.2040303885723374	34.2	12.2	0	1	0	1
19820366	chen xiaoshuang	5.474417429838001	1.4775024916281256	21.8	28.4	0	0	1	1
19820366	tang yong	24.752807017560002	1.4362151757800532	20.4	14.0	1	0	0	1
177933477	jiang yuanying	8.006096681099999	1.844313542539593	20.0	15.8	0	1	0	1
20231570	huang ruji	0.0	0.0	2.0	0.0	1	0	0	1
19820366	pengye wang	4.991666666666	0.8681815895794049	7.6	5.0	1	0	0	1
19820366	gui yu	47.56569070648	5.228913388429408	52.4	30.8	0	0	1	1
126520041	chen gao	10.34	0.9555686920818016	8.0	5.6	1	0	0	1
157773358	gu jieruo	4.4	0.6499145192250821	2.4	1.6	1	0	0	1
19820366	jiang xin	15.9211904762	1.5323445134435802	16.4	11.4	1	0	0	1
20231570	she zhensu	8.873333333340002	1.8454316441538607	12.8	3.4	1	0	0	1
24943067	baorong lu	36.778119658120005	1.5530747581033228	18.8	8.8	1	0	0	1
19820366	hongqing ling	73.94	3.5237447568766216	11.6	3.4	1	0	0	1
24943067	chen zhanghai	6.540606060612001	3.420368073113077	15.6	7.8	1	0	0	1
126520041	jun wang	29.7704347379	5.9103401346842075	52.4	23.4	0	0	1	1
20231570	bin liu	7.066666666666	0.9951563492154298	12.4	4.8	1	0	0	1
183067930	chen xianfeng	4.697537878787999	2.622767992694296	22.8	28.8	0	0	1	1
99065089	guilu long	15.894970259628005	0.4601931387970374	19.6	19.0	0	1	0	1
19820366	ruiming xu	36.25	7.0193271506966886	19.2	3.8	1	0	0	1
19820366	jingbo li	37.59060150376	2.863976874068416	23.6	18.6	1	0	0	1
126520041	qijin zhang	8.464214415348	0.6822716860402644	12.2	13.6	1	0	0	1
25254941	feng shiping	8.276666666654	0.6716684665720084	7.8	8.0	1	0	0	1
19820366	li xin	18.48591365746	2.553391312694063	41.2	35.8	0	0	1	1
20231570	cai shaoqing	21.86000000000001	1.2146585577969349	20.8	7.2	1	0	0	1
24943067	tang yi	27.22195360196001	3.0734485789699546	30.8	14.0	0	1	0	1
76130692	xu zhikang	34.2996969697	2.173625236090115	44.2	17.8	0	1	0	1
19820366	guoliang xu	35.185	0.8229196865131211	12.8	6.2	1	0	0	1
19820366	chen lidong	21.43769370726	1.1563464475506082	24.6	25.0	0	1	0	1
151075929	huang yuesheng	1.2	0.5422108294121778	5.0	1.6	1	0	0	1
19820366	chen xiaosong	1.9	0.3476874602709015	3.8	0.8	1	0	0	1
24943067	jiang zuimin	6.300714285713999	1.4869241827009418	14.8	7.4	0	1	0	1
99065089	he hongjian	13.25333333332	2.745881618451542	9.2	3.0	1	0	0	1
90610280	qiu xueqing	12.016282811386	2.1714298916694315	19.6	15.0	0	1	0	1
19820366	li zhibo	13.706666666659999	4.785646564708793	29.6	12.2	1	0	0	1
17145004	xiaopeng zhao	14.137138188602	0.9158148266217292	11.4	11.0	1	0	0	1
19820366	guosheng liu	17.698283272276	5.248021527450912	33.8	15.4	0	1	0	1
99065089	liang xidong	7.085714285711999	0.5066092300939633	7.8	8.2	1	0	0	1
19820366	guanghui rao	11.4	1.0692653113765096	11.4	1.6	0	1	0	1
19820366	xu xuejun	2.4533333333360003	2.10216082854576	13.0	3.4	0	1	0	1
170215575	jianmin yuan	3.65142857143	0.694435121797121	6.2	6.2	1	0	0	1
881766915	chen yang	13.810512820519998	3.4238664030885486	20.4	7.6	0	1	0	1
126520041	liwen niu	15.645238095232001	1.9204560305779528	8.8	5.2	1	0	0	1
19820366	beiying wu	0.8	0.21298041818785265	1.8	0.6	1	0	0	1
19820366	hong zhang	5.9152099260416	3.3624009161117447	44.4	78.6	0	0	1	1
20231570	xing zhang	5.156752923691999	1.4407919464703238	25.2	55.8	0	0	1	1
194450716	wensheng yang	24.47714864084	2.6877856546427643	34.6	12.8	0	1	0	1
19820366	jinsong li	22.506853146848	5.96535672960488	20.8	8.8	1	0	0	1
19820366	jia li	7.877638372241999	2.9952076477130243	35.8	73.6	0	0	1	1
37461747	li zhen	9.186692307691999	3.892206022257377	51.4	32.0	0	0	1	1
19820366	deqing zhang	28.420675585300003	1.6327456710149817	28.2	23.8	1	0	0	1
24943067	liejia qian	5.70238095238	1.5925086074829835	13.4	6.8	0	1	0	1
20231570	minghui zhao	23.104094896339998	2.361907604509227	27.8	17.6	1	0	0	1
19820366	jingfu liu	29.52101449274	4.0340130937416765	41.0	14.0	0	1	0	1
19820366	xiang yu	13.823412698399999	4.586032403070875	17.6	6.8	1	0	0	1
20231570	fang jing	11.383333333340001	0.9175783538626279	7.0	4.4	1	0	0	1
82880672	huai jinpeng	12.135677655672	0.74641470832784	14.8	13.4	1	0	0	1
149594827	jiao licheng	8.954390812394001	0.7047702845799002	19.2	58.8	0	1	0	1
184983240	liu yichun	41.108265584259996	2.475661351533552	38.4	24.2	0	1	0	1
37461747	chuluo yang	24.628278919219998	5.501892992928145	42.2	20.2	0	0	1	1
19820366	cao daomin	18.15	0.7624262125901519	15.2	3.4	1	0	0	1
205237279	xiaoqing zhu	18.5	2.6153969904330747	12.8	2.2	1	0	0	1
19820366	huang mingdong	15.783333333334	2.9079042499912804	12.8	7.8	1	0	0	1
126520041	yongfei zheng	28.835	0.534905208867933	8.8	5.2	1	0	0	1
20231570	chunjing wei	42.38333333334	1.9858333027602924	18.4	4.6	1	0	0	1
19820366	hong liao	35.55555555554	2.9027222218741806	14.8	4.8	1	0	0	1
19820366	wu xiaoguang	10.5	0.452432666480675	2.6	1.4	1	0	0	1
47720641	xiao yi	9.768333333334	2.493571394397452	9.6	5.0	1	0	0	1
881766915	qingyu wu	0.0	0.0	1.0	0.0	1	0	0	1
19820366	hong li	9.8068929278266	4.7974637136418	62.4	46.6	0	0	1	1
19820366	congqiang liu	8.436507936518003	0.4931672370752166	8.4	6.8	1	0	0	1
19820366	jinshui wu	10.0	0.1843137254901961	4.2	0.4	1	0	0	1
19820366	li wang	20.25059462032	1.3652101686795928	24.0	30.8	1	0	0	1
19820366	ke xu	2.7848748473754	2.105333443506165	21.0	21.6	0	1	0	1
19820366	yao yijian	9.05	0.7498438421745028	5.2	1.4	1	0	0	1
19820366	weicai yang	70.05	5.221337015323901	23.4	4.2	1	0	0	1
19820366	lin wei	7.2988322440056015	3.1809363034397817	37.0	18.6	0	0	1	1
20231570	pengfei tu	19.37526917526	1.2531338602957014	24.4	19.2	1	0	0	1
76130692	wu zhaohui	12.374303233004	1.0991395338157977	25.4	29.6	0	0	1	1
19820366	hu weiming	15.227468409584	2.12791324785003	33.6	25.2	0	0	1	1
19820366	feiyue wang	27.059020979019998	0.5412583540712577	16.6	20.6	1	0	0	1
19820366	jing liu	12.101977687620002	1.0706639024366091	27.2	34.8	0	1	0	1
19820366	deng feng	32.19204417576	1.838778851865488	27.2	21.4	0	1	0	1
19820366	chun tang	22.221666666660003	5.536933259664254	12.0	7.4	1	0	0	1
19820366	li zhaoliang	21.796103896105798	1.874405636025391	11.2	7.6	1	0	0	1
47720641	xinliang zhang	3.8846350580360003	2.3362396044021003	26.8	47.6	0	0	1	1
111381250	hailin zhang	7.77	1.6301618305227603	6.0	4.4	1	0	0	1
183067930	xu yuhong	17.36233766233	3.5414947279936384	16.8	7.0	1	0	0	1
19820366	long mian	17.53333333334	2.1723376971244903	4.0	1.6	1	0	0	1
881766915	sun zhiwei	6.558253968254	0.4978971861906264	16.6	11.8	0	1	0	1
19820366	yin zhan	9.683333333334	3.556769985700793	9.0	3.0	1	0	0	1
19820366	cao rong	23.85743271222	1.3144206900607327	35.2	17.2	0	0	1	1
76214153	desheng xue	14.170589508539999	2.5549317410961825	27.0	22.8	0	1	0	1
37461747	daiwen pang	41.35463659146	1.551533845107913	19.0	9.6	1	0	0	1
19820366	yunlin zhang	6.723082706772	2.5492619061888218	25.0	16.0	0	1	0	1
126520041	cui hua	38.27555555556	2.4802930732955684	33.0	8.0	0	1	0	1
9086337	dong jinxiang	13.2082051282	2.791622333589028	13.6	9.6	1	0	0	1
19820366	chen chuanfeng	24.755641025640006	2.394356696564984	34.8	16.0	0	1	0	1
19820366	huang yongzhen	8.689166666665999	1.3017543414163393	13.0	12.4	1	0	0	1
20231570	hanqing zheng	1.2	0.2381983875204591	4.6	0.4	1	0	0	1
881766915	cheng jianchun	2.1	0.060888565185724684	2.8	2.6	1	0	0	1
194450716	hu ping	5.4	0.4353648705396854	5.8	2.6	1	0	0	1
126520041	haojun liang	7.8	0.8580520280974141	2.0	0.4	1	0	0	1
21945476	李和兴	0.0	0.0	0.0	0.0	1	0	0	1
19820366	bao yang	8.025151515154	2.8061209909062166	43.0	13.6	0	0	1	1
19820366	yuan zengqiang	15.453571428579998	4.5990274825157496	21.0	7.6	1	0	0	1
19820366	changqing zeng	551.0166666666	3.496889193571745	9.4	4.4	1	0	0	1
19820366	fei xu	4.0	0.22334217506631304	2.8	0.4	1	0	0	1
19820366	chen ming	26.78	1.4706410582069944	9.0	3.4	1	0	0	1
19820366	jianghua sun	17.488888888880002	1.5633187410234872	14.6	6.6	1	0	0	1
19820366	dehua wang	12.951904761906002	1.9120222886227325	21.4	8.8	1	0	0	1
76130692	liu weiping	10.025757575765999	0.7388422724926127	15.4	6.4	1	0	0	1
76130692	ping wang	10.841600036748	2.307430711536731	25.8	23.6	0	1	0	1
19820366	jianlin luo	5.316666666666	3.4758854770487964	11.6	3.6	0	1	0	1
87445476	guang xi	3.7538461538459997	1.3487811893926098	6.8	10.2	1	0	0	1
19820366	jianqi li	18.702380952374	1.0246245650196992	9.4	5.2	1	0	0	1
19820366	gao hongjun	23.397786935280003	1.4606448003714692	19.6	19.4	1	0	0	1
39333907	fucheng zhang	1.5	0.18003340319026678	3.8	1.2	1	0	0	1
180726961	wang yiping	1.8328164814308	0.0	18.0	20.8	0	1	0	1
19820366	guo lianghong	19.176515151502	2.9193787490607503	23.0	9.8	1	0	0	1
99065089	yongfa zhu	79.08166666668001	3.7876973000484617	61.4	17.6	0	0	1	1
19820366	hong wu	7.0483805668100015	4.113591084565663	26.4	13.0	0	1	0	1
19820366	mei zhang	4.690476190476	2.931595379021877	15.8	8.2	1	0	0	1
19820366	liu minghua	26.536190476199998	1.2255345074552992	15.0	7.6	1	0	0	1
99065089	li shao	9.016277056266599	2.922987264814482	21.0	7.0	0	1	0	1
158842170	fusheng pan	8.878586029012	1.07153819334248	19.4	41.8	0	1	0	1
87445476	li shengtao	20.183333333326	1.5655064483229986	12.6	13.0	1	0	0	1
90610280	gang wei	7.613636363639999	0.6572846803851824	12.2	15.4	0	1	0	1
205237279	jianguo tian	7.842857142855999	1.0172066116234841	8.2	10.2	1	0	0	1
19820366	qie xiushu	14.834285714267994	1.1007894551048465	10.8	5.8	1	0	0	1
19820366	deng youquan	35.99301587302	1.4598611817253968	28.4	12.4	1	0	0	1
37461747	chen hua	6.1765151515220005	0.3362133221493037	5.6	4.8	1	0	0	1
881766915	gu shulin	6.262857142855999	1.4811233292944443	17.0	8.8	0	1	0	1
194450716	chen hong	6.3460601631980005	0.6850405150707632	15.4	22.6	0	1	0	1
19820366	liu yimin	14.844459308817994	1.8858555287782903	24.4	13.8	0	1	0	1
19820366	baolong shen	6.2752380952380005	1.2214053749443878	13.4	6.4	1	0	0	1
19820366	boqiang qin	33.7967945439	1.6635634272538238	31.2	16.8	0	0	1	1
19820366	yan yihua	9.080000000001998	1.4285375417871429	13.4	9.0	0	1	0	1
19820366	fengtang yang	22.2	0.1	2.8	0.6	1	0	0	1
19820366	wanhua zheng	4.775151515151999	2.042852997095644	11.8	10.4	0	1	0	1
881766915	sun weiyin	32.331428571420005	1.5550790284295506	33.4	13.2	0	0	1	1
19820366	jianmin wang	33.83666666666	1.7984234815952014	7.0	2.8	1	0	0	1
881766915	jilin zhou	6.707936507936	4.551443737413625	12.4	7.0	1	0	0	1
20231570	chen peng	3.0	3.5518081308577023	3.6	1.4	1	0	0	1
191208505	jiang yunbao	26.86666666666	1.495057325536595	18.8	4.2	1	0	0	1
9916479	han hua	29.194139194146	3.297257487754009	14.0	8.0	1	0	0	1
3923682	cao yongluo	1.7666666666659998	0.6801504582755044	8.0	1.4	1	0	0	1
204553293	gensheng li	6.3666666666666005	0.25803106761064204	3.0	1.6	1	0	0	1
19820366	xunhua zheng	46.8	1.9944243457980864	26.8	9.0	1	0	0	1
19820366	li liu	14.042212531008	1.492757692387586	27.0	30.2	0	1	0	1
99065089	liu yule	24.49	2.642426327924545	12.2	4.8	1	0	0	1
115488153	chen jing	0.3794871794874001	0.0	10.0	7.8	0	1	0	1
76130692	chen hongzheng	19.3176190476	1.2534480289688954	19.2	15.6	1	0	0	1
111599522	chen jian	20.74847780128	1.9606541129803028	20.2	37.2	1	0	0	1
153473198	cui xiang	4.012550607286	0.499042091725336	10.2	13.4	1	0	0	1
19820366	gang zhao	15.389372822304	1.3875043124757604	25.6	31.8	0	0	1	1
19820366	xianming xiao	12.445238095246001	1.2850624964353128	20.4	7.8	0	1	0	1
19820366	li shushen	15.1768315508	1.236874261116804	17.8	16.4	1	0	0	1
116953780	zheng zhong	12.364285714288002	0.4644272234252324	6.4	4.8	1	0	0	1
881766915	peng ruwen	8.433571428572	1.8461476229661682	13.6	11.8	0	1	0	1
99065089	fuchun sun	7.825248908523999	0.8433954660700618	22.6	25.8	0	1	0	1
881766915	junjie zhu	36.405479123039996	1.7709628006945688	43.0	31.6	0	1	0	1
19820366	cheng li	8.239643493753999	2.760814971200336	24.4	18.8	0	1	0	1
881766915	ji junfeng	29.34432900434	2.035953649631804	29.0	10.4	0	1	0	1
19820366	li yongwang	22.747359307340002	1.952259908287568	40.6	24.2	0	0	1	1
19820366	min tan	13.77621908544	1.141237038841935	27.0	36.4	0	0	1	1
92403157	yue zhang	46.093156459908	1.2317783193170273	12.0	15.2	1	0	0	1
99065089	hongying hu	16.193181818179998	2.730083913088582	26.0	14.6	0	1	0	1
157773358	qingjiong zhang	19.249557109554	3.1805486091130204	20.4	13.8	1	0	0	1
183067930	huang qian	15.525	1.066811274564038	8.6	5.4	1	0	0	1
19820366	ninglian wang	25.9488095238	1.5538337681655623	17.4	5.2	1	0	0	1
19820366	gang su	25.392539682547998	1.8606524370389341	18.6	7.6	0	1	0	1
19820366	ji yang	10.022692307700002	1.9971559541777721	13.2	10.2	0	1	0	1
19820366	duan zhenhao	64.63301587302001	1.869165364072249	11.4	6.2	1	0	0	1
19820366	qun yang	2.833333333334	0.6260591526778577	4.4	2.6	1	0	0	1
20231570	chen dayue	3.6	0.42503460971040347	3.4	1.2	1	0	0	1
99065089	feng pan	3.3	0.4878840717591549	4.4	2.6	1	0	0	1
194450716	liu mingyuan	12.192136752136	1.9070718151571917	11.4	6.8	1	0	0	1
205237279	pingchuan sun	13.160606060620001	3.1442994576158028	25.0	10.8	0	1	0	1
20231570	li weigu	3.5833333333339983	0.5734428695910326	11.4	2.0	1	0	0	1
881766915	hu yuefei	12.007142857142	0.6586740351290659	13.0	3.8	1	0	0	1
881766915	huicheng yin	4.033333333334	1.073440683784942	10.6	3.4	1	0	0	1
19820366	feng huang	23.84340983532	2.4079333636974387	20.6	15.8	1	0	0	1
19820366	jun xu	10.781038259982	1.3765544551955406	28.4	61.4	0	1	0	1
19820366	ping xie	24.72624521074	1.1686019179229077	27.8	27.4	0	0	1	1
19820366	dan wang	20.139207317074	4.450701411579823	44.2	30.6	0	0	1	1
19820366	lin yangting	9.81	1.9862921622564127	6.8	4.4	1	0	0	1
19820366	chen xilin	18.51510989012	2.7723611534534895	37.8	22.4	0	0	1	1
19820366	huang qingming	8.869288424834	2.046111071089828	32.8	26.8	0	0	1	1
154099455	shishen yan	12.669632040462	2.885314651230643	22.8	17.8	0	1	0	1
19820366	gu hui	4.36	1.4979782211951689	9.8	2.6	1	0	0	1
126520041	ding zejun	14.895555555556	0.9188269349607416	8.0	4.6	1	0	0	1
19820366	hui wang	9.616053643919999	3.2114340738678866	50.8	101.6	0	0	1	1
19820366	shen xu	19.180612044820002	2.29809483699284	30.6	23.0	0	1	0	1
19820366	baochun huang	73.1733333334	2.3562225282676463	16.0	3.6	1	0	0	1
126520041	chen falai	14.211904761893999	0.5787891455921716	13.0	5.6	1	0	0	1
99065089	xuegong zhang	35.28833333334	2.8379506630079985	22.8	9.6	0	1	0	1
19820366	chaozhong li	16.90714285714	1.4831617826185526	11.8	5.6	1	0	0	1
19820366	huijun wang	24.08222222222	0.7539013084896433	15.8	9.6	1	0	0	1
99065089	meng yonggang	7.529999999991999	1.1976939894932372	15.8	9.0	0	1	0	1
19820366	xingjiang zhou	4.76	0.313445400301111	5.2	2.6	1	0	0	1
19820366	hu zhihong	56.897777777799995	2.126119022970861	11.8	5.0	1	0	0	1
19820366	chen zhiming	27.05714285714	0.6339314534667085	10.0	3.2	1	0	0	1
76214153	baotian pan	10.300317460308	2.0786230099248946	18.4	7.4	1	0	0	1
158842170	zhang zongyi	2.7197435897426003	0.2550632911392405	6.0	6.8	1	0	0	1
881766915	limin zheng	24.753659673660003	1.7282645554592442	28.2	10.8	0	1	0	1
126520041	chen chusheng	27.23636363636	1.712855559483598	16.0	5.6	1	0	0	1
90610280	shengli xie	8.658441558432	0.5324948062012724	9.6	18.4	1	0	0	1
20231570	huang jianbin	29.3142929293	2.049381735473617	20.6	7.6	0	1	0	1
47720641	jun wu	3.976190476192	2.3416979900759824	18.8	10.8	0	1	0	1
19820366	zhang zhongping	49.8770562771	4.232520491573792	32.8	13.8	0	1	0	1
24185976	chen yingchun	11.007048393487999	2.5036797371289787	40.8	17.0	0	0	1	1
19820366	wang yizheng	58.96666666668001	3.864516291743205	6.0	2.4	1	0	0	1
19820366	cheng zhaohua	15.817564102566	1.1561244759038771	19.4	12.2	0	1	0	1
25254941	fengshou zhang	3.1953216374260003	1.2390249986590158	11.0	12.6	0	1	0	1
157773358	lu tongbu	41.485	2.5295752937257734	28.0	8.6	0	1	0	1
19820366	jiang wan	26.77647058824	1.3184854307575873	18.4	7.8	1	0	0	1
19820366	jinsong zhang	8.4427272727206	1.7498616773938096	13.8	6.4	0	1	0	1
126520041	houqiang li	6.6896546633398	2.146869645484574	27.6	25.2	0	0	1	1
173759888	kuang leman	4.729523809524	0.418848120566414	10.4	8.8	1	0	0	1
19820366	ninghui sun	13.964285714288001	0.6087814457564804	13.4	11.4	0	1	0	1
19820366	guowei he	8.342857142858	1.2797708521355111	6.2	4.2	1	0	0	1
19820366	gao yu	25.248290598284	3.0825071262682986	11.0	9.6	1	0	0	1
19820366	jianggao mao	15.26649477972	2.1727748667009115	38.4	20.6	0	0	1	1
19820366	gao guangxia	50.66666666665999	3.867884868350576	7.8	1.6	1	0	0	1
19820366	guo guocong	24.92507936508	1.4413175552932598	23.0	21.6	0	1	0	1
19820366	hualin wang	7.373128342246	2.806749654539717	22.8	10.6	0	1	0	1
126520041	wenbin wu	12.13333333334	1.9692145077615897	13.4	3.2	1	0	0	1
99065089	huimin xie	28.734553049298	1.321645493639505	15.4	12.4	0	1	0	1
139759216	ji yuefeng	0.6359288537542599	0.17598941620289196	2.8	20.6	1	0	0	1
87445476	changjiu li	15.498182957402001	1.6758190713896597	37.6	16.6	0	1	0	1
154099455	si zongguo	2.3785714285714	1.7635129280801956	15.0	3.4	1	0	0	1
99065089	li yanmei	21.32984126982	4.042105339778874	20.2	6.6	0	1	0	1
191208505	xiaomei yan	10.346666666660001	4.427310844156136	19.8	6.0	1	0	0	1
881766915	hong yan	13.464564879559994	3.5347082441746567	19.0	9.2	1	0	0	1
24185976	liangang peng	0.0	0.0	5.0	0.0	1	0	0	1
20231570	liu peidong	2.0	0.35417582417582416	4.0	0.8	1	0	0	1
99065089	zhao zhengming	3.851515151516	0.143952802359882	7.8	6.4	1	0	0	1
162868743	chunfeng wang	1.241666666668	0.0	3.8	6.2	1	0	0	1
19820366	jiang zhu	13.14464285714	1.0002193294163582	13.0	10.2	1	0	0	1
19820366	wang yan	4.4627923260722	2.9911985370715737	39.8	53.8	0	0	1	1
19820366	jun yang	2.8678613955706203	0.0	51.0	62.0	0	0	1	1
19820366	qingyuan sun	30.63682051282	2.0507860004778333	30.6	19.2	1	0	0	1
154099455	huaijin zhang	7.028245088238	2.1274381511816003	34.6	37.0	0	0	1	1
19820366	he hong	39.7623534888	1.842541851278992	30.2	23.6	1	0	0	1
19820366	hu wei	3.3380952380946	1.998375418912125	29.0	10.8	0	0	1	1
76130692	junhu zhou	16.96906627856	1.6192986851812154	14.4	17.0	1	0	0	1
19820366	jianmin yue	17.48092105264	0.8851582364289072	12.8	9.4	1	0	0	1
76130692	su zeng	20.2082815735	1.5424734209262283	12.4	12.8	1	0	0	1
19820366	qiuliang wang	4.286213894160001	1.0825237571757984	14.2	22.4	0	1	0	1
47720641	ding ma	4.153737373734799	0.40349561036744735	5.0	10.4	1	0	0	1
19820366	li sheng	30.987514900516	3.4825622451649236	28.8	19.0	0	1	0	1
126520041	shiqiang wei	20.43236646383	3.1530041857791025	22.0	20.2	1	0	0	1
19820366	baifei shen	3.17273755656	1.7086155306780266	13.0	11.8	0	1	0	1
19820366	hongmei wang	11.4936868686864	4.1863834586670245	22.2	10.0	0	1	0	1
19820366	xiong zhiqi	28.611428571426	7.073661438525991	21.2	4.6	1	0	0	1
19820366	chong kang	57.227817672540006	3.973108388211034	28.4	10.8	1	0	0	1
119454577	futian qu	38.0	1.1096159128228096	4.2	1.8	1	0	0	1
47720641	jianfeng zhou	9.856140350893998	3.8220948761703526	26.8	19.0	0	0	1	1
204983213	han jiecai	13.072083172906	1.5063016331247	29.6	32.4	0	1	0	1
20231570	dai lun	14.244444444460001	5.019190661215675	26.8	6.8	0	1	0	1
19820366	feng songlin	16.751484593834	1.063447479970972	10.2	13.2	1	0	0	1
19820366	xiao zhang	16.708860028862002	2.343779275137983	14.6	7.2	1	0	0	1
90610280	chen junwu	13.108333333320001	5.074356551725268	23.8	9.6	0	1	0	1
126520041	tian zhigang	49.0712087912	2.7062374858145954	15.6	10.2	1	0	0	1
19820366	li yuesheng	22.527704678360003	2.1984020388631182	26.6	15.2	1	0	0	1
83519826	gang hu	29.706613517199997	2.7757167920502748	26.8	12.6	1	0	0	1
19820366	haifeng zhang	11.606232492994002	1.6504603750302191	16.8	13.4	1	0	0	1
19820366	wang xianhong	18.47170163168	1.5965483463408705	17.2	8.4	1	0	0	1
19820366	dongxiao wang	19.628699813239997	1.5995013208380535	21.2	13.0	0	1	0	1
19820366	yang ye	15.810875820504	1.9737655440639776	26.6	24.2	0	0	1	1
19820366	chen yanjing	62.08	0.9489842843315959	5.4	2.0	1	0	0	1
157773358	xiaopei yan	1.273333333334	0.0347985347985348	2.0	4.0	1	0	0	1
157773358	hongbin wang	6.161904761905402	0.0	13.0	3.0	0	1	0	1
154099455	chunhong ma	2.6083333333334	0.0	26.0	4.6	0	1	0	1
19820366	jiawei zhou	15.833333333339999	3.185089977755507	16.0	2.6	1	0	0	1
19820366	yao zhujun	7.713333333326	1.1955700468887855	10.6	4.0	1	0	0	1
20231570	baoguo jiang	4.953968253966	0.9057336547299116	9.4	6.2	1	0	0	1
20231570	liu yuxin	3.3206349206360004	1.2075211946508286	8.2	13.0	1	0	0	1
126520041	haiyan liu	24.95	1.4336192790508646	12.2	3.8	1	0	0	1
19820366	cao xueqiang	17.71411027568	1.8699873028693719	29.8	16.0	0	1	0	1
47720641	huaichun zhou	7.8266666666666	1.609570784407668	17.0	5.6	0	0	1	1
19820366	geng yanhou	36.04444444446	2.8372360551496545	28.4	16.4	1	0	0	1
19820366	cao xinwu	12.94428571428	3.2374780549308717	13.2	4.8	1	0	0	1
19820366	xiaoping yang	27.683333333333998	1.8795435720681268	17.2	5.0	1	0	0	1
19820366	qu xiaogang	19.14714285714	1.5460617177820164	8.4	3.2	1	0	0	1
19820366	han yanchun	72.7979081134	1.5378066315397934	21.6	19.8	1	0	0	1
19820366	hong zhong	3.0482539682532	0.0	24.0	4.6	0	1	0	1
19820366	tang tao	17.299809138220002	1.5671552169300444	25.0	15.6	0	1	0	1
19820366	gao mingyuan	126.2795238096	2.3481324509296138	15.6	5.0	1	0	0	1
126520041	li tao	4.544047619049398	3.925178213699384	12.0	6.4	1	0	0	1
19820366	guo zhancheng	6.577142857142	1.0064546481114245	5.8	4.4	1	0	0	1
19820366	renbin zhan	8.687272727272001	1.3788543198962913	19.0	6.8	1	0	0	1
162868743	jiang zhongyi	22.1086807929	5.2858027921871145	55.6	41.2	0	0	1	1
19820366	aihui zhou	12.175238095232	0.8576709715309091	13.0	7.0	1	0	0	1
20231570	sodmergen	24.02	2.364291560960052	8.2	2.6	1	0	0	1
19820366	han jinlin	0.2	0.024031606575493854	1.0	0.6	1	0	0	1
19820366	yu zhiming	15.99333333334	0.5625624691228596	10.4	3.0	1	0	0	1
154099455	yuzhong zhang	12.113828677722001	3.4553655792210387	31.2	17.0	0	1	0	1
19820366	fuzhou gong	6.0	0.3894543191579541	5.2	0.6	1	0	0	1
20231570	furong xu	4.616666666666	0.9754397169716728	7.0	5.4	1	0	0	1
183067930	haiguang xu	4.060714285714	3.098524941730917	11.4	4.6	1	0	0	1
162868743	yingjin yuan	18.17499202552	1.7430418319291676	23.0	15.2	0	1	0	1
205237279	baohui li	14.983333333320001	3.1821825656191693	24.2	6.0	0	1	0	1
204983213	jun liang	2.7142857142860004	1.875922047844692	11.8	4.0	0	1	0	1
881766915	weiyi zhang	19.23	1.1326570642722218	9.2	3.6	1	0	0	1
99065089	dong xiang	6.986577540116	0.6523071536610087	11.4	13.4	1	0	0	1
204983213	feng jicai	8.377777777774002	0.9729110105988198	11.8	10.4	1	0	0	1
170215575	zhaowen zhuang	0.7047619047610001	0.0606861191640801	3.2	8.8	1	0	0	1
19820366	yapu zhao	36.1331868132	0.9584896007047276	17.4	10.2	1	0	0	1
52158045	dawei li	18.05333333334	2.249015588453413	8.8	3.4	1	0	0	1
99065089	jiang shengyao	2.426666666666	0.3458851203334133	4.4	2.8	1	0	0	1
99065089	lu wei	1.602857142858	0.0	13.0	6.2	1	0	0	1
19820366	chen liding	14.579553779529999	1.8703448192964385	34.0	13.8	0	1	0	1
19820366	jun lin	47.34482700272	1.43944213118596	27.0	16.2	1	0	0	1
19820366	liu yu	19.460289977814	1.4348676084012912	26.2	31.8	0	1	0	1
19820366	xinyu zhang	8.7433333333334	0.4461306239314132	4.6	4.4	1	0	0	1
76130692	jianxin liu	12.133506493503996	1.0175345617847045	12.2	14.4	1	0	0	1
19820366	jun wu	6.650394736848	2.3760785900853083	21.8	16.2	0	0	1	1
20231570	min shao	21.015108225107998	3.211698166718802	45.6	16.0	0	0	1	1
19820366	jiang wei	15.81505847954	2.6180297462060977	28.0	24.4	0	1	0	1
19820366	ping wang	12.101202915750001	3.64934919100406	47.8	48.6	0	0	1	1
19820366	chen wang	15.173377504849999	1.7027169003549054	24.8	27.8	0	0	1	1
76130692	xu yiming	29.433333333333998	1.590222799083809	18.2	2.6	1	0	0	1
177933477	weiping zhang	7.556410256416001	4.106437021890468	23.0	6.6	1	0	0	1
76130692	luo yingwu	13.413268398283998	4.482979427060741	28.8	7.4	0	1	0	1
19820366	lijun wan	32.31350039182	1.3896420417306317	23.4	30.0	1	0	0	1
19820366	gao jie	1.75	0.4455384615384617	3.6	3.4	1	0	0	1
19820366	he hongping	21.53219392374	1.6761084932902044	39.8	33.2	0	0	1	1
19820366	wang zhaohui	20.346412016666	5.645804466194465	34.8	27.4	0	0	1	1
177933477	cao guangwen	15.99367521367	3.252234585125373	28.2	19.6	0	1	0	1
157773358	dan xie	9.587174667431999	3.901366407634765	37.8	23.4	0	0	1	1
151075929	jiang jianxin	6.692857142858	1.6120362021835941	7.6	4.2	1	0	0	1
881766915	bin shi	21.386666666666	0.7323244850809326	10.4	5.4	1	0	0	1
19820366	lizhu wu	23.391888111900002	1.7178150151295448	15.2	10.2	1	0	0	1
99065089	baoding liu	62.29682539681999	0.7338479240032563	35.0	7.0	0	1	0	1
19820366	yan yonghong	2.6320596331632005	0.8248954500944418	13.8	29.8	0	0	1	1
19820366	zhonghe zhou	70.28555555556	2.26544871650816	19.8	6.8	1	0	0	1
9086337	bingshe xu	13.26666666666	0.4694022916823458	6.2	2.6	1	0	0	1
99065089	niu zhisheng	29.546031746020002	1.33881464318556	24.0	21.6	0	0	1	1
157773358	chen hao	2.4	0.6420314076360669	5.0	0.6	1	0	0	1
20231570	chen min	2.2890476190482003	0.0	24.0	7.4	0	0	1	1
20231570	yawen zhang	41.78214285714	6.314694726778535	45.2	6.2	0	0	1	1
24943067	changchun wang	42.84583333334	2.4070921954964546	34.0	12.0	0	1	0	1
19820366	chunru wang	32.63203463204	2.016249936412144	15.8	9.0	1	0	0	1
19820366	bai zhongzhi	55.8	0.8102597806025624	30.6	6.4	0	1	0	1
25254941	cheng ying	9.578205128198	1.3668949569010391	10.2	6.4	1	0	0	1
881766915	jing ma	22.684184981679998	3.374231992942692	30.2	20.8	0	1	0	1
24943067	jilie kong	47.79525210084	2.7354547928827397	35.2	13.6	0	1	0	1
881766915	li xuandong	10.29954545454	0.3817531545828064	9.2	7.0	1	0	0	1
19820366	gehui wang	11.075555555566002	3.590076051685432	22.8	7.0	1	0	0	1
19820366	jin zhi	3.4032080200520003	0.3973933971845897	13.4	14.6	1	0	0	1
19820366	sun xiaotao	4.133333333334	0.31615704215701484	3.6	1.4	1	0	0	1
19820366	ma yaoming	17.66023310023	2.264584269921317	23.0	11.0	0	1	0	1
191208505	lu xin	43.054126984140005	3.3809858017204117	23.2	7.2	0	1	0	1
116953780	guoqiang li	11.710434782607999	0.7313948400322408	9.4	7.8	1	0	0	1
25757504	jiachen wang	2.766666666666	0.18525198130461287	4.4	1.4	1	0	0	1
191208505	jianwei shuai	22.21666666666	2.1556760645399566	10.2	3.2	1	0	0	1
16609230	jiang jianhui	23.23089011558001	4.20366630999785	49.6	22.4	0	0	1	1
90610280	qian yu	11.65333333334	0.9084903520762826	8.2	7.2	1	0	0	1
90610280	li yuanyuan	3.7	0.4978299436349562	5.2	1.8	1	0	0	1
24943067	xia yongyao	72.17039329843999	4.995944964565296	54.0	19.4	0	0	1	1
19820366	yongsheng zhao	20.31116522366	7.094973028648073	27.4	14.0	1	0	0	1
139660479	chen xiaohong	1.8	0.08069864463074086	2.6	4.6	1	0	0	1
20231570	limin qi	80.26071428579998	2.6828615403240006	35.2	6.6	1	0	0	1
19820366	ning ye	2.87748917749	0.0	21.8	6.4	0	1	0	1
19820366	wang zifa	11.091089743584002	3.12407328250279	36.2	23.8	0	0	1	1
37461747	liu yi	7.911670823146801	3.597588302025823	42.8	27.8	0	0	1	1
19820366	chen zhongning	23.534945054959998	2.1171240996596667	28.2	13.4	0	1	0	1
58200834	xiangmin xu	36.66666666666	2.258571367704792	8.0	2.6	1	0	0	1
19820366	jirong sun	16.540178571433998	1.5256423735089617	21.8	13.8	0	1	0	1
126520041	guanwu wang	19.99333333334	0.9094017052367428	15.2	8.8	1	0	0	1
99065089	jiangtao wen	4.046969696972001	1.1746787826961882	16.8	9.8	0	1	0	1
194450716	geyu lu	22.4	2.076298190471456	9.6	7.2	1	0	0	1
19820366	qi tao	8.894364145652	2.3622211032985336	27.4	21.4	0	1	0	1
173759888	liu shaojun	7.12839937839	1.6056498695461756	13.2	9.6	1	0	0	1
19820366	qingshan zhu	3.2725589225580003	2.1451588981577374	24.0	16.4	0	1	0	1
99065089	meirong zhang	23.64	0.5813419280869774	18.4	3.6	1	0	0	1
19820366	maoyan zhu	13.20142857142	1.1011556847027264	21.6	5.6	0	1	0	1
19820366	kong ping	0.6	0.30163934426229505	4.0	0.2	1	0	0	1
126520041	he linghui	2.4	0.4614954039935394	6.4	0.8	1	0	0	1
19820366	guo yuewei	13.620150375948	0.6424993714693318	10.8	8.8	1	0	0	1
19820366	jiang zhao	5.292380952379999	2.2913681721528563	13.2	5.2	1	0	0	1
19820366	changhe zhou	4.2939682539699975	1.0941117668190932	10.0	13.6	1	0	0	1
183067930	jianguo li	10.87176470588	0.8660940113989491	7.8	11.0	1	0	0	1
19820366	bai haiyang	0.0	0.0	2.0	0.0	1	0	0	1
99065089	xiaoping zheng	4.651309193952	1.7060598243856568	14.8	37.2	0	0	1	1
191208505	bangqin huang	11.575	1.7511276330367802	17.2	7.4	0	1	0	1
19820366	cuihong yang	13.966666666660002	2.227490583174339	8.8	2.8	1	0	0	1
19820366	bao lan	58.05	7.420025053907866	12.2	2.4	1	0	0	1
126520041	fei qi	27.60597470874	3.249708608060266	30.2	17.2	0	1	0	1
99065089	chen zhiqiang	0.08627450980399999	0.0	15.0	13.4	0	0	1	1
99065089	tong zhou	6.233333333334	1.4991706502238136	8.4	4.8	1	0	0	1
191208505	haiping xia	19.3735064935	4.089082391987089	25.4	10.2	1	0	0	1
20231570	chen ke	0.2	0.19759036144578312	7.0	0.2	1	0	0	1
125839683	gengkai hu	19.53666666666	1.2549913901591476	12.0	6.6	1	0	0	1
99065089	liu yinghua	0.8580952380939999	1.371808080738082	14.0	9.4	0	1	0	1
157773358	fan zhong	2.65	0.6951298746221417	6.4	1.2	1	0	0	1
126520041	hou zhonghuai	4.225	2.168975344367518	21.0	7.8	0	1	0	1
163340411	ju ping	12.34545454546	1.3681770010867491	13.0	7.6	1	0	0	1
99065089	陈志强	0.0	0.0	1.0	0.8	0	1	0	1
126520041	han liang	2.38	1.6745320276583004	7.0	1.8	1	0	0	1
119454577	li xianchun	0.0	0.0	4.0	0.2	1	0	0	1
9916479	huang xi	0.6	0.0	1.8	0.6	1	0	0	1
191208505	吕鑫	1.0	0.0	4.4	0.2	1	0	0	1
52158045	ding yang	2.6027302620644	0.3298381219018487	5.4	16.2	1	0	0	1
205237279	bu wenjun	15.590000000006	1.858530561417124	8.4	5.4	1	0	0	1
19820366	jiang yueming	36.03434553776	1.5362036100347252	42.8	26.8	0	1	0	1
19820366	cheng zhukuan	54.58251082252	4.18409721861368	15.6	8.0	1	0	0	1
19820366	guangsheng zhou	20.738504273520004	1.9154038694220168	24.0	13.8	1	0	0	1
126520041	gong weimin	22.0	1.7222328178204789	7.0	1.0	1	0	0	1
19820366	gan zhang	17.444836847728	3.484392226159037	54.8	35.8	0	0	1	1
20231570	bin chen	7.825252525263998	3.018802099397618	43.0	10.4	0	0	1	1
19820366	cai zucong	39.7	1.6433368594194309	20.0	7.6	1	0	0	1
19820366	luo yongming	13.26633629528	0.9856990975406876	7.2	9.4	1	0	0	1
19820366	hao zhengping	33.308730158740005	2.7032439969130264	33.8	19.0	0	1	0	1
19820366	chen mingsheng	116.4	3.1983557518529	8.2	2.0	1	0	0	1
19820366	bai fengyan	20.90277777778	3.2351871320211294	16.4	4.6	1	0	0	1
76130692	pan yuanjiang	8.845773524723999	2.6622572166716467	31.0	18.4	0	0	1	1
76130692	min qiu	1.9339130434780003	0.0	21.0	13.4	0	1	0	1
19820366	wenjiao xiao	82.49254658378	2.4749660056938683	38.2	15.0	0	1	0	1
19820366	han xiufeng	6.147769423560001	1.0570640323356026	11.8	17.4	0	1	0	1
881766915	huang yongfeng	2.7	0.3752491172830616	5.0	2.2	1	0	0	1
90610280	shuizhu wu	33.457222222220004	4.344750790772686	29.4	9.8	0	1	0	1
177933477	sun yinghao	9.3	1.0724283026393366	9.0	1.8	1	0	0	1
19820366	guoyi zhou	22.33640522876	1.9918018960124264	28.8	13.0	0	1	0	1
19820366	fengchang wu	27.56607142858	1.4921728232408176	19.0	11.8	1	0	0	1
75390827	biaohua chen	12.181904761919998	1.5467030648067503	14.8	12.2	0	1	0	1
205237279	deling kong	33.769246031739996	2.8185156120204047	20.0	13.2	1	0	0	1
20231570	gu ying	0.2589743589742	0.0	11.0	4.0	0	1	0	1
19820366	hong yiguang	56.09884364002001	1.14729485593239	15.0	12.0	1	0	0	1
19820366	chen xueyuan	19.03506493506	6.159672869278299	37.4	11.6	0	1	0	1
19820366	sun weidong	31.98103896104	2.2462611008833493	14.0	10.0	1	0	0	1
20231570	lingdong sun	13.126372079926	0.0	64.0	9.8	0	0	1	1
19820366	chen xuesi	52.8937728938	2.1945285239337373	49.4	37.8	1	0	0	1
19820366	fuyuan wu	121.74523809526	2.0075564993858706	33.4	15.4	1	0	0	1
19820366	jimin sun	73.08333333334002	2.379153717365205	22.2	3.8	1	0	0	1
87445476	bai bofeng	1.913371040724	0.0	15.0	11.8	0	1	0	1
21193070	wang yongsheng	9.579217958148	1.4166464144815325	20.0	36.8	0	1	0	1
19820366	feng yuan	21.3257142857	3.580695090237896	17.6	9.2	1	0	0	1
19820366	lin zhang	17.838433304362	3.6717777933925255	35.6	24.6	0	0	1	1
99065089	jianmin wang	6.162240196072	1.6248658937133702	23.4	24.8	0	0	1	1
90610280	sun zhendong	3.3777777777799995	0.8040093054949518	11.6	5.4	0	1	0	1
19820366	houyuan lu	52.5	2.4125964764364816	18.6	3.0	1	0	0	1
66867065	ruiliang zhu	14.31523809524	1.4893237033058253	9.8	5.6	1	0	0	1
19820366	fengqi liu	3.438888888888	0.8604503639372535	11.6	6.0	0	1	0	1
19820366	chen yongming	20.57636363635	2.4371488309054503	27.6	9.6	1	0	0	1
194450716	lu zhongyuan	13.081010101020002	3.6148025673916413	20.4	12.8	0	1	0	1
21945476	hexing li	33.349137931040005	3.8965472781491775	48.4	22.0	0	0	1	1
19820366	gexia qiao	5.287179487177999	2.037186583038395	12.2	12.2	0	1	0	1
19820366	ji shen	21.85094017094	1.571566039824482	23.6	13.0	0	1	0	1
19820366	xiaohong zhou	3.125	0.44496008824065214	5.8	5.6	0	1	0	1
19820366	li xinqi	8.853333333334	1.3160598920805957	11.4	4.8	1	0	0	1
19820366	chen ping	10.5749805749834	2.780831770957524	27.4	27.2	0	1	0	1
19820366	dongfeng xue	21.355491331348	3.471842608238224	23.6	20.8	1	0	0	1
37461747	dihua wang	5.979548872173999	3.9307222612589596	26.8	11.2	0	1	0	1
19820366	dongge ma	40.62632060922	1.8040324163768664	28.6	30.6	1	0	0	1
19820366	wang xinming	18.126098901104	2.792729338089236	41.4	20.4	0	0	1	1
19820366	shu wang	37.33330227742	4.549123337534697	41.8	23.2	0	1	0	1
20231570	li zichen	11.383690476192	4.503013451213012	33.0	9.2	0	1	0	1
19820366	qihua wang	13.152597402602005	1.9675894251271089	31.4	27.2	0	1	0	1
19820366	qingbai wu	28.135164835159998	1.399784374696996	16.8	6.8	1	0	0	1
19820366	hongwei zhao	5.602380952386	0.6967833737268408	4.6	6.0	1	0	0	1
19820366	lide tian	13.09738095238	2.519862028670377	23.4	7.2	0	1	0	1
191208505	hong zhao	2.366666666666	0.6851737874490766	7.6	2.2	1	0	0	1
19820366	hushan xu	4.753030303028	0.8509085298863612	13.2	10.2	0	1	0	1
19820366	liang xinmiao	8.2	1.1381416504223525	2.8	0.4	1	0	0	1
16609230	xiaobing zhang	15.788308702792001	4.696677378230566	45.0	21.2	0	1	0	1
126520041	shao xueguang	13.06907114624	0.8795064438224024	25.4	8.4	0	1	0	1
19820366	dai yuhong	10.596666666666	1.4417697735136508	24.6	6.6	1	0	0	1
19820366	huimin ma	28.355490196079998	2.373377204217133	17.6	8.2	0	1	0	1
19820366	feimin huang	12.202380952372	1.0324153628303752	10.2	4.6	1	0	0	1
19820366	hu weiwu	4.965384615384	0.18282254763029449	9.0	6.4	1	0	0	1
19820366	wu yirong	6.498111888107999	1.0162194944785667	9.4	14.8	1	0	0	1
19820366	ding lin	55.09444444446001	2.2811238814417667	31.4	10.2	0	1	0	1
19820366	su weiping	35.90335664336	2.8620412332271554	28.4	12.0	1	0	0	1
19820366	weng yuxiang	4.271428571427999	2.5359174584364186	16.4	4.2	0	1	0	1
19820366	changyin zhao	2.3642857142858	1.073592264324717	4.6	5.8	1	0	0	1
19820366	zhang zhefeng	8.060714285714	0.9748398917255364	11.0	6.2	1	0	0	1
19820366	pengfei yao	6.4	0.4576703149728386	7.2	1.8	1	0	0	1
76569877	aiguo song	1.9975314540528	1.2055090337024752	23.0	18.8	0	0	1	1
19820366	xunlai yuan	91.05555555554001	3.77483897095736	22.0	4.6	1	0	0	1
19820366	cao juncheng	1.9133333333334	0.24588232369330398	3.2	2.8	1	0	0	1
19820366	dejin wu	0.8	0.1078234984804328	2.0	0.8	1	0	0	1
19820366	jiping liu	7.7799999999999985	1.3748322300712759	11.0	2.4	1	0	0	1
126520041	qun wang	8.57	2.0050374853387267	11.6	5.2	0	1	0	1
183067930	hu weisheng	3.4254061041940007	1.2651002894829102	19.2	37.6	0	0	1	1
881766915	xiuqun yang	8.95	0.3060061570359097	5.4	1.6	1	0	0	1
24943067	chen daofeng	11.155238095232	1.92182512283583	20.8	5.8	0	1	0	1
99065089	jie zhou	10.730250237569999	3.0698795277226054	29.2	19.6	0	0	1	1
99065089	yonggang zhao	1.5	0.17995386173928818	1.2	0.8	1	0	0	1
157773358	lixin yan	16.366666666660002	0.9831000253573456	12.6	3.0	1	0	0	1
87445476	jia shenli	1.7174763083748001	1.2340907800398424	16.0	24.8	0	0	1	1
20231570	chunsheng zhou	38.5	0.7880341880341881	10.0	0.6	1	0	0	1
37461747	guoping wang	12.4	1.6068126459878112	5.4	1.8	1	0	0	1
183067930	fu yuxi	6.675	0.5369092709911714	10.0	5.2	1	0	0	1
87445476	changqing chen	3.5333333333400008	0.1589161939293902	3.2	1.0	1	0	0	1
99065089	duan yuanyuan	12.273333333326	0.9650588547691809	11.2	6.4	1	0	0	1
99065089	chunxiao xu	4.1	0.9121610109346548	8.4	4.4	1	0	0	1
20231570	li tiejun	20.133333333334	3.6231929861765098	13.4	3.8	1	0	0	1
19820366	wang yonghong	38.682222222220005	8.019662396673883	25.8	4.6	1	0	0	1
19820366	feng qi	54.0653250774	3.398828841849176	28.2	14.8	0	1	0	1
162868743	liu wenguang	11.620833333334	4.404807799206145	32.8	10.2	0	1	0	1
19820366	min yang	27.55782531192	1.7791224219879236	31.0	28.8	1	0	0	1
19820366	xiaoyuan yan	3.725	0.0	30.8	6.8	0	0	1	1
19820366	shougang zhang	1.2342857142859998	1.3294067051595968	4.0	11.2	1	0	0	1
19820366	linxiu zhang	33.83333333334	0.5563007652778064	16.0	2.8	1	0	0	1
19820366	qi zhou	17.247443609016	2.988953731136436	17.6	20.0	0	1	0	1
47720641	xiaolin xie	18.08	2.0482435923395634	22.8	12.0	1	0	0	1
76130692	lixin zhang	2.6047619047620003	0.7674087759672075	15.8	5.6	0	1	0	1
19820366	liu shuangjiang	15.363296703308	2.4276181621388337	31.2	12.2	0	1	0	1
76130692	fang qun	18.74285714286	3.609849147225209	20.0	7.2	1	0	0	1
177933477	qian qijun	2.911111111112	1.921561685067195	12.8	8.4	1	0	0	1
19820366	niu zhichuan	3.532617573994	0.8932507954861211	13.2	14.4	0	1	0	1
59028903	liu sumei	15.959765234762001	2.2448605634528103	24.2	8.2	0	1	0	1
19820366	hongbo li	10.996327985734	2.7034766497467784	18.2	10.4	0	1	0	1
76130692	tianhua zhou	25.15	5.979449902251284	16.2	3.0	1	0	0	1
19820366	baonian wan	3.739615384616	0.4658128115579016	11.0	7.6	0	0	1	1
19820366	dai ning	6.103636363635999	1.3850013336428186	8.2	8.6	1	0	0	1
19820366	jinbao song	1.08	0.3665501615070207	6.0	6.4	1	0	0	1
99065089	chongqing kang	5.105807763659	3.0518222635545555	19.0	27.4	0	1	0	1
183067930	nan shen	25.973809523806004	5.184136878799588	23.4	11.2	1	0	0	1
881766915	chen guihai	10.379198635976	0.7200311001387177	23.0	19.4	0	1	0	1
76214153	an lizhe	22.91782051282	1.958265180519844	28.0	13.0	1	0	0	1
19820366	yang zhenzhong	38.65	2.1146698318818	14.8	9.0	1	0	0	1
881766915	kong lingdong	21.43333333334	2.3943512826792426	28.0	7.2	0	1	0	1
19820366	shouke yan	27.008333333320003	2.1435569848200817	14.6	5.4	1	0	0	1
19820366	wenqing zhang	37.46083333332599	3.0072875524270994	19.8	14.6	1	0	0	1
19820366	guo huishan	51.4238095238	4.066863137235561	10.6	3.6	1	0	0	1
19820366	hu lihong	8.562941176464	1.6813596898592242	24.0	18.2	0	1	0	1
19820366	he jizheng	24.48555555556	2.794382464448072	36.0	14.2	0	1	0	1
19820366	huiru tang	36.65528074866	3.5758835178984762	33.2	12.4	0	1	0	1
99065089	chu fulei	17.120851370832	0.8889229075448206	19.4	16.0	0	1	0	1
881766915	wan xiangang	1.6766666666660002	0.0	21.0	10.8	0	1	0	1
27357992	kang zhan	7.165714285714	0.0	24.0	4.0	0	1	0	1
183067930	guo minyi	10.047519509476	0.8321076981003535	17.6	25.8	0	1	0	1
76569877	chunxiang xu	23.094444444439997	1.508092508014468	13.2	6.2	1	0	0	1
19820366	li yutong	5.078039215687999	1.4405364968974226	15.0	11.6	0	1	0	1
65081225	wang yanxin	23.272987013	0.9656299817039632	18.4	15.2	1	0	0	1
21193070	feng teng	8.826060606046	2.9794731434464143	21.6	15.6	0	0	1	1
19820366	liu wuming	12.826865079364	1.0694752334573745	17.8	12.8	1	0	0	1
4610292	yichun zhou	7.42086580087	0.9110094987052048	10.2	10.6	1	0	0	1
19820366	xiaoguang yang	5.211111111111999	0.7114306826658524	6.0	5.8	1	0	0	1
25254941	xiangdong zhang	5.5977777777799975	1.6750391942537892	17.8	7.4	0	1	0	1
158842170	yongxing zhang	1.3533333333334	0.5148547968863352	4.4	6.8	1	0	0	1
24943067	dalin sun	30.167121212119998	3.8876599749839933	23.0	9.6	1	0	0	1
36399199	che wenquan	4.1215035382762	1.3506650736763697	20.8	41.8	0	0	1	1
19820366	feng xinbin	35.01559897828	2.9433234921319733	45.0	26.0	0	0	1	1
19820366	chen xinwen	14.11444444444	2.169788292407226	16.0	5.2	1	0	0	1
19820366	dujin wang	12.423401136879999	3.1103643603902205	29.4	19.8	0	0	1	1
126520041	qinghua shi	28.76142857142	3.1827436984605386	12.8	6.4	1	0	0	1
19820366	rong zeng	49.36238095238	3.8162721418788665	30.2	12.0	1	0	0	1
881766915	liu zhen	2.304410256412	0.0	30.0	23.4	0	0	1	1
19820366	du jiulin	15.614285714282	6.206190218536503	16.8	5.2	1	0	0	1
37461747	mengxiang sun	30.71	2.2645902144428507	7.6	3.4	1	0	0	1
19820366	li xinxin	10.931115712	2.002027244455049	22.4	22.4	0	1	0	1
191208505	dongliang peng	16.748809523800002	1.7407209936277863	17.4	14.2	1	0	0	1
189210763	hongbin zhang	13.769789915955998	2.1978618821624294	21.8	17.4	0	1	0	1
19820366	cunde xiao	1.1583333333333998	0.0	17.0	4.4	0	1	0	1
20231570	hongyan liu	3.4447660098520005	2.8972944192422565	20.0	12.8	0	1	0	1
19820366	hou shugui	19.432142857146	2.509454944141872	18.2	5.0	1	0	0	1
19820366	shangui zhou	0.2	0.0	3.0	0.6	1	0	0	1
19820366	chang kai	14.678968253963998	1.8204445085220964	16.4	8.6	1	0	0	1
19820366	meng qingbo	45.289122807	2.7433539640346973	29.6	13.0	0	1	0	1
37796252	baocai yin	4.825112781954	0.7566319375490667	12.4	16.8	0	1	0	1
19820366	liye xiao	6.933506493505999	0.9123004107019376	9.2	9.6	1	0	0	1
19820366	liu qingquan	3.08	0.502305249547494	7.2	2.8	1	0	0	1
19820366	lu riyu	22.66666666666	2.2064360864209505	14.4	3.2	1	0	0	1
19820366	yonggui zhou	0.0	0.0	6.0	0.2	1	0	0	1
19820366	lijun wu	11.425946275962	0.9929541833300596	9.4	6.8	1	0	0	1
19820366	shen shuzhong	17.54809523808	0.8065072688014421	14.8	7.8	1	0	0	1
19820366	laigeng li	14.716666666660002	2.46068570598241	10.0	1.6	1	0	0	1
19820366	cai xinxia	3.781746031746	2.5328515562574503	10.8	11.4	0	1	0	1
27357992	jianfeng zhang	0.0	0.0	7.0	0.0	1	0	0	1
19820366	dai yucheng	46.039682539750004	1.035882941032779	7.2	5.6	1	0	0	1
19820366	fenghua li	15.191414141420003	3.1418972315488736	28.6	15.8	1	0	0	1
19820366	he shunping	23.19194139194	1.233579340069633	10.8	7.0	1	0	0	1
126520041	dou xiankang	8.119090909083999	2.831711351720231	13.2	12.0	1	0	0	1
19820366	wang xiaoquan	26.63333333334	1.5928392367032118	14.0	2.4	1	0	0	1
19820366	huayun xiao	1.026666666666	0.0	12.0	4.2	0	1	0	1
19820366	fu liyun	2.365476190476	0.7571362084678059	10.0	6.0	1	0	0	1
99065089	xiaobo zhao	7.92	0.4386405452600792	8.8	1.6	1	0	0	1
126520041	jian zheng	6.296190476188	1.403727468359051	8.4	5.6	1	0	0	1
19820366	luo yuejia	15.6	2.1423128157333733	6.8	2.4	1	0	0	1
99065089	dinghui yang	9.770238095232001	1.057132174937004	13.2	5.6	1	0	0	1
19820366	bing zhu	2.0	0.0	7.0	1.0	1	0	0	1
17145004	hejun li	25.029999999999994	1.1386757786944377	20.0	18.2	1	0	0	1
65081225	jinnan tong	23.278787878800006	1.3146394222630673	15.2	5.8	1	0	0	1
19820366	weishen yang	2.6	0.6724896019013665	3.2	0.4	1	0	0	1
3923682	feng yan	5.079532163752001	0.0	34.6	8.4	0	0	1	1
19820366	bingsong zou	0.0	0.0	0.0	0.0	1	0	0	1
881766915	sheng zhong	1.846666666666	0.0	9.8	7.8	1	0	0	1
24943067	shiming zhou	4.3333333333334	0.9486266972107874	0.8	1.0	1	0	0	1
205237279	bai chengming	0.0	0.0	2.0	0.2	1	0	0	1
52158045	liu zhiyong	28.9	1.3180345001474034	10.4	1.2	1	0	0	1
52158045	qiao shiyan	21.18333333334	1.7775692733403154	15.8	7.0	1	0	0	1
52158045	ni zhongfu	23.121428571413997	3.0637714712574082	27.0	8.6	0	1	0	1
52158045	cui sheng	0.0	0.0	3.0	0.0	1	0	0	1
19820366	liu qingsong	19.709765355422	3.3104161383069917	29.2	17.6	1	0	0	1
19820366	chengcai chu	49.35214285714001	4.8887046225742	29.8	9.6	1	0	0	1
19820366	chuanyou li	57.9	3.122659490237884	12.0	3.4	1	0	0	1
19820366	wang xiangdong	11.3333333333334	0.7841669441669441	13.2	6.0	1	0	0	1
19820366	dai xi	28.667909933193997	3.7782114117374777	34.6	26.4	0	0	1	1
19820366	suojiang zhang	28.4560778046	1.6798109757818809	28.8	25.0	1	0	0	1
19820366	wang yun	3.4132142857142003	0.0	23.8	12.4	0	0	1	1
19820366	yihua zhou	13.7	5.205700725980911	20.4	3.0	1	0	0	1
19820366	wang yuesi	21.659228070180003	1.9481844778746595	30.4	23.4	0	1	0	1
19820366	fu xiangdong	79.3	4.758366130946311	9.0	2.8	1	0	0	1
19820366	hailin wang	19.79571428572	4.6876083612477055	26.0	14.0	0	1	0	1
119454577	wenhua zhang	58.733333333340006	3.762918207373565	12.4	1.6	1	0	0	1
52158045	yaofeng zhao	5.7	0.9062959029244334	2.6	1.0	1	0	0	1
19820366	pan yongxin	33.005714285699995	2.267053065527142	25.8	8.4	0	1	0	1
19820366	chen fan	12.2923809523802	4.588948418462149	25.6	4.0	0	1	0	1
19820366	feng zhou	15.649899682720001	4.155470983403147	51.8	37.8	0	0	1	1
19820366	liu ming	15.232670895004	1.9706076561035009	31.2	62.4	0	0	1	1
19820366	hua xiang	18.81428571428	3.7307333098854265	17.2	5.4	1	0	0	1
157773358	deng shaozhi	16.905238095234	2.222578866516607	28.8	13.4	0	1	0	1
19820366	dali guo	14.822727272726002	3.7128520954865607	14.2	7.0	1	0	0	1
19820366	hu youhong	5.0500000000080005	2.9171593235240136	17.0	8.2	0	1	0	1
76130692	xudong ye	5.1	0.6988013502648632	13.6	1.6	1	0	0	1
12411659	gao xiumei	9.284715778468	2.3185150726648667	24.2	24.4	0	1	0	1
83519826	jiahao sha	22.175	2.1927876707683915	15.2	11.8	1	0	0	1
19820366	changsheng xu	9.67320261438	2.220802771619353	33.4	23.6	0	0	1	1
40963666	changjiang zhu	14.01547619048	0.9610701459465376	16.4	6.2	1	0	0	1
19820366	chen duofu	17.35833333332	1.663832001083931	12.8	5.2	1	0	0	1
19820366	cai ronggen	51.788922841879995	2.585839451008908	29.6	12.8	1	0	0	1
19820366	liu xiaolong	13.62	2.9759329082554538	17.0	7.0	1	0	0	1
19820366	liu yun	4.6147058823514016	2.7729434149529046	27.0	15.6	0	0	1	1
19820366	li zhanting	19.97777777776	1.4761019023053972	16.6	7.0	1	0	0	1
19820366	pingheng tan	37.978937728942	5.988509368885603	26.4	15.6	1	0	0	1
141649914	chen yiwang	4.857727272728	0.0	31.8	25.0	0	0	1	1
19820366	xu zhiheng	27.16095238094	3.2233451620640987	14.4	4.4	1	0	0	1
19820366	chen shu	1.3810256410253998	0.0	18.0	8.2	0	0	1	1
19820366	li niu	14.726814814826	5.205113750070388	48.8	20.0	0	0	1	1
20231570	liping wei	47.275	7.1470464446297575	22.4	5.0	0	1	0	1
19820366	shi wensheng	13.01682539684	3.581159956730552	24.0	6.2	1	0	0	1
24943067	feng qiu	22.14583333334	2.985060916962525	22.0	10.4	1	0	0	1
65081225	zhang zhaochong	14.14582972582	2.314522188196352	23.0	14.4	0	1	0	1
19820366	haijun zhou	4.465686274510398	2.3892415761860164	15.0	12.2	0	1	0	1
19820366	hongbin ji	12.762424242423403	4.771708207370763	31.0	9.0	0	1	0	1
19820366	guowen meng	22.978181818179998	2.5043430023710256	25.2	7.8	0	1	0	1
37461747	feng yuqi	30.492559523800004	2.5380889883086306	39.4	23.8	0	0	1	1
19820366	liu zhimin	12.42808092357	3.472312432256055	46.6	23.4	0	0	1	1
37461747	lu xin	12.242424242434002	1.5732151477547094	8.2	5.2	1	0	0	1
19820366	chunyang li	38.383116883119996	2.0833295686821	27.8	8.6	1	0	0	1
99065089	wang xiaofeng	6.984999999999999	4.085481705454827	19.6	4.6	1	0	0	1
24185976	jingsong you	25.210076268239998	3.4754665539133027	41.8	27.2	0	1	0	1
19820366	chungu xia	21.488667434720007	1.7509917348019848	35.8	31.8	0	0	1	1
19820366	dongsheng wang	10.347986049762	2.5324464982450605	33.2	21.4	0	0	1	1
157773358	mao zongwan	22.72943722946	2.6440681681750817	20.0	10.2	1	0	0	1
19820366	ninghua tan	10.078030303024	1.1318269640177845	14.8	13.6	1	0	0	1
191208505	chen min	7.095555555560001	2.407215631801096	15.8	9.2	0	1	0	1
76214153	she xuegong	6.765984848484	2.9387248559449177	20.8	12.8	0	1	0	1
37461747	huang shuangquan	14.979999999994002	3.084234805015406	14.0	3.8	1	0	0	1
139660479	huaming yang	13.350833333334	3.428156812417838	30.2	19.8	0	1	0	1
183067930	hu wenbin	12.165909090894	3.0002529591306506	26.2	8.0	0	1	0	1
16609230	he yigang	2.868074534162	0.5975375128408084	14.0	10.4	0	1	0	1
4610292	huang yunqing	11.285	1.0876463849539657	13.4	6.6	1	0	0	1
19820366	shuli you	26.429597069619998	3.435358810977694	53.2	36.0	0	0	1	1
19820366	gangjian wei	26.307272727199397	2.2071347752135133	28.8	9.8	1	0	0	1
19820366	wang yilin	14.73904483431	3.512543061176167	36.0	20.6	0	1	0	1
19820366	gan zhihua	11.200000000006002	2.6947845986179635	20.0	4.6	1	0	0	1
19820366	linsheng song	18.031028693520003	2.779168085418104	37.2	19.8	0	1	0	1
19820366	ge wei	7.001372701366	2.38818652278787	29.0	14.4	0	0	1	1
19820366	ercang luo	8.620000000000001	0.8817054336066186	13.4	2.8	1	0	0	1
19820366	cheng jiangong	4.201666666667999	3.1816535525596548	16.0	4.6	1	0	0	1
19820366	wang xiaolin	32.190476190482	2.8843849155694836	25.8	5.8	1	0	0	1
19820366	gong jiming	18.116666666660002	4.236241070998952	12.0	2.0	1	0	0	1
126520041	zhao zifu	29.465	3.2414858662078934	42.0	5.8	0	1	0	1
37461747	deyin guo	11.685714285713999	3.1756826944602348	18.6	5.0	1	0	0	1
65081225	jianwei li	7.966336996326	2.4320317226293726	24.6	10.6	1	0	0	1
19820366	chen yonghai	6.598336304209999	1.301033400775917	11.0	12.8	1	0	0	1
19820366	libo liu	20.017272727276	2.196068694041597	30.4	21.6	0	1	0	1
19820366	jifeng xu	110.02	2.10638896753333	20.8	2.6	1	0	0	1
19820366	deng hongyu	1.55	2.0723490245710816	16.0	1.8	1	0	0	1
19820366	xiaolin xiong	8.946666666674002	1.2796442311899086	20.6	2.6	0	1	0	1
19820366	ai yinshuang	9.9	2.3999320797980155	9.8	1.0	1	0	0	1
36399199	yonghao zhao	5.962626262625999	2.4331026232368527	7.0	6.4	1	0	0	1
19820366	宋林生	0.0	0.0	0.0	0.0	1	0	0	1
881766915	jin zhu	3.56	0.0	15.4	7.0	0	1	0	1
19820366	li weixue	0.8	1.3738925141042675	3.2	0.4	1	0	0	1
126520041	ning xu	5.4	3.43934685791268	8.8	4.8	1	0	0	1
24943067	peiyi wu	22.22192982458	1.6946030714248297	17.0	9.8	1	0	0	1
183067930	fan tongxiang	3.758639021804	0.0	32.0	8.2	0	0	1	1
19820366	ceshi chen	0.0	0.0	1.0	0.0	1	0	0	1
20231570	gan shaobo	1.6	0.3188573789215329	10.0	1.0	1	0	0	1
99065089	wenming zou	10.410256410248	0.9476635510252542	19.8	7.4	1	0	0	1
76569877	baowen xu	7.065994234602004	0.15253900471100068	18.6	20.8	0	1	0	1
205237279	sun wenchang	1.1333333333334	0.0	14.0	1.2	0	1	0	1
28813325	renbiao wu	27.477368421052	0.4170123880435633	11.8	11.0	1	0	0	1
194450716	chen qijun	28.640952380940004	3.550445101275377	19.6	4.2	1	0	0	1
52158045	jianbo shen	44.161904761920006	3.3832907763538587	21.0	8.2	1	0	0	1
19820366	changzhi gu	18.755047233470002	2.71199098763536	27.6	20.2	0	0	1	1
19820366	fei wang	17.282460188892	3.0570228948982865	36.6	52.8	0	0	1	1
27357992	qing yang	1.5527125506081998	0.0	18.0	9.2	0	0	1	1
40963666	guangfu yang	11.617591036417997	2.1624722684358586	27.6	17.6	0	0	1	1
76130692	lin qiang	4.24	1.088002552214385	21.0	3.8	0	1	0	1
76130692	bo feng	11.84	3.755594891978082	22.8	7.0	0	1	0	1
19820366	fuqiang huang	27.728569670248	5.029700569612283	45.0	33.4	0	0	1	1
76130692	gongyin ye	6.65	1.922414724617776	18.8	3.2	1	0	0	1
76130692	wang yizhen	8.266363636364	2.0072885013007804	15.4	13.2	1	0	0	1
116953780	jianzhuang xiao	3.4580741360086003	1.3941333790655142	21.8	15.8	0	1	0	1
99065089	liu min	11.495691367456	2.1320218450403843	19.0	11.6	1	0	0	1
19820366	chen dahua	28.76666666668	9.177345006843623	12.8	3.2	1	0	0	1
19820366	hui lijian	15.321269841268	6.668954600128293	19.6	6.2	1	0	0	1
139660479	chunhua yang	4.90512218045	1.1812301230477191	13.4	22.4	0	0	1	1
19820366	changchun song	6.5896605149220004	2.7047150274534344	20.0	12.0	0	1	0	1
19820366	haibin yu	8.039267676760002	0.9092967654889808	11.4	9.4	0	1	0	1
24943067	yuan zhenghong	30.280714285720002	2.3332855329109985	18.0	7.4	1	0	0	1
19820366	zhang zhitao	1.1809523809524	0.8869873726012247	12.0	2.8	1	0	0	1
90610280	huanfeng jiang	16.54933477974	1.362057767871979	26.6	48.2	1	0	0	1
126520041	qunke xia	9.59047619048	3.069895391391152	16.0	3.4	1	0	0	1
99065089	junhai yong	9.589285714286	0.9996134467220286	15.6	11.2	1	0	0	1
19820366	ma xucun	27.055158419174	4.156594450379574	35.6	27.0	0	1	0	1
19820366	jiajia liu	6.093333333334	3.4236589767304086	8.8	2.4	1	0	0	1
19820366	huang yongping	18.68999999998	3.4210208783099696	21.2	7.0	0	1	0	1
204553293	chunming xu	20.336234063400003	1.3182387679108678	24.8	23.0	1	0	0	1
19820366	genxu wang	12.420000000006	2.0483881619067974	18.6	6.2	0	1	0	1
19820366	jiuhong kang	78.53333333340001	7.191517432447651	7.6	1.4	1	0	0	1
191208505	qiao wu	25.6	1.8908242197919445	8.4	0.8	1	0	0	1
20231570	meng zhiyong	1.3050000000000002	0.0	8.0	3.0	1	0	0	1
19820366	xiangping zhang	5.9937894736800015	0.0	30.8	14.6	0	0	1	1
80947539	wang xinchen	24.5730218855234	0.0	63.2	16.4	0	0	1	1
19820366	ma yanwei	19.659006919	2.6313601512518483	30.8	26.4	0	0	1	1
19820366	gongli tang	32.916666666679994	2.548062517978241	8.2	2.6	1	0	0	1
24943067	huang zhili	46.58666666666	4.395742183645625	11.0	2.8	1	0	0	1
191208505	liu xingjun	9.634920634918	0.9708703583075956	6.4	9.0	1	0	0	1
143593769	jiaping lin	14.68813492064	3.2291972944118954	24.8	11.0	0	1	0	1
24185976	weinian zhang	8.177686202682	1.193617917029373	18.0	9.6	0	1	0	1
99065089	yinping zhang	32.72861111112	2.118493599041856	35.4	11.0	0	1	0	1
183067930	xinyuan zhu	32.775652504380005	5.086856029604951	39.2	22.4	0	1	0	1
19820366	wang yanling	21.436363636360003	3.4432073015444447	20.4	6.4	1	0	0	1
881766915	daiqian xie	15.953324808179998	2.2900936789815045	25.0	16.4	0	1	0	1
39333907	li xiaoli	7.792424242424	1.6030107194953047	21.6	6.0	0	1	0	1
19820366	liu xiaojun	4.7570664629440005	1.6561881605693003	11.0	11.0	1	0	0	1
19820366	jiang liu	1.881212121212	0.0	14.8	8.2	0	1	0	1
19820366	qiwei zhai	38.964444444440005	4.5187819347721385	18.8	5.6	1	0	0	1
19820366	luo xiangang	20.67107692308	1.6973241166712292	27.4	20.0	0	1	0	1
36399199	jian yang	11.813176033168002	2.3294975254509724	35.0	31.4	0	1	0	1
149594827	yang yintang	3.2146258503400005	0.593325268600901	10.0	43.6	0	1	0	1
19820366	an taicheng	3.958333333332	0.0	37.0	16.2	0	0	1	1
157773358	he mingguang	7.42996622763	3.0434902415755296	33.6	35.6	0	0	1	1
19820366	bixian mai	53.216270504840004	2.4426544167700563	44.2	19.4	0	1	0	1
19820366	ke lan	1.89	0.0	20.0	4.6	0	1	0	1
19820366	luo xiaodong	3.892936507938	1.9207592892123824	23.0	11.0	0	0	1	1
19820366	kang shichang	11.0049018723264	2.9482324351397446	42.8	40.6	0	0	1	1
20231570	shuguang song	29.33888888888	2.377580273235348	27.6	7.8	1	0	0	1
126520041	chen enhong	5.495603407699598	1.6729342706568209	26.6	30.2	0	0	1	1
126520041	deng zhaoxiang	9.1	0.0	25.8	3.6	0	1	0	1
19820366	degang zhao	5.091428571428	1.2611827540164946	13.0	11.2	0	1	0	1
183067930	li shaoyuan	8.566892748815999	1.3925166875269337	24.2	23.6	0	0	1	1
157773358	guo xianping	5.405454545454	1.0569482861100141	15.6	6.4	0	1	0	1
19820366	baiqing xu	25.347582972576	3.000329958814869	22.8	10.6	0	1	0	1
19820366	gang huang	4.367001114836	0.0	24.8	16.2	0	1	0	1
19820366	long yaqiu	4.997142857148	2.0519802125544944	18.0	4.6	0	1	0	1
19820366	canzhong lu	20.4780814215	1.5216320547946265	26.6	16.6	0	1	0	1
19820366	jiang tao	13.827355889720002	3.4384350296687147	42.4	18.2	0	0	1	1
19820366	chonglin yang	6.3	4.9392302977747455	8.8	1.4	1	0	0	1
19820366	guohua zou	19.2	1.080839582218295	8.8	4.4	1	0	0	1
126520041	kong xu	6.629170829174001	4.299170342010386	21.0	10.4	0	1	0	1
19820366	guo jiandong	4.811904761906	4.365204860991402	11.2	10.2	1	0	0	1
19820366	hongwei xue	58.60666666659999	4.462684397962193	13.6	4.8	1	0	0	1
19820366	chang chen	21.14	3.998518417924065	19.0	6.0	1	0	0	1
19820366	shaojie wang	5.75	1.0217910677825688	5.4	1.6	1	0	0	1
19820366	fan hongrui	14.93	0.8735134758594892	13.8	3.2	1	0	0	1
19820366	hongmei su	2.35	0.0	12.0	2.4	1	0	0	1
19820366	chun hu	13.443636363640001	3.6719003890067854	38.0	8.8	0	1	0	1
19820366	ge maofa	18.992780027014	2.5782446579519385	21.0	16.8	0	0	1	1
20231570	renxin xu	2.4666666666659998	1.3098775055830398	6.0	3.2	1	0	0	1
19820366	chunming wu	12.042857142858	3.6146564574728117	13.0	4.6	1	0	0	1
19820366	xu xudong	6.496666666668	1.864826603623981	11.0	4.0	1	0	0	1
19820366	fucheng zhang	17.4	2.2308202199811618	32.0	0.6	0	1	0	1
19820366	hua jiang	14.938333333334	4.506689778570299	34.4	6.2	0	1	0	1
183067930	lu qinghua	20.75738095238	4.027980468619214	32.8	8.4	0	1	0	1
19820366	shu yousheng	11.5	4.923479252936793	6.2	1.4	1	0	0	1
126520041	he lixin	4.553333333334001	1.9708683539944567	11.0	7.2	1	0	0	1
19820366	yongqing zhang	21.8	1.4870024433539764	2.8	1.4	1	0	0	1
191208505	lasheng long	41.34190476192	3.984426593578817	30.4	11.6	0	0	1	1
19820366	chuanjie zhu	6.8	0.4185414091470953	13.0	0.8	1	0	0	1
205237279	linqi shi	20.905627705626	2.4704359970969456	25.0	10.4	1	0	0	1
20231570	fuliu xu	6.44166666666	0.7194483940275231	25.2	2.8	0	1	0	1
19820366	shen yanan	0.0	0.0	3.0	0.0	1	0	0	1
19820366	刘青泉	0.0	0.0	2.0	0.0	1	0	0	1
126520041	hu shuiming	3.2950000000020014	2.1469200670850515	16.6	7.4	0	1	0	1
157773358	chen wen	12.902777777786	3.6948723581501866	11.2	7.0	1	0	0	1
20231570	jianjun tao	1.533333333334	0.7868635294475709	4.8	2.0	1	0	0	1
119045251	xipeng xu	8.1	0.9251156022765644	12.0	2.2	1	0	0	1
9842412	wang zaihua	8.233333333333999	0.8593442816365608	7.2	2.2	1	0	0	1
162868743	li yali	24.406666666659998	2.2614900449185225	9.4	4.6	1	0	0	1
162868743	denghua zhong	4.986666666665999	0.335491581781314	4.6	4.2	1	0	0	1
75390827	feng wang	11.24578947368	3.702429699890671	16.2	17.4	1	0	0	1
19820366	dongmei zhou	17.317508685396	3.241186436923744	34.4	23.4	0	0	1	1
19820366	wang zuoren	16.033333333334	3.222858921953182	5.2	2.0	1	0	0	1
173899330	chunpeng song	31.163333333340002	3.0809644456901784	8.2	4.2	1	0	0	1
19820366	chunming liu	52.74242424244	4.2676716331516085	15.0	4.6	1	0	0	1
119454577	zhang zhengguang	5.4445328864719995	3.3477670769154515	20.8	13.4	1	0	0	1
19820366	runzhi zhang	9.37	0.6937428989999799	5.4	3.6	1	0	0	1
76130692	fucheng lin	12.0	1.4450122502248768	11.4	1.6	1	0	0	1
76130692	qu shaoxing	0.6342857142860001	0.0	17.0	3.2	0	1	0	1
76130692	wang xiaoguang	11.255036075048	1.5784445799027185	19.8	11.6	0	1	0	1
76130692	baoliang chen	13.401587301592	0.0	30.0	5.2	0	1	0	1
159948400	baiou guan	2.7236619033130003	2.5436188651807994	21.2	47.2	0	1	0	1
76130692	jin yongfeng	6.883333333333999	3.4166330872513817	17.0	3.8	1	0	0	1
19820366	xiaowei zhan	71.6575	6.942842307131167	29.8	11.2	1	0	0	1
76130692	chen renpeng	4.0000000000006	1.309056326912295	14.0	5.6	0	1	0	1
19820366	fajun nan	20.34837662337	3.123189444697044	20.4	10.2	0	1	0	1
19820366	wei yujie	8.539999999993999	0.0	20.0	6.0	0	1	0	1
19820366	fang haiping	21.896865079360005	3.1411816768288285	20.8	11.2	0	1	0	1
20231570	guoping wang	7.245	1.950005501422991	10.0	6.0	0	1	0	1
59028903	geng meiyu	3.21111111111	1.3872438552654285	9.4	4.2	1	0	0	1
65081225	liu yongsheng	22.88777777778	3.4195794996375515	40.4	16.0	0	1	0	1
177933477	chen wansheng	3.28461538461534	1.638580372801173	27.0	16.4	0	0	1	1
19820366	li yongqing	2.433333333334	0.0	10.0	3.2	1	0	0	1
19820366	guangbiao zhou	2.395	0.0	21.0	4.6	0	1	0	1
163340411	hongwu tang	3.21	1.1670280498114116	7.4	6.8	1	0	0	1
19820366	jin kuijuan	12.923957219253998	1.8452659580345765	21.4	16.6	0	0	1	1
20231570	yang yong	1.6192307692308	0.0	17.0	9.6	0	1	0	1
76569877	zhang zhijun	22.459649122800002	2.847053122190609	26.4	19.8	1	0	0	1
19820366	chen jijun	8.079755799766	1.894647620552277	22.4	13.6	0	1	0	1
191208505	ningshao xia	19.699837535018002	3.507819702651304	26.0	20.0	0	0	1	1
19820366	shutao wang	7.817793103447999	0.0	43.0	16.0	0	0	1	1
20231570	fan wang	7.486709197230001	4.245821109648563	21.2	13.6	0	1	0	1
143593769	feng qian	6.5412745098039995	0.9728131420370352	13.8	22.4	1	0	0	1
19820366	jin zhangdong	6.5330494505432	2.5521077693639893	22.4	13.2	0	1	0	1
19820366	lei xiao	13.26	1.9493215089041718	14.8	1.8	1	0	0	1
19820366	bai xuedong	68.2577407886	4.0602142128737535	36.2	11.4	0	1	0	1
21193070	li pei	1.3699826489302	1.3906307016232158	9.6	14.8	0	1	0	1
66867065	hebing rui	4.4	0.4888303936348656	10.0	1.4	1	0	0	1
126520041	huang yunfeng	19.222222222229398	1.7574119312277725	13.6	6.8	0	1	0	1
19820366	chen hangrong	20.568456947997998	7.135919027330184	45.4	20.0	0	1	0	1
19820366	chenglong deng	16.4619047619	2.026828707054401	24.8	6.8	0	1	0	1
881766915	hui liu	2.1971428571434	0.0	25.0	7.2	0	0	1	1
881766915	jiang xiqun	44.54901960784	3.0875757720953176	27.6	9.4	0	1	0	1
158842170	xun zhu	4.959609579034	3.0483123014163453	23.6	28.4	0	0	1	1
158842170	jian li	1.1154135338351998	0.0	19.0	14.6	0	0	1	1
154099455	liu xiangfa	15.311515151520002	1.4879271483646637	19.2	13.4	0	1	0	1
19820366	xingang zhang	5.38	0.0	25.8	7.4	0	1	0	1
19820366	tianxiang yue	10.069393939386	1.5322520046981976	17.8	10.2	1	0	0	1
19820366	deng xiangzheng	7.953174603162	1.8140260660992216	26.2	23.4	0	0	1	1
19820366	lehui lu	86.48190476194	7.903640780178878	37.4	7.8	0	1	0	1
157773358	wu zhongkai	6.8	1.3954637990836922	14.0	1.6	1	0	0	1
19820366	yu zhiqiang	5.978030303030001	2.6463706441235884	23.8	8.8	0	1	0	1
19820366	guangshe li	22.43904401154	4.13604907181021	39.4	16.8	0	0	1	1
196699116	jiaguo yu	129.8056153642	2.630570725066166	66.8	26.0	0	0	1	1
881766915	lu xiaomei	7.554040404039999	4.175883161272081	19.0	7.2	0	1	0	1
151075929	liangming liu	9.649432789432002	1.8564581813218053	10.8	9.0	1	0	0	1
19820366	benzhan zhu	7.207142857142	3.8035108789483116	13.0	8.2	1	0	0	1
19820366	wang xunming	5.7189610389702	2.7799489794449324	29.0	6.6	0	1	0	1
37461747	xiaolian zhang	12.84444444444	3.0741103781275125	23.6	7.2	0	1	0	1
19820366	tianjun zhou	13.524949990898	2.454051548958276	44.8	29.2	0	0	1	1
87445476	guanjun zhang	3.7357862529634	1.4131206806339898	16.8	26.4	0	1	0	1
25254941	xia xinghui	6.402097902102	2.9227501339581474	26.0	9.4	0	1	0	1
196699116	hua lin	11.099215686259999	0.999457885985984	14.0	13.2	1	0	0	1
154099455	liu zhanqiang	1.9667759669592	0.0	17.0	22.0	0	0	1	1
183067930	lin yi	8.8	2.520936589936153	5.8	2.0	1	0	0	1
19820366	jinhui yang	38.729670329659996	2.8734914240274483	46.4	9.6	0	1	0	1
19820366	jiaojun zhu	7.016774891776	1.6232431402765446	15.6	8.4	0	1	0	1
19820366	fan ying	25.29	2.520013210909518	27.6	7.2	0	1	0	1
19820366	wang yanfei	3.3822843822852002	1.1476775427031505	17.8	9.0	0	1	0	1
3923682	zhiyuan zhong	30.604086337644	6.2043294786686936	52.2	19.2	0	1	0	1
19820366	chenzhu wang	17.116666666674	2.4998844534581104	17.8	3.6	1	0	0	1
19820366	jiansheng liu	1.1	0.0	13.0	5.8	0	0	1	1
19820366	liu weidong	10.244444444444	2.864873189769104	15.2	15.6	1	0	0	1
19820366	qian shengbang	0.33333333333399995	0.921146207106884	5.0	1.6	1	0	0	1
19820366	xiaoniu yang	19.396666666666	4.0817746168713835	22.2	6.0	0	1	0	1
19820366	minghua xu	7.6738095238	3.1969184469675844	28.4	8.2	0	0	1	1
19820366	chen shaohua	8.382698412704	2.2643449461713816	23.0	13.6	0	1	0	1
19820366	jia yongfeng	15.216666666680002	2.521559650162489	17.0	3.2	1	0	0	1
19820366	cui guizhen	2.1	0.4837292801842663	5.0	1.2	1	0	0	1
126520041	xie zhouqing	9.94333333334	2.859121202403589	20.6	6.0	0	1	0	1
19820366	xuechu zhen	13.006190476198	3.191825345720809	20.0	6.4	1	0	0	1
162868743	feng wei	3.4314616755780003	0.0	29.0	15.4	0	0	1	1
19820366	ming pingbing	0.2	0.0	12.0	1.0	1	0	0	1
126520041	junxian wang	7.966666666662	3.9990440890767913	14.0	4.8	1	0	0	1
19820366	hongzhi kong	22.066666666680003	3.7104808608339734	18.0	3.0	1	0	0	1
37574244	li shigui	20.18166666666	4.746721974394951	6.8	3.8	1	0	0	1
24943067	yanlei yu	14.413333333347998	5.70089732937832	28.4	4.6	0	1	0	1
19820366	lin rongcheng	6.5180952380939985	4.784381326224249	14.6	4.0	1	0	0	1
24943067	li xiang	1.6815325670494	0.0	26.0	16.2	0	0	1	1
25757504	jianyong qiao	0.9	0.3371361150778437	3.4	1.2	1	0	0	1
24943067	chen daoyong	14.020000000006002	3.529672730138029	29.0	5.6	0	1	0	1
9916479	ling tao	5.6321428571428	2.9962169886211685	23.6	13.2	0	1	0	1
126520041	su yucai	4.316666666666	0.6398811750152991	12.0	3.8	1	0	0	1
20231570	huazhong tang	12.853333333334	1.3758014624785648	14.8	3.4	1	0	0	1
183067930	huiying wu	24.36	2.10245000538332	15.8	3.8	1	0	0	1
154099455	longwei yin	26.70104562106	4.107193394109315	25.0	11.0	1	0	0	1
20231570	changhui zhou	0.0	0.0	6.0	0.0	1	0	0	1
116953780	jian xu	15.401028138534002	1.346110933925209	16.2	11.0	1	0	0	1
37461747	bian zhuan	22.975470085479998	2.8607033644356696	26.6	7.8	1	0	0	1
157773358	hu jianxun	2.0	0.3513276598853136	4.2	0.4	1	0	0	1
24185976	changsheng zhao	19.809428571428	4.114822446489264	40.4	26.0	0	0	1	1
116953780	jiang mingjing	11.515579710144	1.070607481597822	15.0	16.8	1	0	0	1
162868743	he zhen	2.41	0.6839100907570713	10.8	4.4	0	1	0	1
52158045	cai wanzhi	9.673809523816	1.5561484315766343	8.0	7.2	1	0	0	1
113940042	rentao song	2.9714285714279995	0.0	16.0	3.6	0	1	0	1
19820366	jinxia wang	10.396825396813998	1.6672681679685781	23.2	5.8	0	1	0	1
99065089	lei liu	12.084832564788	4.157550738202083	38.8	33.0	0	1	0	1
19820366	miao zehong	12.7203174603	2.904812664019281	23.0	10.6	0	1	0	1
99065089	gao zhe	0.35476190476200004	0.9741569918646192	10.0	4.0	0	1	0	1
76130692	luo yaozhi	1.633333333334	0.5060529240198124	10.0	3.8	1	0	0	1
99065089	qianchuan zhao	0.7838383838384001	0.0	19.0	8.6	0	1	0	1
66867065	junliang zhang	6.528405017912	0.0	36.8	19.0	0	0	1	1
19820366	dong xie	33.92615384616	4.152886632170652	21.4	8.2	1	0	0	1
19820366	renzhong tai	4.4108333333334	3.666282683283752	12.6	11.4	1	0	0	1
19820366	guangyu zhang	9.448555116372	5.994337895810405	29.8	17.2	1	0	0	1
99065089	hui zhai	3.1333333333334	1.993550223797928	10.4	6.2	1	0	0	1
99065089	chuanxiang tang	3.656571428572	1.1417368795365703	11.8	17.8	0	0	1	1
90610280	cong wang	5.0755563150317995	2.2903019242024825	17.4	15.2	0	1	0	1
19820366	liu yingfang	16.53333333334	4.865466815995566	11.0	2.8	1	0	0	1
19820366	cai chunfang	15.648333333339998	2.0584657386254532	18.4	4.6	1	0	0	1
19820366	xie zhiyuan	8.778507305051603	3.636114350743051	43.6	19.0	0	0	1	1
125839683	hu jun	1.7	0.0	10.0	1.0	1	0	0	1
183067930	shankai yin	7.736428571434	2.2001567561357254	11.8	10.0	1	0	0	1
61057504	taiyun wei	6.0219047619060015	2.9210295129137958	20.0	5.2	1	0	0	1
881766915	hu wenbing	7.354901960786001	2.186646467818826	17.4	6.6	1	0	0	1
19820366	chen yaofeng	5.23	4.257919506941443	22.0	4.6	0	1	0	1
116953780	huang maosong	5.3848809523800005	0.9874162852281796	10.2	17.0	1	0	0	1
66867065	chungang duan	9.300188382686	3.154913856282639	16.8	14.8	1	0	0	1
19820366	huijuan liu	12.308422719786	4.765017120780435	40.6	31.0	0	0	1	1
19820366	li yaping	39.66204201928	5.166535497240177	29.6	20.6	1	0	0	1
99065089	peng qing	6.130158730158	5.287397010120047	55.0	5.6	0	0	1	1
19820366	ganlin zhang	30.854285714280003	1.8061081622948405	14.4	5.6	1	0	0	1
19820366	jinhu lu	15.569373219374	1.6739010154078653	45.4	20.0	0	0	1	1
19820366	qiang zhao	6.977770513246	0.0	34.6	13.4	0	1	0	1
20231570	zhang zhixue	12.206190476191999	1.9009147024331243	10.2	4.6	1	0	0	1
24943067	liu tianxi	36.357985347980005	4.71174617081292	50.0	19.6	0	0	1	1
19820366	chuanyong jing	4.389898989894	0.0	22.0	7.4	0	1	0	1
90610280	haihui wang	19.903407407414	5.389893573121675	38.6	24.4	0	1	0	1
157773358	wang xuemei	2.9657142857139998	0.0	21.0	7.2	0	1	0	1
20231570	anyuan cao	16.636919923874	6.4279868403165015	40.4	15.8	0	1	0	1
58200834	che xiaoyan	14.947301587306	2.5102495725073832	18.0	5.8	1	0	0	1
19820366	gao jun	27.870389610380002	4.891196991186296	29.2	9.2	0	1	0	1
183067930	ma xiong	8.476547619054001	3.5572980481409027	17.2	10.6	1	0	0	1
19820366	congming lu	44.27950980392	4.360451309370509	30.8	7.6	0	1	0	1
19820366	li xinrong	26.52987012986	2.1571429410379728	24.8	6.6	0	1	0	1
20231570	hu yongyun	20.326666666673997	3.894463246317148	16.8	4.4	1	0	0	1
139660479	luo xianghang	19.37857142858	3.9119173786654153	24.4	4.0	0	1	0	1
37796252	song xiaoyan	1.2576223776214	0.0	20.0	7.8	0	0	1	1
99065089	fengyuan ren	5.292460317449399	2.293381041646789	23.8	10.6	0	0	1	1
19820366	ping zhu	2.5672727272720004	0.0	14.0	6.4	1	0	0	1
65081225	hailong li	9.307857142854001	2.3894541134530654	17.2	6.4	1	0	0	1
19820366	li yunhai	6.116666666666	0.0	20.0	3.6	0	1	0	1
19820366	hou zengguang	5.892720685654202	2.28348729486286	29.8	32.2	0	0	1	1
19820366	cai shuqun	8.671428571436	1.9876509663880482	13.6	4.6	1	0	0	1
19820366	mingjiu ni	4.6	1.3849610671177215	8.4	4.2	1	0	0	1
19820366	taihua zhang	11.66666666666	1.5197755786442089	19.6	1.4	0	1	0	1
19820366	feng longlong	7.73492063492	2.198265749565776	12.6	10.0	1	0	0	1
65081225	junfeng zhang	1.9678571428571998	0.0	13.0	3.8	0	1	0	1
19820366	hansheng wang	6.106666666665999	1.4473110998705372	10.0	4.6	1	0	0	1
19820366	戴兰宏	0.0	0.0	2.0	0.0	1	0	0	1
37461747	shaodong zhang	8.403333333334	1.8518964662760256	12.4	5.8	1	0	0	1
126520041	huang wen	4.6400000000000015	2.311003167680157	21.0	6.6	0	1	0	1
19820366	gao xueyun	0.0	0.0	5.0	0.2	1	0	0	1
19820366	gang qin	1.15	0.19643493761140812	3.0	1.0	1	0	0	1
126520041	li liangbin	4.1020858198348	2.7962195694105008	28.0	19.4	0	1	0	1
191208505	jun tao	6.82333333334	3.321137054481278	29.8	4.6	0	1	0	1
146620803	huang shaoming	47.847128144180004	4.470236126664021	30.6	19.6	1	0	0	1
157773358	jingxuan pan	11.8	2.8736029540278922	17.4	3.4	1	0	0	1
17145004	chen jingdong	0.5411111111106599	0.0	17.0	11.0	0	1	0	1
20231570	hansheng wang	0.6285714285714	0.0	19.0	3.4	0	1	0	1
19820366	kaiyou wang	2.1333333333326	3.839897254939617	2.0	1.6	1	0	0	1
24943067	huang lihua	13.17333333334	1.2954629380098932	10.4	3.0	0	1	0	1
99065089	wei yongge	11.44065934065	5.500459196436887	24.4	8.4	0	1	0	1
116953780	xiaoning zhang	6.903333333334	1.961966221092199	10.0	4.2	1	0	0	1
116953780	chen yinguang	4.172076023384	0.0	34.0	9.4	0	0	1	1
47720641	liangcheng tu	2.6	1.4150440802415527	9.0	2.4	1	0	0	1
191208505	wang ye	35.47333333334	2.3883935189928405	32.0	14.4	0	1	0	1
19820366	bai yongfei	27.658852258859998	3.5526705095212185	22.0	9.0	1	0	0	1
19820366	fumin lei	23.499743589759998	3.3654639411119645	25.2	13.4	1	0	0	1
126520041	fu yao	7.852531074285999	3.522280219574708	48.0	36.2	0	0	1	1
76130692	he xiaofei	13.5975	2.2860626254126384	35.2	13.6	0	1	0	1
19820366	chang jin	9.07666666666	1.9257670642933764	6.6	5.2	1	0	0	1
177933477	an huazhang	57.799999999940006	3.550540244584588	20.6	1.6	1	0	0	1
99065089	liu yuxi	16.427512487506	2.296238889224332	26.2	11.8	0	1	0	1
19820366	andong xia	17.75	2.31220905279737	19.0	5.6	1	0	0	1
19820366	li xuelong	29.28697511768	2.8271278033870915	53.2	55.0	0	0	1	1
183067930	he xianghuo	30.055454545459995	4.316230742349382	25.8	7.6	1	0	0	1
87445476	yuan zuyi	9.032049910880001	2.5889447594331534	16.8	17.8	1	0	0	1
19820366	ren wencai	25.055742296914	6.973610041363304	44.2	10.0	0	0	1	1
191208505	chaoyong yang	2.785714285714	4.037106757190567	5.8	3.2	1	0	0	1
143413998	shusheng zhang	26.30111111112	4.166755587606591	43.0	5.2	0	0	1	1
19820366	du shixuan	6.557676767676001	4.66267639188261	31.8	15.0	0	0	1	1
75390827	sun xiaoming	23.701967109439998	5.214931508661381	27.2	24.8	1	0	0	1
19820366	chunhai fan	88.67851651643998	4.3800733395823865	47.0	27.0	0	1	0	1
31595395	tuo xianguo	1.264898989899	0.9099643481742848	5.0	7.2	1	0	0	1
96852419	hailiang li	0.95	1.1456247953013103	16.0	2.4	0	1	0	1
163340411	jinhai zheng	0.9931216931222	0.0	11.0	12.0	0	1	0	1
47720641	liu zheng	3.27753968254	2.2039864045959128	17.6	9.4	0	1	0	1
196699116	liqiang mai	13.522989685755999	0.0	49.0	40.8	0	0	1	1
19820366	cao junji	29.21371495308	2.51881715823105	39.0	25.0	0	1	0	1
76569877	changyin sun	8.389534620856	1.820555429955156	20.6	30.4	0	1	0	1
183067930	dongmei xiao	9.33	1.211770235267425	15.0	3.2	1	0	0	1
40963666	peng shuangjie	10.659047619053998	1.2558761433001575	14.0	4.2	1	0	0	1
19820366	ding weixin	18.64166666668	1.7299164360269583	19.2	3.6	1	0	0	1
19820366	guo yuguo	43.06288786484	7.799098342407073	63.6	26.8	0	0	1	1
162868743	liu yongchang	2.6216080977848	1.6720831247044683	19.0	28.2	0	0	1	1
24185976	qingyuan wang	4.205330261138	0.980266727608241	9.2	16.4	1	0	0	1
157773358	qiu rongliang	9.590776942358	3.4416748502034835	29.8	13.8	0	1	0	1
19820366	ding ke	2.661538461538	0.0	27.0	8.4	0	0	1	1
126520041	fang huang	5.368571428566	2.8493285094773837	11.4	7.6	1	0	0	1
19820366	huang xun	4.2666666666593995	3.916893425270093	21.0	4.8	1	0	0	1
19820366	suobo zhang	31.73752964426	3.645282998560466	35.2	12.4	0	1	0	1
5740404	jie yang	7.767142857142	2.8378777816255916	12.2	6.4	1	0	0	1
19820366	wenzhi zhao	9.80190476191	2.0638564292344124	19.6	12.2	0	1	0	1
19820366	he yuan	0.18333333333320004	0.0	5.0	6.0	0	1	0	1
205237279	jianhua xie	7.1611721611679995	3.905121496387944	33.0	8.8	0	0	1	1
19820366	shen weijun	2.5026315789485998	0.0	14.0	6.4	1	0	0	1
19820366	haibin wu	11.35047619048	3.4416309669054206	17.8	4.4	1	0	0	1
20231570	jie shi	11.4598701298622	4.354632090440776	23.0	9.4	0	1	0	1
19820366	li shuqiang	2.74	1.0920640293110997	8.6	3.2	1	0	0	1
19820366	jifeng liu	1.00808080808	0.0	18.0	4.8	0	1	0	1
25254941	liu yajun	4.36	2.9280515365745896	17.8	6.4	0	1	0	1
19820366	chongxin shan	2.6533333333334	0.0	23.0	5.8	0	1	0	1
19820366	he huaiyu	1.845	0.0	19.0	4.2	1	0	0	1
19820366	song ye	3.5499999999980005	0.0	32.0	6.8	0	0	1	1
139759216	tao xiaofeng	1.4534739454094	1.0570898172066971	9.6	21.4	0	0	1	1
119454577	dong jiang	6.7366844919778215	2.442182385399448	26.0	9.4	0	1	0	1
154099455	li yuezhong	10.488888888888	3.356118032307738	16.0	6.0	1	0	0	1
99065089	li xianting	10.194558823528002	2.8266654711828743	22.6	13.6	0	1	0	1
183067930	hongkai xiong	1.288479941111	0.0	12.0	11.2	0	0	1	1
19820366	renfang shen	0.0	0.0	5.0	0.0	1	0	0	1
157773358	qiang zhang	2.885780885782	0.0	24.0	10.6	0	0	1	1
115592961	shouqi yuan	1.90794117647	0.4262856548081509	4.2	14.0	1	0	0	1
20231570	guo hong	4.2545709192742	2.504561760311101	18.8	21.4	0	0	1	1
19820366	qinglong wu	0.0	0.0	1.0	0.0	1	0	0	1
24943067	chunhui deng	5.25837640621	0.0	50.0	10.4	0	0	1	1
16609230	he yan	7.916666666660001	0.0	24.8	5.4	0	1	0	1
881766915	tiaojun xiao	4.166666666666	0.0	16.0	2.4	0	1	0	1
37461747	刘义	0.0	0.0	1.0	0.0	1	0	0	1
99065089	许春晓	0.0	0.0	1.0	0.0	1	0	0	1
52158045	liu xuejun	5.7583333333334	0.0	27.0	11.6	0	1	0	1
52158045	hanchun yang	22.216190476199998	2.4552028357215767	20.8	9.6	1	0	0	1
52158045	dongtao ren	0.0	0.0	2.0	0.0	1	0	0	1
19820366	haibin wang	13.102280701760002	3.634603562429669	27.2	9.4	1	0	0	1
119454577	jianwen zou	7.858333333340001	3.3163091169000127	22.2	6.4	1	0	0	1
19820366	huang shanjin	15.066666666666	5.940283906480683	17.2	3.4	1	0	0	1
76130692	feihe huang	68.76473053801999	8.119541408237945	57.8	25.4	0	1	0	1
24943067	chen jiang	5.111666666666	0.0	28.0	6.4	0	1	0	1
126520041	hengan wu	1.861904761906	0.0	21.0	10.2	0	1	0	1
126520041	chaoyang lu	5.140588235294	0.0	21.0	6.2	0	1	0	1
881766915	haijun wu	2.5	0.0	11.0	0.8	1	0	0	1
59028903	li sanzhong	6.024776251974	1.7528761190750828	43.4	22.2	0	0	1	1
20231570	canfei he	2.783333333332	0.0	14.8	7.8	1	0	0	1
19820366	jianhua tao	0.886086956522	0.0	14.0	10.0	0	1	0	1
92403157	dang zhimin	3.496687523004	0.0	28.0	11.2	0	1	0	1
19820366	qianfei wang	0.9138888888888002	0.0	11.0	5.4	1	0	0	1
19820366	hu jinbo	24.99729102166	2.3705211676087954	30.0	18.4	0	1	0	1
204983213	feng yujie	14.947420718805999	3.897121197717936	33.8	28.2	0	1	0	1
19820366	cao hongbin	4.730861244024	0.0	23.8	21.6	0	1	0	1
90610280	xianmin zhang	4.918753142279999	0.7642682703880868	11.2	15.6	0	1	0	1
19820366	changsheng zhang	15.49855699856	4.242561175813174	21.4	9.2	1	0	0	1
149594827	li zhiwu	17.880769230753998	2.7324146523357564	29.2	10.4	0	1	0	1
66867065	jian wu	0.97	0.0	17.0	6.4	0	0	1	1
5740404	ning zhang	14.783636363636	4.165358983969717	22.0	10.6	1	0	0	1
19820366	qingdong zheng	8.357777777779999	5.466992732879293	23.2	8.8	1	0	0	1
126520041	chen yuao	3.72261904762	0.0	18.8	7.0	0	1	0	1
47720641	jiang tao	4.1645794215282015	2.1508677336438806	26.6	36.8	0	0	1	1
90610280	lizhi zhang	2.177142857144	0.0	30.0	6.6	0	1	0	1
157773358	fan wang	8.383333333326	2.2450262378728905	10.6	2.6	1	0	0	1
157773358	gangfeng ouyang	21.527122153211998	4.574748604439932	32.6	16.8	0	1	0	1
183067930	yongfeng zhou	22.608503996012	6.021060448702412	38.2	11.4	0	0	1	1
20231570	dai zhifei	23.034126984131998	6.12608098022506	21.4	13.2	1	0	0	1
24943067	wu yuping	6.0349321266960025	0.0	41.0	13.0	0	0	1	1
19820366	ke xia	7.1	0.9492439730953433	10.4	1.8	1	0	0	1
16609230	shuangchun wen	26.711922166536002	2.0172250874722506	26.8	27.2	0	0	1	1
19820366	yao yonggang	1.1666666666666	0.4088144872102784	4.0	1.2	1	0	0	1
19820366	chenqi xu	6.59333333334	0.0	14.0	2.0	1	0	0	1
75390827	min wei	20.9720535275	6.699092768222999	48.0	29.4	0	0	1	1
27357992	qinghua zhu	63.25	2.6726056100434303	31.6	7.0	0	1	0	1
20231570	xueqing yan	1.809956709958	0.6352158445508206	5.8	6.4	1	0	0	1
99065089	baoyin hexi	0.9822222222220001	0.0	20.0	5.0	0	0	1	1
204983213	fan feng	2.4577030812314	1.2981020662323774	11.8	12.2	0	1	0	1
82880672	lijun yang	0.26	0.0	9.0	5.4	0	1	0	1
157773358	chengxin wang	19.156549707614	6.793786294087554	20.0	12.4	1	0	0	1
183067930	dong yi	1.4602164502153998	1.7688106337178628	11.0	9.0	0	1	0	1
20231570	chen yuyu	3.4	0.0	13.8	2.2	0	1	0	1
126520041	fei sun	10.937454212452	4.164233792340463	17.6	7.6	1	0	0	1
191208505	王大志	0.0	0.0	1.0	0.0	1	0	0	1
52158045	jinsheng lai	16.147142857147998	5.807419765537728	18.0	5.8	1	0	0	1
177933477	liu shanrong	5.166666666666	0.0	11.0	1.8	1	0	0	1
19820366	geng yong	8.617948717946	2.4274424717812844	38.0	4.6	0	1	0	1
76130692	honghe zhang	5.483636363636	0.0	10.8	4.0	1	0	0	1
20231570	he jinsheng	30.21333333334	3.4040578550243827	13.6	2.6	1	0	0	1
55712492	chen shengyong	4.194944872062	1.9962093668661118	24.6	15.0	0	0	1	1
24943067	wu zhiying	9.58571428572	4.31557867798683	12.0	7.8	1	0	0	1
19820366	tian ye	9.0858561569186	4.582325459680279	27.4	23.0	0	0	1	1
19820366	fan ke	4.749999999994	2.5281162363594234	17.0	4.4	0	1	0	1
20231570	jianzhong xi	13.1	4.372018435818811	9.8	2.2	1	0	0	1
87445476	chen xuefeng	14.64538497217	1.9028504644533601	27.4	30.8	0	1	0	1
19820366	liu sijin	5.08623376624	0.0	20.6	11.0	0	1	0	1
99065089	ji xiangyang	2.4944444444459997	2.05942051946058	15.0	6.0	0	1	0	1
21945476	yang zhongnan	14.47166666666	3.5263201999620484	14.6	7.4	1	0	0	1
83519826	aihua zhang	3.4497686523986006	2.0648306181846	15.6	12.2	1	0	0	1
19820366	hairong zheng	4.064764694765402	2.9974607287898962	20.6	41.2	0	0	1	1
87445476	jizhong zhao	4.9423076923049996	1.1708775587835671	20.8	11.0	0	1	0	1
47720641	qingguo xie	0.7577192982446	0.0	12.0	8.6	0	1	0	1
183067930	jiang wei	2.841839043312	1.9406009382727647	13.8	10.6	0	1	0	1
90610280	fei huang	41.34245009422	6.894731838610263	46.4	34.8	0	1	0	1
205237279	fang yongchun	3.7939289446200006	2.701994505308948	19.0	22.6	0	1	0	1
19820366	lean yu	9.725	0.946633901951958	23.8	2.2	0	0	1	1
99065089	sichun zhang	16.730833333339998	4.6205120976879215	34.4	9.8	0	1	0	1
19820366	qingyin zeng	2.5	0.0	14.0	1.2	1	0	0	1
58200834	jing nie	9.080000000000002	3.9874547157751423	15.0	5.6	1	0	0	1
191208505	dazhi wang	1.866666666666	0.0	19.0	2.0	0	1	0	1
19820366	peng shi	7.328571428579401	4.4235722703541525	14.0	3.6	1	0	0	1
126520041	gong xinglong	11.300518518526001	2.5223072689778845	31.4	19.4	0	0	1	1
183067930	lu xingcai	4.22666666666	0.0	18.0	5.6	1	0	0	1
19820366	chunyang zhang	12.644444444458001	5.2472054225193085	29.0	8.2	1	0	0	1
19820366	luo sanzhong	15.710582010576001	2.866440456754929	37.6	16.6	0	1	0	1
37461747	huijiang zhao	9.108333333334	1.1379591476179842	15.6	4.8	1	0	0	1
126520041	jiuhou lei	4.0800000000006005	2.3142887963854406	12.2	9.6	0	1	0	1
24185976	hong tan	1.6406593406592005	0.0	28.0	7.0	0	1	0	1
75390827	yu zhongzhen	31.193762816139998	4.699710861195678	37.8	14.2	0	1	0	1
19820366	fan yizhong	2.0785	0.0	22.0	9.6	0	1	0	1
99065089	huaping xu	6.83409090909	0.0	32.0	5.6	0	1	0	1
27357992	keqiu li	4.3879365079360015	1.8741659419035759	17.2	19.6	0	0	1	1
113940042	lu xionggang	5.294939684765599	2.991686120617497	22.8	26.8	0	1	0	1
194450716	hongwei song	23.324362745100004	3.408523030809841	18.0	13.2	1	0	0	1
25757504	fubao zhou	4.942777777778001	1.7659737833837557	11.2	12.6	1	0	0	1
19820366	陈少华	0.0	0.0	1.0	0.0	1	0	0	1
157773358	peng xiang	2.4	0.0	13.0	1.6	0	1	0	1
20231570	yufeng zheng	0.2	0.0	2.0	1.6	1	0	0	1
20231570	古英	0.0	0.0	1.0	0.0	1	0	0	1
47720641	张新亮	0.0	0.0	1.0	0.0	1	0	0	1
204983213	qiang ye	10.13214285714	1.610981643233491	17.0	5.8	0	1	0	1
99065089	chen yubo	2.2	0.2380368098159509	8.8	0.4	1	0	0	1
9224756	wang xingwei	0.5	0.4737243174781876	3.0	0.6	1	0	0	1
24943067	dean ta	0.4555555555562	0.0	14.0	3.2	0	1	0	1
9224756	huang min	0.0	0.0	3.0	0.2	1	0	0	1
52158045	meijia zhang	0.0	0.0	6.0	0.2	1	0	0	1
19820366	chengshu wang	14.63888888888	4.214801665901214	28.8	10.2	1	0	0	1
19820366	jiang taijiao	15.130555555555999	5.841653837792378	11.8	5.8	1	0	0	1
125839683	baohua ji	8.579004328998	1.7381698303992323	9.0	6.2	1	0	0	1
50760025	lu renquan	2.940217391304	0.0	22.0	11.2	0	1	0	1
19820366	xie xin	1.9060150375940001	0.0	15.0	8.8	0	1	0	1
19820366	jianhua ju	6.196153846153799	0.0	25.0	5.2	0	1	0	1
19820366	hou jianhui	40.7497049247	7.755168695708443	55.2	30.0	0	1	0	1
82880672	qingyun wang	5.72777777778	1.682253306445633	17.8	7.0	0	1	0	1
76569877	litao sun	1.262068965518	0.0	31.0	9.2	0	0	1	1
37461747	dianqing li	12.904032091098205	1.8884883540380304	18.2	17.0	1	0	0	1
24943067	tao yi	26.00606060606	4.57176018454076	45.4	10.6	0	0	1	1
183067930	saixing zeng	14.6	0.7661385523454489	2.8	0.4	1	0	0	1
19820366	liu yuanhong	8.750174825178	2.8207986739344184	23.6	14.4	0	1	0	1
76569877	jihong ye	2.19	0.8896198450499796	6.0	3.4	1	0	0	1
9916479	cao feng	4.36118881119	2.708810785214752	28.8	12.6	0	0	1	1
25254941	li xiaoyan	13.175	2.1123910580474416	17.0	6.4	1	0	0	1
20231570	guo xuefeng	12.162087912100795	8.001564077630944	32.4	12.8	1	0	0	1
16609230	guilin wen	9.804871794872401	1.9439672320127983	12.0	8.4	1	0	0	1
4800084	ping wang	0.39454191033040004	0.0	5.8	13.6	0	1	0	1
82880672	duan haibin	1.6693506493504	0.0	26.0	17.2	0	0	1	1
19820366	jianqiu wang	15.828571428572	2.4230338994690106	20.4	7.6	0	1	0	1
39333907	liu zhongyuan	18.589964202460003	3.1773128923662854	20.4	16.8	0	1	0	1
135714990	jijun xiong	0.8698241758241999	0.0	11.0	16.2	0	0	1	1
154099455	liu yungang	2.0163170163190003	1.4231856727581491	14.0	14.8	0	1	0	1
125839683	hua huang	3.3	0.0	7.0	2.6	1	0	0	1
125839683	cheng wang	1.6993506493504	1.320287733367199	8.6	7.6	1	0	0	1
19820366	郑婉华	0.2	0.05254403131115461	2.0	0.4	1	0	0	1
24943067	wendong xu	1.2791666666666002	0.0	8.0	5.8	1	0	0	1
170215575	dou yong	3.743333333334	0.9316913589340554	9.6	16.6	0	1	0	1
183067930	yumin zhao	0.0	0.0	0.0	0.0	1	0	0	1
9086337	liang weiguo	2.233333333334	1.5477775522529622	7.2	3.0	1	0	0	1
99065089	peilun rao	0.0	0.0	1.0	0.0	1	0	0	1
76130692	huang jun	3.2833333333340002	1.4264360175537774	14.0	2.0	1	0	0	1
59028903	wang zhenyu	15.209126984128	3.1213112179054048	24.2	6.0	0	1	0	1
76214153	yan zhao	14.23333333334	2.2792657277649933	20.8	1.6	0	1	0	1
163340411	chen wen	12.185371687146	1.6482211329283456	25.0	27.8	0	1	0	1
3923682	chen hong	12.235555555542	3.2730918207039763	15.2	8.4	1	0	0	1
116953780	tian yang	24.0	4.365452378098415	29.6	3.8	0	1	0	1
20231570	kong wei	7.70461760462	3.9151005360510807	16.2	8.0	1	0	0	1
87445476	gangfeng wang	0.5555555555556	0.0	19.0	3.2	0	1	0	1
191208505	yunwu zhang	3.5	2.16613223751883	8.8	1.0	1	0	0	1
19820366	liu yongqin	1.4250000000002	0.0	13.0	6.0	0	1	0	1
19820366	qiuhong tang	8.751308753164	0.0	20.0	10.0	0	1	0	1
20231570	limei xu	4.17	0.0	10.0	2.2	1	0	0	1
19820366	wang yanyi	1.34	0.0	12.0	2.4	1	0	0	1
19820366	cao jun	4.36	1.3537274627048703	6.6	1.6	1	0	0	1
40963666	yadong yang	4.1428571428572	3.0686373730391057	8.2	3.6	1	0	0	1
183067930	lin shuangjun	0.5619047619054001	0.0	15.0	2.6	0	1	0	1
162868743	junan ma	7.231606381678	3.0331112362438715	26.6	16.6	0	1	0	1
204831749	huazhen lin	2.85	2.017332919981316	3.8	3.2	1	0	0	1
157773358	jia weihua	0.0	0.0	0.0	0.2	1	0	0	1
126520041	ding hang	1.7666666666659998	0.0	6.0	3.0	1	0	0	1
143593769	feng yaoyu	3.92	0.0	26.0	6.0	0	1	0	1
76130692	chao gao	20.06162878788	6.574851142327868	44.2	18.0	0	1	0	1
5740404	chunshui yu	3.623109074841	0.0	29.0	17.6	0	1	0	1
19820366	binyong sun	0.6599999999999999	0.0	9.0	1.4	1	0	0	1
148099405	wang yi	1.726666666666	0.0	6.6	5.0	1	0	0	1
19820366	he shenggui	7.728392440898	4.033350009877991	30.0	13.0	0	1	0	1
19820366	qiangbin wang	7.612161172169999	0.0	30.0	8.6	0	1	0	1
157773358	shuai xintao	13.007976190474	4.6626580309900065	28.8	10.2	1	0	0	1
19820366	long miao	2.26666666666	0.0	8.8	0.8	1	0	0	1
125839683	chun li	2.2605555555560004	0.0	18.0	6.2	0	1	0	1
58200834	xinhong zhu	5.0	4.490918912603688	11.0	1.4	1	0	0	1
183067930	wang xinbing	4.0607887700540015	1.9762152444432843	30.4	28.6	0	0	1	1
19820366	zhao zongbao	0.0	0.0	1.0	0.0	1	0	0	1
75390827	xiaoping zheng	0.0	0.0	11.0	0.0	1	0	0	1
19820366	yangheng zheng	0.38	0.0	4.6	8.8	0	1	0	1
157773358	hongbing ji	4.71272577996	0.0	19.8	15.8	0	1	0	1
19820366	刘建胜	0.0	0.0	1.0	0.0	1	0	0	1
183067930	jianglai liu	6.17142857142	0.0	10.6	3.6	1	0	0	1
881766915	gaofei zhang	0.0	0.0	2.0	0.0	1	0	0	1
881766915	lu xian	0.0	0.0	1.0	0.0	1	0	0	1
96852419	aibing zhang	1.59	0.0	11.0	2.4	1	0	0	1
3923682	cai yangjian	0.8812030075199999	0.0	27.0	8.6	0	0	1	1
66867065	tang zheng	1.325	0.0	5.0	2.4	1	0	0	1
143593769	linyong zhu	4.9785714285800005	0.0	16.8	4.2	0	1	0	1
154099455	hu xijun	1.8	0.0	6.0	1.8	1	0	0	1
