[[  6.13899845e+14   6.13899845e+14   6.13899845e+14   3.37500000e+00]] [ -6.13899845e+14] aveCitationCnt
[[ -1.28461751e+13  -1.28461751e+13  -1.28461751e+13   2.65625000e-01]] [  1.28461751e+13] aveJIF
[[ -1.72915667e+14  -1.72915667e+14  -1.72915667e+14   4.39062500e+00]] [  1.72915667e+14] aveH-Index
[[ -2.54580861e+14  -2.54580861e+14  -2.54580861e+14   4.78125000e+00]] [  2.54580861e+14] avePaperCnt

[[  6.13899845e+14   6.13899845e+14   6.13899845e+14   3.37500000e+00]] [ -6.13899845e+14] aveCitationCnt
[[ -1.28461751e+13  -1.28461751e+13  -1.28461751e+13   2.65625000e-01]] [  1.28461751e+13] aveJIF
[[ -1.72915667e+14  -1.72915667e+14  -1.72915667e+14   4.39062500e+00]] [  1.72915667e+14] aveH-Index
[[ -2.54580861e+14  -2.54580861e+14  -2.54580861e+14   4.78125000e+00]] [  2.54580861e+14] avePaperCnt

[[  6.13899845e+14   6.13899845e+14   6.13899845e+14   3.37500000e+00]] [ -6.13899845e+14] aveCitationCnt
[[ -1.28461751e+13  -1.28461751e+13  -1.28461751e+13   2.65625000e-01]] [  1.28461751e+13] aveJIF
[[ -1.72915667e+14  -1.72915667e+14  -1.72915667e+14   4.39062500e+00]] [  1.72915667e+14] aveH-Index
[[ -2.54580861e+14  -2.54580861e+14  -2.54580861e+14   4.78125000e+00]] [  2.54580861e+14] avePaperCnt

[[  6.13899845e+14   6.13899845e+14   6.13899845e+14   3.37500000e+00]] [ -6.13899845e+14] aveCitationCnt
[[ -1.28461751e+13  -1.28461751e+13  -1.28461751e+13   2.65625000e-01]] [  1.28461751e+13] aveJIF
[[ -1.72915667e+14  -1.72915667e+14  -1.72915667e+14   4.39062500e+00]] [  1.72915667e+14] aveH-Index
[[ -2.54580861e+14  -2.54580861e+14  -2.54580861e+14   4.78125000e+00]] [  2.54580861e+14] avePaperCnt

[[  6.13899845e+14   6.13899845e+14   6.13899845e+14   3.37500000e+00]] [ -6.13899845e+14] aveCitationCnt
[[ -1.28461751e+13  -1.28461751e+13  -1.28461751e+13   2.65625000e-01]] [  1.28461751e+13] aveJIF
[[ -1.72915667e+14  -1.72915667e+14  -1.72915667e+14   4.39062500e+00]] [  1.72915667e+14] aveH-Index
[[ -2.54580861e+14  -2.54580861e+14  -2.54580861e+14   4.78125000e+00]] [  2.54580861e+14] avePaperCnt

[[  6.13899845e+14   6.13899845e+14   6.13899845e+14   3.37500000e+00]] [ -6.13899845e+14] aveCitationCnt
[[ -1.28461751e+13  -1.28461751e+13  -1.28461751e+13   2.65625000e-01]] [  1.28461751e+13] aveJIF
[[ -1.72915667e+14  -1.72915667e+14  -1.72915667e+14   4.39062500e+00]] [  1.72915667e+14] aveH-Index
[[ -2.54580861e+14  -2.54580861e+14  -2.54580861e+14   4.78125000e+00]] [  2.54580861e+14] avePaperCnt

[[  6.13899845e+14   6.13899845e+14   6.13899845e+14   3.37500000e+00]] [ -6.13899845e+14] aveCitationCnt
[[ -1.28461751e+13  -1.28461751e+13  -1.28461751e+13   2.65625000e-01]] [  1.28461751e+13] aveJIF
[[ -1.72915667e+14  -1.72915667e+14  -1.72915667e+14   4.39062500e+00]] [  1.72915667e+14] aveH-Index
[[ -2.54580861e+14  -2.54580861e+14  -2.54580861e+14   4.78125000e+00]] [  2.54580861e+14] avePaperCnt

[[  6.13899845e+14   6.13899845e+14   6.13899845e+14   3.37500000e+00]] [ -6.13899845e+14] aveCitationCnt
[[ -1.28461751e+13  -1.28461751e+13  -1.28461751e+13   2.65625000e-01]] [  1.28461751e+13] aveJIF
[[ -1.72915667e+14  -1.72915667e+14  -1.72915667e+14   4.39062500e+00]] [  1.72915667e+14] aveH-Index
[[ -2.54580861e+14  -2.54580861e+14  -2.54580861e+14   4.78125000e+00]] [  2.54580861e+14] avePaperCnt

[[  6.13899845e+14   6.13899845e+14   6.13899845e+14   3.37500000e+00]] [ -6.13899845e+14] aveCitationCnt
[[ -1.28461751e+13  -1.28461751e+13  -1.28461751e+13   2.65625000e-01]] [  1.28461751e+13] aveJIF
[[ -1.72915667e+14  -1.72915667e+14  -1.72915667e+14   4.39062500e+00]] [  1.72915667e+14] aveH-Index
[[ -2.54580861e+14  -2.54580861e+14  -2.54580861e+14   4.78125000e+00]] [  2.54580861e+14] avePaperCnt

[[  6.13899845e+14   6.13899845e+14   6.13899845e+14   3.37500000e+00]] [ -6.13899845e+14] aveCitationCnt
[[ -1.28461751e+13  -1.28461751e+13  -1.28461751e+13   2.65625000e-01]] [  1.28461751e+13] aveJIF
[[ -1.72915667e+14  -1.72915667e+14  -1.72915667e+14   4.39062500e+00]] [  1.72915667e+14] aveH-Index
[[ -2.54580861e+14  -2.54580861e+14  -2.54580861e+14   4.78125000e+00]] [  2.54580861e+14] avePaperCnt

[[  6.13899845e+14   6.13899845e+14   6.13899845e+14   3.37500000e+00]] [ -6.13899845e+14] aveCitationCnt
[[ -1.28461751e+13  -1.28461751e+13  -1.28461751e+13   2.65625000e-01]] [  1.28461751e+13] aveJIF
[[ -1.72915667e+14  -1.72915667e+14  -1.72915667e+14   4.39062500e+00]] [  1.72915667e+14] aveH-Index
[[ -2.54580861e+14  -2.54580861e+14  -2.54580861e+14   4.78125000e+00]] [  2.54580861e+14] avePaperCnt

