35.4	0.266973886	1	0.4	1
11.83991092	1.072015849	14	14.6	1
105.2168254	2.591854808	11.2	8	1
5	0.386494848	1.8	0.8	1
24.95142857	1.505886607	28.2	3	1
14.69369472	1.104291865	13	16.8	1
18.73333333	0.979138252	6.4	1.8	1
15.39901961	1.456543202	8.4	8.2	1
0	0	2	0	1
2.775	0.928286875	5	4.8	1
41.55857302	2.190810972	30.6	18	1
11.15	1.691785421	3.8	1.2	1
0.8	0	0.6	0.2	1
9.276190476	0.888317456	8.2	3.2	1
1	0.101541236	9.2	0.8	1
40.16666667	1.657185709	5.2	1.4	1
44.6	2.487137558	4.4	0.6	1
12.53015873	1.654430122	8.6	5.4	1
35.98984127	2.484241201	25.8	14.2	1
11.2	0.278611705	9	2.4	1
9.397315806	1.540784168	17.4	22.8	1
10.01027778	0.349004127	7	11	1
39.2	5.558244811	10.4	1.2	1
13.44285714	0.970983798	5.6	4	1
13.69333333	0.846161789	5	3.2	1
3.636190476	0.536284094	4.4	4.4	1
14.16729847	1.34776021	22.4	20.2	1
11.90666667	0.543976681	6.4	4.2	1
22.24285714	0.647002365	10	6.2	1
37.83488722	1.252204147	17.2	10.2	1
10.26666667	0.207460317	5.6	1.4	1
8.816666667	0.652944477	4	6.2	1
4.2	0.301949861	4.4	0.4	1
0	0	3	0	1
14.23333333	1.644008081	10.4	5.6	1
12.3	0.802385892	3.4	0.8	1
11.63833333	0.532402093	5	6	1
22.67272727	1.823041667	8	5.2	1
1.2	0.109336333	2.8	0.6	1
77.86538462	3.521054104	13.2	5.6	1
2.333333333	0	2	0.8	1
7.343137255	0.612452128	10.2	9.2	1
6.66969697	1.376878957	10.6	7.4	1
0.8	0.199959052	3	0.6	1
18.34333333	2.292926657	13	6	1
20.4	1.322671266	3.6	2.6	1
0	0.057001972	1	0.2	1
15.38824563	2.463894816	33.4	46	1
6.541009612	1.078982102	13.8	36	1
38.12	1.734670782	19	10.4	1
56.14	5.310634968	11.8	2.2	1
20.85829483	2.080767697	24.8	31.6	1
38.53688256	2.709857245	37.2	26.4	1
7.95	0.499078455	4.4	3.2	1
6.417777778	0.923503018	8.6	9.6	1
16.28	1.388824201	7.6	4.8	1
53.26796703	2.415491777	27.2	8	1
9.883333333	1.921110031	7.6	3.2	1
1.466666667	0.096122767	4.4	1.8	1
2.9	0.161386375	1	1	1
6.797044818	0.439924029	5	11	1
23.59073084	0.924895298	12.2	10.2	1
39.14181818	2.429182341	21.4	12.6	1
12.64	0.353808903	6.4	3	1
12.01428571	0.707476704	3.6	3	1
26.66666667	3.673262111	2.6	1.6	1
59.7	0.589978132	2.8	1	1
49.49333333	1.313702376	7.4	2	1
13.4	0.990892979	4.6	0.8	1
0	0	1	0	1
5.433333333	0.628818299	5.8	3.2	1
0	0	1	0.2	1
41.93804278	3.324538708	44.8	32.2	1
39.66666667	0.687224216	3.4	1.4	1
24	0.144947735	2.4	0.2	1
12.95714286	1.03796008	9.8	4.6	1
8.306412911	1.77494083	12	12.6	1
6.2	0.122448336	3	1.2	1
112.2	4.732572519	15.8	0.6	1
127.3966304	2.090149138	29.2	14.6	1
27.17333333	1.053891525	5.4	3.6	1
6.773529412	0.27643671	7.4	22.2	1
135.2763889	1.479588315	21.2	9	1
4.6	0.207936508	1.6	1	1
16.31949495	0.54668021	9.2	8	1
4.466666667	0.708712551	8.8	6.4	1
18.9	3.280391834	6.4	0.8	1
7.266666667	0.267034333	6	2	1
7.167689331	1.354605469	19.2	50.6	1
21.66666667	1.953640416	2.2	0.6	1
18.49333333	2.294320633	8	5.2	1
0	0	2	0.2	1
10.61666667	0.190022432	11	5.2	1
109.9	4.104426341	2.4	0.8	1
24.22376775	0.591603495	16.6	19.2	1
15.45369048	1.161969478	16.8	10.6	1
66.2	0.915889988	8	2	1
36.54769841	1.587260438	14.6	6.6	1
38.15	1.371851182	15.8	6.8	1
9.045238095	1.096722843	6.4	3.6	1
28.28151261	1.080433982	8.8	6.6	1
6.433333333	1.168576107	3.8	3.2	1
0.4	0.263260641	4	1.8	1
0	0.030700447	2	0.2	1
1.8	0.122741107	3.6	1.8	1
0.4	0.091219512	0.6	0.2	1
0	0	0	0	1
29.85356061	2.200571197	35	30.6	1
86.83333333	3.65002006	7.8	2	1
13.4	1.530759494	1.4	0.2	1
0	0	1	0	1
4.3	0.083393665	2.4	1	1
7.85	0.23563333	1.2	1.2	1
26.14	0.961737896	9.2	4.2	1
15.91428571	0.439689476	8	2.4	1
10.95047619	1.052343364	10.8	6.2	1
4.058906883	0.822280659	6.2	9.8	1
1.8	0.102208418	2.8	1	1
2.3	0.275962653	3.2	0.6	1
13.1	0.674159583	2.2	2.8	1
0.4	0	3	0.8	1
4.413333333	0	9.4	4.6	1
56	2.008448386	11	4.2	1
87.11002498	1.806096204	34.8	16	1
8.979545455	1.714407328	23.6	6.2	1
18.675	2.575223052	10.2	4	1
11.61666667	0.629372175	4.8	2.6	1
43.99095238	2.225696835	11.8	7	1
1.61	0.339403909	5	6.6	1
8.766666667	0.57137686	4.2	1.8	1
2.990197802	0.271032423	5.8	11.8	1
1.133333333	0.317411581	3	0.8	1
7.5	0.357934702	2.8	1.4	1
24.48333333	0.492960093	4	3	1
3.1	0.221112004	2.4	1.2	1
9.208181818	1.219181672	12.6	7	1
13.13846154	0.235457327	6.4	4.8	1
31.12294372	0.94749519	12.4	6	1
13.36666667	0.979610131	9.4	2	1
33.39377622	0.548864697	14	14.4	1
9.25	0.287175953	6.2	5.6	1
0	0	1	0	1
5.187619048	0.915749039	6.4	6.4	1
21.75041181	0.751839288	13.6	13.6	1
5.4	0.74053442	2.6	0.4	1
10.775	2.014157827	5.8	3.4	1
0.2	0.128629579	3	1	1
20.75238095	0.979042823	11.6	3.8	1
30.8	1.109378	2.6	0.4	1
8.65	0.773400129	6	1.8	1
0.8	0.029310345	0.4	0.2	1
30.41666667	1.134811409	7.4	2.6	1
7.307142857	0.756287974	8.6	5.8	1
29.9	1.081690141	6.6	1	1
4.305361305	0	8	7.4	1
8.01	0.659859056	9	4.8	1
1.6	0.252	2.2	0.6	1
6.841666667	0.540747436	5	3.8	1
10.22288462	0.806309741	15.6	15.2	1
23.82298701	0.746962064	11	6.6	1
17.53333333	0.791178171	4.6	3.4	1
5.8	0.1536	0.2	0.2	1
8.816507937	1.027343314	9.2	5.8	1
12.102	0.528110844	11.6	10	1
40.92156863	0.767427816	13	10	1
24.75384615	2.777440707	16.6	12.2	1
32.18	1.370490467	11.2	5.4	1
27.91900538	1.062901844	16	14.8	1
8.883521595	0.236368804	9.8	23	1
3.8	0.115506929	3	0.4	1
12.74503968	1.121545026	12	9.2	1
21.36666667	1.231444444	5	2.6	1
15.34	0.224379947	1.6	2.4	1
19.23333333	0.31669954	8.8	3	1
22.77714286	1.131451708	8.6	8.4	1
9.326666667	2.071678406	6.6	6.8	1
0	0	3	0	1
8.2	0	1.6	0.4	1
0.2	0	3	0.2	1
8.5	0.202955665	0.4	0.6	1
8.057142857	0.898166059	5.8	2.2	1
29.1522807	1.518820078	11.4	8.4	1
19.36666667	0.513239421	8	2.6	1
9.306666667	0.921343404	9.6	2.4	1
10.06666667	0.765642064	6.4	3.2	1
30.33333333	1.096207946	6	4.4	1
13.6	0.866515143	14.8	8.6	1
10.48405107	0.771515661	11	15.8	1
50.42382014	2.757716172	25	23	1
4.4	0.045832248	2.2	0.8	1
50.49088821	0.609936366	20	20.4	1
20.84905051	0.750615586	23	25.6	1
13.60126263	1.444700583	13	11	1
7.942857143	0.474021082	1.8	1.8	1
9.4	0.615626114	4.4	0.8	1
20.72846878	1.906624011	37.8	48.6	1
10.02857143	0.769336522	8.8	5.2	1
17.51666667	1.197872952	8.8	2.8	1
12.98333333	0.370052965	4.4	3.2	1
33.12727273	2.173729558	8.2	6.4	1
2.35	0.335007228	5.4	0.8	1
9.1	0.126780972	5.8	2	1
15.42857143	0.527259677	11.2	5.8	1
0	0	4	0	1
11.8	0.421440045	3.4	1.4	1
26.6	0.311992575	4.4	1	1
12.73333333	0.920552353	11.6	4.2	1
8.2	0.183413462	1	1	1
22.76	0.694714771	9.6	5.8	1
18.34285714	0.935741387	7.2	3	1
2.5	0.121147277	2.4	1	1
16.29761905	0.841468728	9.6	4.8	1
15.67831197	1.869949367	12	12.6	1
87.84424242	2.763456607	10.8	5.8	1
37.70899595	1.589661995	23.2	18.4	1
0	0	2	0	1
8.393939394	0.941192347	11.8	7.8	1
3.627070707	0.747333788	8.2	9.6	1
40.04166667	1.302757011	13.8	5.8	1
5.735497835	0.484638644	3.4	4.6	1
10.13333333	1.376715713	7.8	7.2	1
14.76814297	0.944569433	18.4	14.8	1
7.266666667	0.282226925	5.4	4.2	1
4.85952381	0.148888739	7.4	8.8	1
7.4	0.265808298	3.6	0.6	1
2.925	0.970555505	3.6	3.2	1
23.43357716	1.233106419	25.2	22.6	1
7.6	0	2.8	0.2	1
8.978823529	0.420309345	7.2	5.4	1
20.98606061	2.731089545	17.8	7.8	1
7.952380952	0.784666263	10.2	4.2	1
7.211111111	0.566818678	5.6	6	1
0.295238095	0	0.6	3.6	1
36.8552381	0.936953709	17.6	10.6	1
27.44222222	2.37597965	13.2	4	1
13.84707792	1.303820482	10.4	7.8	1
19.37619048	1.975496392	9.6	4.2	1
15.02	1.917017546	8.6	2.4	1
14.8	0.313170672	4.6	0.6	1
4.2	0.042253521	1.6	0.8	1
7.266666667	0.132267606	3.4	1.4	1
6.6	0.162798092	1.6	0.2	1
8.066666667	0.757534544	3.8	2.6	1
16.21946893	1.919222729	29	38	1
13.77282879	0	47.6	67	1
12.22888889	0.523390107	5.2	4.4	1
11.39175465	1.506054386	27.8	38.6	1
10.825	0.419993024	5	1.8	1
22.39439946	2.180986897	25.4	13	1
14	0.969179361	3.2	2.2	1
7.5	0.180939239	5.2	1	1
7.3	0.569506994	2.2	1.2	1
6.928959276	0.798504592	9.4	11.6	1
12.6	0	1	0.2	1
14.47610256	2.743126088	15.8	10.2	1
10.85529412	1.455960392	9.2	5.2	1
6.214505495	1.071206326	8.6	8.8	1
6.787380952	1.73165795	18.2	7.6	1
32.38333333	2.129278339	10.6	2.6	1
29.91666667	0.817634639	7.2	2.6	1
0.25	0	2	1	1
18.42427536	2.284071887	17.4	16.2	1
11.05677656	0.751322032	14	11.8	1
25.76712121	2.736188813	14.6	8.2	1
1.88	0.412448883	2	2.2	1
31.6	2.05558532	12.6	2.2	1
104.8142857	2.845528094	16.8	4.2	1
2.2	0	1	0.2	1
36.15238095	0.779212504	8.8	3	1
20.80090909	1.343373573	7	4.6	1
10.15833333	0.823436011	6	4.2	1
9.744675325	0.476370167	4.8	5	1
26.54380952	1.215767775	8.8	6.4	1
20.0104386	1.358047731	12.6	13	1
0	0	1	0	1
0.24	0.013195402	1	1.4	1
22.91428571	0	10.6	4.8	1
23.97362193	0	23.2	7	1
31.04	1.969379559	9.8	2	1
5.466666667	0.51267335	2.8	1.4	1
9.25	0.378723972	1.2	1.2	1
1.955	0.497402231	5	5.2	1
31.16666667	1.884384986	5	1.8	1
70.22287582	1.056175993	9.2	9.2	1
6.617606838	0.949394542	12	14.4	1
4	0.339976096	8.4	0.6	1
20.26666667	2.969332194	4.6	2.4	1
28.3	0.530987628	6.8	2	1
0	0	5	0	1
3.5	0.225075628	2.4	1.4	1
24.83666667	0	18.4	5.6	1
12.63333333	0.848876859	13.2	7	1
11.8	0.255480379	6.2	0.4	1
8.966666667	1.546458599	7.6	4.4	1
4.9	0.269243173	1.8	1.2	1
17.76190476	0.563582485	11.8	4.2	1
41.73291593	2.24485597	38	27	1
14.09	0.502638118	5.2	3.4	1
8.2	0.634714566	4.6	1.6	1
0	0	0	0.2	1
19.6	0.312426456	4.8	1.2	1
30.9866342	2.320688107	16.6	9.6	1
8.8	0.261629211	1.2	0.8	1
6.066666667	0.701733988	3	2.2	1
3.985714286	2.082440064	10	2.4	1
11.4625	0.776175349	6.4	6.6	1
23.23015873	1.638252999	12.8	8.8	1
10.78095238	1.275175609	8	6.6	1
10.68333333	0.732255364	3	3.8	1
3.821428571	0.173093815	3.2	4.8	1
11.6	0.128603781	4.2	1.6	1
1.3	0	1.4	2	1
3.6	0.142871366	2.8	1.4	1
16.88333333	1.171708001	3.4	2.6	1
2.083333333	0.271686138	2.2	2.2	1
7.346666667	0	10.4	2.4	1
34.81920635	0.895170002	24.4	8.4	1
22.78333333	0.252297026	5.2	1.6	1
12.15	0.877348111	11	7.2	1
1.2	0	1	0.6	1
5.75	0.272592867	3	1.8	1
13.68847118	1.288786847	16.6	16.8	1
67.1125	2.462599588	23.2	12.6	1
20.72287582	1.204708799	17.4	11.4	1
19.32089833	1.902543429	30.4	29.2	1
8.233565494	0.852744456	9.2	16.2	1
64.32	0.741056978	6.8	1.8	1
13.03333333	1.582162333	20.6	2.4	1
34.67460317	2.312619556	19.8	5.8	1
41.4	0.788791145	4	1.8	1
0	0	1	0	1
28.75714286	1.063465232	15.6	16.2	1
26.42245386	3.002899684	19.4	16.4	1
13.02786325	1.398972605	13.6	10.2	1
25.10908213	3.599559468	26	16.4	1
2.4	0.146153846	4.2	0.8	1
10.6	0.069772257	3	0.8	1
15.51666667	0.96359885	4	2.6	1
62.98361345	0.455073224	15.8	10	1
4.561909167	1.264904425	9.4	18.2	1
30.2	2.028646652	2.8	0.8	1
4.875	0.558843178	3.2	3.8	1
6.528865905	0.368803281	13.4	21.2	1
8.083333333	0.635714357	3.4	2.6	1
21.41699412	0	20.4	12.2	1
150.1159707	2.737332774	27.2	9.4	1
32.32333333	0.953406378	10.6	5.4	1
55	0.565795194	3.6	1	1
59.76428571	0.381407603	18.8	4	1
6.366666667	1.220151598	5.6	3.4	1
19.56904762	1.657097821	18.4	7.6	1
34.48071429	1.177874027	17.4	6	1
5.64	0.093054712	4	3	1
29.01	2.480505765	9.8	4	1
23.52222222	0.968710862	6.2	4.2	1
0.2	0.056951424	0.4	0.4	1
17.39119048	1.50237618	11.2	5.2	1
17.275	1.270797634	11.2	7	1
5.533333333	0.195455547	4.8	1.4	1
8.066666667	0.089130435	3	1	1
16.14	1.183581576	4	1.6	1
32.51797416	2.364569497	33.8	26.2	1
10.9	0.412004794	4.4	1.6	1
1	0	3.2	0.2	1
66.60855556	2.332041255	24.2	13	1
56.29	2.192639643	10.4	3.4	1
0.133333333	0.011853832	1	1.2	1
54.01111111	0.982837393	12.2	3	1
27.12333333	0	15.6	6.8	1
22.67902597	2.164094417	32	12.2	1
22.77756013	1.608276154	34.8	24	1
17.40534188	0.73311226	11.8	7.6	1
5	0.169090909	2.6	0.4	1
39.91452991	1.248592072	6	5.2	1
28.16666667	2.45130161	5.4	2	1
13.44393939	0.72674095	13.2	5.2	1
0	0	2	0	1
17.96515152	1.356624339	17.8	11.2	1
14.61142857	1.103558557	7.4	4.4	1
17.94666667	2.158038466	20.4	8.6	1
35.4	0.479024624	7.8	2.2	1
40.47714286	0.865762258	10.2	7.6	1
8.366666667	0.781883517	3.6	1	1
11.9	0.541925285	5.2	1.4	1
8.8	0.269425062	2	0.6	1
16.11	1.917093049	8	3.6	1
1.921428571	0.332262254	1.4	5.4	1
0	0	0	0	1
0.8	0.031137725	1.8	0.4	1
2.57343254	1.114526009	8.4	23	1
13.79714286	1.405524993	9.4	6	1
1.033333333	0.122819972	5.6	2.6	1
33.53333333	0.885730713	2.6	0.6	1
13.82490842	1.010622387	11.2	9.6	1
1.773236939	0	14.4	46.4	1
3.833333333	0.745115325	6	2.6	1
27.71666667	2.045118279	9.4	3.6	1
18.45	0.265015327	5.4	2.6	1
23.7	0.42763354	5.6	0.8	1
8.924891775	1.127401112	12.2	7.6	1
2.8	0.265660833	5.8	0.2	1
8.391168831	0.969226811	20	6.4	1
4.233333333	0.140178571	4.4	1.8	1
0.014285714	0	0.4	7.6	1
3.151515152	1.57899548	5.8	5.4	1
28.7	0.890842273	2	0.8	1
0	0	1	0.2	1
16.5	0.839576722	3.4	0.8	1
0.6	0.034780362	2	0.8	1
6.4	0.612313433	0.4	0.2	1
61.51333333	0.5166398	12.4	5.4	1
19.5	1.837207315	3.4	1	1
14.94761905	0.517109628	7.4	4.6	1
17.8	1.018646904	2	1	1
52.88177476	2.167024903	37.2	16	1
16.08919498	2.460408948	39	29.8	1
63.7	0.218738075	3.6	1.2	1
1.142857143	0.0975	1.2	1.8	1
56.635	1.198446061	12	4.8	1
21.8	0	2.6	0.4	1
9.686666667	1.746033106	11	3.8	1
16.98624405	1.501632686	23.2	26.4	1
24.25320261	0	15.2	8.8	1
99.68095238	1.317459313	12.4	6.2	1
5.535714286	0.519477195	8.4	5.8	1
1.666666667	0.120959596	3.4	0.8	1
20.82285714	2.114817395	15.2	5.4	1
16.96666667	0.78394472	3.2	1.2	1
34.91714286	1.098839629	8.6	8	1
10.74666667	0.58795782	5.6	1.8	1
19.56	0.765875252	6.8	6.2	1
100.3333333	3.028031217	6.8	1.8	1
12.69111111	0	9.4	5.6	1
20.56	0.342795324	5.4	3.6	1
66.79944056	3.166889681	22.4	11	1
30	0.41449362	2.6	0.4	1
70.10566434	0	57.4	11.8	1
29.81666667	0.467130902	3.4	2.2	1
140.4	0.514913522	3.2	1	1
37.07	0.849623787	5.4	3.2	1
8.52834303	0	10	10.6	1
7.906578947	0.866721242	8.8	11.6	1
10.96666667	1.625088981	2.8	1.8	1
34.93742924	2.737194873	20.6	16.8	1
9.171387433	0.550772044	15	19.4	1
106.6485714	0.609685247	4.2	4.4	1
20.86	0.623222809	6.8	1.8	1
6.8	0.904997353	2.6	1.6	1
6.288888889	0.703609462	10.8	5.2	1
40.72698413	1.099368807	12.2	3.8	1
18.18126984	1.830520518	13.2	7.2	1
41.04700483	1.89208659	29.2	13.4	1
3.204444444	0.597608549	4.6	6.6	1
24.30571429	0.377306301	10.4	7.8	1
2.773232323	0.323530589	4.4	5.6	1
11	1.371130545	5	2.4	1
21.24666667	2.107286657	14	11.2	1
0	0	11	0	1
17.60333333	2.612222249	21.4	5.4	1
7.34	0.765176189	5	2.6	1
30.94555556	2.133733641	29.6	14.4	1
67.37888889	3.007460508	14.6	9.8	1
33.45	2.716463531	25	8.8	1
9.705353535	0.960229797	19.6	9	1
20.95	0.517121499	6	1.8	1
0.4	0.125859334	0.8	0.2	1
33.45128205	1.201201656	18.2	6.2	1
5.483333333	0.532124289	5.4	2	1
9.715367965	0.527884401	6	8.8	1
0.2	0	1.4	0.4	1
51.852182	3.892631702	28.6	10.6	1
13.42380952	0.820304551	10.8	8	1
14.6	0.697487308	21	2.8	1
23.24666667	1.137668692	9.6	5	1
7.3	0.353461538	4.8	0.8	1
7.177777778	0.043944561	6.4	3.8	1
1.427777778	0	2.8	3	1
111.847619	1.589297917	16.6	3.4	1
1.2	0.135674115	17	0.6	1
13.49111111	1.359203512	11.8	6	1
2.333333333	0.168465093	1.4	1.6	1
11.1	0.370730185	2.8	1.4	1
21.2	0.402577042	3	1.4	1
6.975007591	0.9502465	17.6	21.4	1
36.97	1.174150836	7.6	3	1
0.5	0.124667788	2	1	1
0	0.037710783	1	0.4	1
12.53333333	1.7796786	6.4	1.8	1
3.533015873	1.258231247	8.6	6.4	1
9.341333333	1.429799943	9	27.8	1
7	0.670949005	2.2	0.4	1
15.60095238	1.123661569	12.4	7.2	1
12.74029412	1.504459264	21.2	17.6	1
0	0	1	0	1
17.09	0.547788835	6	3	1
5.209921962	0.967128601	11.2	13.6	1
47.9	0.367844261	5.2	1.6	1
8.5	0.844445245	3.2	1	1
8.32	0.088565365	5.4	3.6	1
2	0.163636364	2.2	0.2	1
5.795238095	0.35001649	6.6	4.4	1
7.183333333	0.851694939	5.4	2.4	1
32.3	0.920111736	5	1.8	1
81.28333333	5.252045703	12.8	4.2	1
82.58	1.799612361	14.4	6.8	1
44.21666667	3.851577901	21	6.4	1
18.15	0.763100948	6.8	4.6	1
30.66571429	0	26.2	11	1
0.459090909	0.388013903	1.4	3.4	1
36.65	0.156965258	2.6	1.4	1
22.48666667	1.4692676	5.6	6.8	1
27.96666667	1.039358593	9.6	3.8	1
6.452380952	0.748994409	14	9.6	1
29.2525	1.87977452	14.4	9.6	1
21.22666667	2.050849825	10.6	3.4	1
14.1952381	2.409147582	6.2	5	1
10.83948413	0.993971596	6.2	9.2	1
49.77111111	1.716610724	12.8	5.4	1
17.56555556	1.254306758	8.2	7.6	1
30.15333333	2.869806296	7	3	1
2.913700919	0.487546258	7.2	14	1
5.866666667	0.726283688	2	1.4	1
7.08	0.360617955	1.6	1.8	1
10.14272727	1.368146198	9.8	8.6	1
9.8	1.288525797	11.8	3.6	1
25.65727273	0.314655497	8.2	9.8	1
26.87809524	0.793394378	7.8	3.2	1
3.013333333	0.236698833	1.8	2.4	1
28.93809524	1.546053255	20.8	5.4	1
6.96	0.31392406	4	1.2	1
19.465	0.907898191	5.6	4	1
1.6	0	4.6	0.2	1
20.84666667	1.338300872	13.6	10.4	1
56.84321429	2.313142044	13.6	9	1
70.08285714	1.915190837	12.4	3.8	1
11.36136364	0.289389198	8.4	5	1
52.53714286	0	13	6	1
37.28114719	0	17.8	9.4	1
6.148076923	0.153563686	5.8	7.2	1
23.64	1.135157574	8	2.4	1
7.512121212	1.008638949	7.8	8.6	1
59.05	0.529022978	3.6	2.6	1
17.59939949	1.457029507	16.6	19.2	1
6.453333333	0.664768643	5	3.4	1
5.533333333	0.336116936	2.2	3	1
4.1	0.069949758	2.2	1.2	1
22.61619048	1.156432723	9.8	6.6	1
1.147222222	0.107814129	1.2	4.6	1
18.59666667	1.243630074	10	3.8	1
9.537380952	0.856259211	11.4	16	1
39.79450549	1.106327179	16.8	15.6	1
36.84285714	1.78518802	5.6	3.4	1
22.52108225	1.788442242	19.6	15.8	1
79.2	3.025326786	3.6	0.4	1
42.16666667	1.894237135	5.2	3.4	1
29.33126984	0	21.2	14.8	1
24.68571429	5.140033114	7.2	2.8	1
5.2	0.624119904	1	0.8	1
17.23787879	1.298168134	9.8	9	1
26.76666667	0.673738959	5	2	1
8.725	0.73181369	11.4	11.4	1
13.56494949	0	15.2	7.6	1
32.525	2.166353436	15.2	6.4	1
27.26666667	1.320030925	11.4	2.6	1
3.2	0	2	0.6	1
9.96	1.129136635	6.8	3	1
51.48	1.587461235	10.2	4.8	1
4.271678322	0.053144016	7.2	10	1
3.935714286	0.605857162	3.4	3.6	1
7.006666667	0.59573219	3.2	2.4	1
37.13333333	1.723148876	6.6	2.4	1
0.6	0.110288868	5	0.8	1
77.81333333	2.584458788	3.2	2.4	1
8.28	0.099033529	3.2	2	1
90.1	3.949432485	4	1	1
8.204444444	1.893386866	7	6.4	1
13.4	0.528426383	3.4	1.6	1
4.4	0.388544282	1.4	1.6	1
46.925	2.368949378	8.6	4.4	1
4.3	0.052655767	1.2	0.6	1
11.46666667	1.548803644	3.2	1.6	1
52.91428571	1.774575611	5	2.2	1
8.05	0	10.4	4.8	1
11.5	1.383950942	8.2	2.2	1
15.2	0.301473829	4.6	2.8	1
4.25	0.864318165	4.6	3.8	1
4.533333333	0.623827742	3	1.8	1
17.24761905	1.100142986	7.8	3.4	1
6.8	0	4.2	1.4	1
17.63333333	0.665277301	4.8	2.6	1
21.93333333	0.321425355	5.6	2	1
9.2	0.381868743	2.2	0.6	1
55.85935673	0	22	12.2	1
0	0.020087336	0	0.2	1
13.84	0	7.2	1.4	1
0	0	0	0.2	1
6.8	0	1.8	0.2	1
35.2	0.687373124	3.8	1	1
16.68333333	0.282853412	5.2	2.4	1
35.66666667	1.59540366	15.8	5.6	1
9.6	0.717237677	1.8	0.6	1
37.88	2.146128297	13.8	4.6	1
41.11904762	2.303644258	7.4	4.2	1
41.4	1.558012313	4.4	1.6	1
26.35	0.536112152	6.8	2.6	1
72.81333333	2.390392464	10	12.2	1
10.21666667	0.701518989	3.2	2.6	1
11.0025974	0	17.4	13.8	1
48.74	4.715020692	9.8	2.4	1
21.30376812	0.935341745	9	11.8	1
161.6	2.459321779	1.6	0.4	1
16.15829837	2.398613667	14.6	8.2	1
111.5	2.290156771	3.6	1.2	1
0	0	1	0	1
27.4518254	1.098740787	7.6	6	1
48.74333333	4.004840975	18.6	6.2	1
42.12144855	2.072483008	33.6	19.6	1
8.385671192	1.139275233	8.4	13.6	1
15.88333333	2.569575256	8.8	4.4	1
35.13373016	1.783287477	15.4	8.8	1
2.2	0.631263413	3.4	1	1
10.14215784	1.563119018	12.6	9	1
28.26666667	0.4593171	8.8	1.4	1
13.40370218	0.992457133	6.6	8.6	1
3.18	0.759673219	2.2	2.2	1
14.81833333	0.995916882	22.6	17.8	1
30.64666667	0.452332777	6.8	3.6	1
20.1	0.98402196	5.4	2.6	1
54.95571429	1.226400327	6.4	3.6	1
25.56666667	5.748272719	6.6	1.8	1
10.88682796	1.914943571	18.2	23.4	1
7.333333333	0.364252875	2.2	0.8	1
18.85714286	2.26903758	16.2	4.2	1
12.83328273	0	20.6	28.4	1
39.5	4.174747512	4.6	1.2	1
5.212299465	0	15.6	12	1
60.23381433	2.79697468	29.8	18.4	1
95.63333333	4.324676525	14.8	5.6	1
43.37333333	2.66282497	14.6	3.8	1
18.01111111	0.958969101	10.2	2.8	1
16.26666667	0.857178471	6.8	7	1
6.712424242	1.066033492	9	8	1
68.37988304	5.774333879	12.4	7.4	1
198.2805556	1.511528795	9.6	5.2	1
17.65588889	1.343344651	18.2	14.6	1
32.5226817	1.950743966	42.4	19.8	1
2.45	0.168701344	1.6	1.2	1
31.57777778	0.525047431	5.4	2.8	1
35.92571429	4.341352433	13.8	3.6	1
33.72034632	1.634241096	19.4	7.6	1
21.30788671	0.927159489	16.2	14.4	1
35.98233083	1.650544522	19.2	16.4	1
24.73333333	0.844082978	9.8	2.6	1
9.133333333	0.840531988	7.2	3.4	1
34.4047619	1.259072095	10.6	5	1
10.82166667	1.273756793	15	11.8	1
18.81666667	2.479842813	8.2	2.4	1
18.22698413	1.693299138	21.6	6.4	1
22.53604396	1.381510807	18.2	11	1
6.620621118	0.282607214	7.8	12.2	1
11.66	0.364988635	6.2	3.4	1
41.83138889	2.114735513	21.2	13.2	1
18.37666667	2.182797958	24	3.8	1
31.45807692	1.942204914	23	10.2	1
33.75666667	2.10601517	11	3.4	1
33.1	1.713465948	14.4	9.4	1
17.77404817	1.261065516	21.8	11.8	1
8.186666667	0.475515415	4	2.4	1
14.2	2.924988776	13.6	3.8	1
34.94761905	2.477445747	17.4	4.6	1
34.64	2.743443335	6.2	1.2	1
87.14888889	2.494177824	29.8	7	1
13.785	1.54891302	7	3.6	1
75.92	2.764681389	13.6	3.6	1
5.1	1.106981333	3.2	2	1
19.02179487	0.972809502	10.8	9.8	1
59.52666667	0.690795847	6.4	2.6	1
10.33333333	3.755239196	14.2	5	1
101.12	1.712606802	13.8	3.6	1
18.6	1.792564097	6.2	0.6	1
10.4	0.425270583	2.8	0.4	1
0	0	0	0	1
19.85878788	0	9.8	6.8	1
2.6	0.13559322	2.4	0.2	1
6.283333333	1.631950047	5	3.8	1
24.46666667	0.947661503	4.8	2.2	1
25.34494949	0	27.6	11	1
0	0	1	0	1
16.9	0.702027637	7.2	1.8	1
23.4	0.73827192	13.4	3.2	1
6.680013175	0.123542551	5.8	10.8	1
3.548571429	0	14	5	1
21.1	0.708045147	3.8	2.4	1
53.5	3.276015218	8.6	1.2	1
29	1.370133567	9.6	2.8	1
15.09572511	1.16932844	11.2	13	1
21.99943413	1.311397659	17.4	19.8	1
5.97026862	0	17.2	13.8	1
21.89364035	1.526759812	16.4	13.2	1
13.83969697	1.21164375	19	7	1
34.34166667	2.468650476	12.4	6	1
56.34616402	2.170970245	19	15.4	1
26.65	1.717391041	13.6	4.4	1
8.895238095	1.345811961	5.8	5.2	1
8.906666667	0.672667044	11.6	8	1
15.18333333	0.698090568	11	4.2	1
40.2	1.386138374	4.8	0.8	1
93.63333333	4.346417459	10.6	2	1
3.187941392	0.312994173	6.8	18.6	1
12.82568543	1.951406677	12.8	10.4	1
5.152727273	0.33982677	5.8	8.2	1
81.6	1.660932919	2.2	2	1
14.23777778	0.873925493	9.4	4	1
17.43333333	0.644514855	5	1.4	1
27.03333333	1.915607033	10.4	2.6	1
4.7	0.479347336	4	4.4	1
19.04333333	2.307901133	12.6	8.6	1
15	1.604059744	3.2	0.4	1
24.99494949	1.255740992	11.6	8.4	1
16.8	0.494045229	2.6	1.8	1
20.43555556	0.704401835	10.4	6.2	1
17.46666667	1.899245501	1.6	0.6	1
14.2	1.296326531	3.8	1.8	1
30.1	0	7	1.2	1
24.75871212	0	23.2	17.8	1
143.0038095	0	31.2	9.2	1
15.54582633	1.458262273	12.4	14.4	1
34.2	2.909380954	2.6	1.2	1
41.06666667	2.386772327	3.8	1	1
0.7	0	0.4	1	1
20.17045455	1.647652543	11	7.2	1
16.28149628	0.616453568	13.2	8.6	1
37.18888889	0.950521626	15.2	7.6	1
21.09686275	1.847201787	18.6	7.2	1
16.70833333	2.224783261	13.2	5	1
15.10464646	1.5296419	10.4	9	1
19.92833333	0.899936931	10.4	5.2	1
6.333333333	1.056112441	6.4	3.8	1
12.2047619	0	10.8	9.6	1
54.73333333	2.354413836	6	1	1
28.57222222	1.121895921	6.8	9.4	1
19.38142857	0.830788999	20.2	10.4	1
0.953834586	0.500697207	3.2	11.8	1
35.38342257	0	28.8	13.8	1
31.19166667	2.521756134	16.4	14.6	1
117.4083333	1.115612789	8.8	4.2	1
24.00666667	0	16.8	4.4	1
14.15005128	1.469928175	17.6	14.6	1
33.07525641	1.856401015	33.2	23	1
106.1066667	2.034701924	9.2	3.2	1
20.2409632	1.439260543	13.2	19.8	1
35.6952381	0	23.2	4.2	1
7.278888889	1.138375127	6.4	7.6	1
14.64828063	0.491751299	11.6	14.4	1
12.68380952	0.697249604	12	4.6	1
50.28214286	1.889060502	11.2	5.2	1
39.51090909	0	15	8.4	1
9.921904762	2.052678336	14.6	6	1
12.99909091	0.399634092	8.2	11.6	1
54.53873016	2.383248744	34	12.6	1
7.32	2.05036206	3.6	1.4	1
4.35	0.924735182	3.8	2.2	1
46.21666667	3.426801502	13.8	5.6	1
12.68452381	1.881842461	7	5.4	1
15.6	1.040304183	1.2	0.4	1
20.59	2.981216995	13.8	5.4	1
1.4	0.231684982	1	0.2	1
46.16666667	0.825284184	7.8	3	1
7	0	8.6	3.8	1
75.62388889	2.681258691	23.2	8	1
8.63531746	1.050014597	10	16.2	1
1.31	0.486786588	3.4	2	1
11.9	1.477979375	7.6	1.4	1
13.26666667	1.556549166	5.2	1.8	1
43.65714286	1.952311957	27.8	4	1
39.24909091	1.957844554	17.2	6.2	1
37.78473684	1.936606676	20	8	1
49.6	2.03266055	2.2	0.4	1
5.610714286	1.675433355	6.2	5.4	1
0	0	1	0.2	1
44.4317033	1.199980245	11.8	12.2	1
23.2	2.316047425	5.8	2.2	1
16.025	0.811065402	5.2	3.4	1
42.63619048	1.444440052	20	7.6	1
0	0	1	0	1
0.6	0	1.6	0.4	1
5.057692308	1.310816123	15.2	5.4	1
7.6	0.672363661	1.2	1.4	1
2.05	0.568775432	3.2	1.8	1
9	0.580826323	10.8	2	1
2.2	0.168527919	2.4	0.4	1
1.4	0.205245212	1.2	1	1
0.422222222	0	0.6	2	1
5.454545455	1.53764044	4.6	3.8	1
24.07391266	1.874066487	21.4	14.4	1
42.6	1.667758324	2.8	0.4	1
9.4	1.155130785	1	1.2	1
133.4666667	4.622755011	3.8	2.4	1
35.76936508	3.398630391	12.8	5.8	1
7.6	0.252145675	2.4	0.8	1
53	1.268162082	3.2	2.8	1
13.65555556	0	11.2	7.6	1
8.84952381	0.734050138	12.4	9	1
49.54888889	0	21	5.2	1
6.725	0.930467531	10.6	6.8	1
19.5	2.980107015	9.8	4	1
31.2	1.023711458	11.4	1.6	1
11.82222222	0.666774405	8.4	5.4	1
19.31011905	1.856093346	6	6.6	1
72.37222222	0	9.2	4.8	1
18.26441558	0.772084101	6	5.8	1
3.920300752	0.490910309	6.8	8.6	1
15.8015873	1.418457212	4.4	4.2	1
85.43803828	2.098321692	21.8	9.6	1
15.48916667	1.635481278	22.4	14.4	1
7.542857143	0	5.4	3.4	1
37.59833333	0	16	7.6	1
4.963809524	0.581634129	3.8	3.4	1
12.52472527	1.349722365	10.4	15.6	1
16.29666667	0	13.8	4.8	1
40.5	2.894604914	3.4	1.6	1
29.69047619	1.364574849	14.6	9.8	1
16.48143323	2.385802758	11.4	14.2	1
80.8771836	0	26	11.2	1
12.44573529	2.289799765	14.8	9.6	1
5.877777778	0.903618429	2.4	5.6	1
48.18888889	2.305427702	16.4	6.2	1
37.05	1.795353153	4.2	1.6	1
57.16333333	2.236353356	16.8	6.4	1
2.772116831	0.865818562	6.4	12	1
13	0.433705718	6.6	1.8	1
10.28131868	1.391781282	12	8.8	1
54.2052381	2.916654798	28.4	10.2	1
39.62785714	2.278777155	15.2	7	1
12.03415584	0	23.4	10.8	1
45.67626984	1.241461504	11	6	1
14.65134997	2.449839452	16.2	14.2	1
11.94957658	0	15.2	20.4	1
11.07882784	0.598084979	7.6	7.8	1
26.35664336	0	16.2	10.4	1
22.93333333	1.19057306	8	4.6	1
15.07969349	0.799963187	16.4	13.2	1
87.75	2.876668926	16	3.8	1
32.4	1.78246842	9.2	3.6	1
36.83333333	2.436815492	12	6.4	1
70.37444444	2.411513509	20.4	12	1
171.5369424	1.165377606	19.2	9.2	1
10.38809524	1.591834396	12.8	7.8	1
9.183333333	0.839128188	1.6	2	1
11.1	1.622709338	3.8	0.6	1
35.44242424	1.710082553	26.2	5.2	1
23.98166667	2.464809068	16.4	8.8	1
63.33245614	2.407431662	26.6	13.4	1
7.626190476	1.137435815	8.4	11.6	1
30.85666667	2.11122279	15.4	7.8	1
1.3	0.244242522	0.6	2	1
5.754444444	0	12.2	14.4	1
6.2	1.384984424	0.6	0.6	1
151.8157143	2.22322329	23.6	7.6	1
6.219934641	0.765757783	10.4	11.2	1
46.89333333	0.698508011	7.4	4.2	1
6.598290598	1.294765673	14	12.4	1
103.1598485	3.167687533	21.2	10	1
17.35666667	1.265005171	12.2	4.4	1
8.128229352	0	11.6	11.8	1
19.18857143	0.864270781	9	3.6	1
1.22	1.20062032	5	2.4	1
127.0733333	2.354074152	13.4	4.8	1
19.12134425	2.041430276	18	12.8	1
13.71714286	1.447576629	14.2	7.8	1
24.16333333	1.443568745	6.2	3.8	1
1.1	0.20325586	4	0.6	1
25.56666667	2.088757138	15	5.4	1
9	1.278801497	5.6	1.6	1
20.49406554	0	23.6	16	1
5.8	0	12	1.4	1
43.12307692	3.396610783	5.2	4.8	1
53.75	4.914658113	13.4	2.4	1
13.27666667	0.873041177	3.2	3.6	1
61.22857143	3.086050195	16.4	7.6	1
32.35	5.047228958	6.6	1.4	1
14.22661491	0	21.6	14.6	1
4.7	0.319368459	2.2	0.8	1
51.68777778	2.045290047	19.4	7.2	1
24.84678571	2.801623618	13.6	8.6	1
12.5	0.456868943	3.8	3	1
14.24666667	1.415383442	10.2	3.4	1
52.9	1.370095154	5.6	2.8	1
21	2.339858332	12.2	3.4	1
26.1	2.497719367	3.8	0.8	1
29.90787879	0.897271595	6.8	4.6	1
20.325	1.123749338	7.6	4.4	1
1.3	0.145975578	3	0.6	1
34.94562771	1.952566628	19.4	11.6	1
22.8	0.799894381	4.6	2.2	1
3.6775	0.570911435	6.4	12.8	1
2.05	0.454078442	3	4.8	1
17.7784127	0	13.2	5.4	1
31.01	0.799098421	10.6	4.6	1
37.77918895	2.690632895	13.8	12	1
22.53666667	3.794991973	16	7.2	1
5.21468254	0.835686395	9.2	5.8	1
11.68888889	0.559409338	5	4.4	1
8.765555556	0	17.2	10	1
25.60995277	0	25.8	17.4	1
33.6	2.833618252	5	1.6	1
7.496666667	2.023891407	5.6	4.2	1
54.21666667	3.893668632	17.2	4.4	1
16.025	1.76520516	6.2	5.4	1
2.132962406	0.618341775	4.6	15.4	1
6.203896104	0.99555697	8.8	9.8	1
34.1	3.634874421	3.8	1	1
21.53333333	1.628135217	11	2.8	1
33.59918094	3.220927985	35	21.6	1
2.366666667	0	8.6	4	1
3.945714286	0.964581702	4	5.6	1
23.86	2.714339183	13.6	4.4	1
20.61666667	1.842223875	12	3.6	1
26.785	3.08718415	17	5.8	1
2.985714286	0.234446397	2.8	3.2	1
44.03166667	2.451864121	8.8	5	1
35.43858647	2.182100142	28.8	18.6	1
40.45	2.519187653	4.8	2.6	1
53.43071429	4.077573792	45.4	18	1
8.3	0.663338359	2.8	2.4	1
67.85091737	1.236907846	32.6	13.4	1
104.1295671	0	18.6	7.6	1
13.36666667	0.502431762	2.8	1.4	1
34.26444444	1.714053123	29	11.2	1
26.23636364	0	13	6	1
54.72382775	3.323608613	14.6	9.2	1
47.23666667	0	14.2	6.4	1
70.47802198	6.020376066	17.6	10	1
24.62222222	2.690286261	8.6	5.4	1
43.08333333	2.315561776	12	8.6	1
10.775	2.386213223	7.6	3.8	1
43.35666667	1.986179436	14	5.4	1
31.40060606	1.038405117	13.2	5.6	1
99.46666667	3.03824351	7.4	2.4	1
39.06666667	2.893472061	18	7	1
11.44621542	0	18.8	13.6	1
16.38278388	0.756852236	15.4	13.8	1
16.24	0	8	2.4	1
12.8	0.97662467	8.4	3	1
20.37833333	0	13	4.2	1
18.29483983	1.257664148	17.6	23.8	1
10.51	1.329568603	9.2	2.8	1
15.78666667	0.968701314	3.6	2	1
33.5581685	1.916226098	12.4	7.6	1
8.333333333	4.261165353	5.4	4.2	1
16.9952381	0	8.2	4.4	1
9.527777778	0.862066512	3	2.8	1
3.8	0.440981284	1.2	0.6	1
9.866666667	1.330313376	5.2	3	1
24.30833333	1.111046233	17	4.2	1
0	0	5	0.2	1
0	0	2	0.2	1
25.97777778	2.671256351	24.8	7.8	1
31.3184127	3.568981344	21.6	7.6	1
15.20727273	1.494487114	5.2	3.8	1
29.80666667	3.169874907	5.4	2.4	1
17.40767677	0	15.4	7.6	1
5.233333333	0	19	4.4	1
0	0	1	0	1
9.711746032	1.355576824	4.8	7.2	1
40.30285714	2.848796469	16	5.4	1
19.8	0.88249893	5.8	1.2	1
38.81027778	0	26.2	10.2	1
8.3	1.162961684	7	2	1
42.83690476	1.146455893	10.8	8.4	1
53.4	2.05889198	4.6	3.4	1
55.72	2.322724637	10	4	1
44.32179293	2.708300501	33.4	18.6	1
91.27619048	1.279229165	16.4	7.8	1
0.733333333	0.073867681	0.4	0.8	1
61.17666667	5.619693021	11.8	4.2	1
23.07103175	1.378758951	15.6	10.2	1
15.01623377	1.695062674	7.2	4.8	1
77.69921423	1.33939091	17.6	14	1
37.43833333	2.902392643	8	3.4	1
5.036666667	3.054709497	7.6	3.6	1
289.2928205	4.511866828	26.6	10	1
18.6	1.607142857	3.4	0.4	1
20.28083721	1.503209709	22.4	50.2	1
20.86766082	2.588265913	20.8	14.6	1
56.2	1.013546991	1.8	1	1
115.4968254	2.487995156	7	4.4	1
0.24	0.171944817	2.4	2	1
17.36785714	0.934784007	12.4	6	1
6.272380952	0	7.4	10.8	1
15.65785714	2.729114461	10.8	8.4	1
71.44089636	0	26.2	8.6	1
122.2545455	1.802083234	13.8	6.4	1
8.772727273	0.777085824	9.4	7.6	1
39.86428571	1.160356464	9.8	4	1
12.18333333	0.742836751	8	4.4	1
51.83	1.919016463	6.6	2.6	1
154.6511591	3.619381766	25.2	11.2	1
10.42586957	1.511613171	17	16	1
3.61	0.286505116	5.6	3.6	1
35.77820513	1.845834597	15.6	9.2	1
19.14794872	0	17	16.8	1
48.2	1.330082067	6	0.6	1
72.13611111	4.198847733	10.2	4.6	1
37.23268908	1.522195358	10.8	7.8	1
13.61666667	1.727461576	6.2	3.2	1
17.38976024	1.360616261	13.8	8.4	1
1.640387064	0	4.8	11	1
26.97922078	3.307542469	26.4	13.6	1
14.03333333	0	11.8	1.8	1
39.61	2.634206692	9.6	3.4	1
23.21307692	2.596914363	14	5.8	1
9.25	1.233046132	2.4	2.6	1
23.13333333	0	17.8	3.6	1
18.83277778	3.17908597	12.8	6.6	1
25.28590909	0	19.6	10	1
16.43333333	0	17.2	3	1
27.68650794	0	22.8	15.2	1
3.410714286	0.29838971	5.2	13.6	1
36.83	1.935759922	19.2	6.8	1
23.45333333	2.164223005	7.4	3.4	1
12.3247619	1.384852947	18.4	4.8	1
3.629084249	0	9.6	14	1
9.4	1.051102151	3.8	0.6	1
19.5627979	0	17.2	13	1
1.061111111	0.16192286	1.4	3	1
6.987920635	1.600685084	13.2	18.2	1
0	0	1	0	1
38.06679578	0	49	16	1
23.3	0	13.2	4.8	1
20.62777778	0	13.6	4.4	1
0	0	1	0	1
0	0	1	0	1
63.58848485	0	22.6	8.6	1
18.19126984	1.592067657	4.6	5	1
35	1.520598007	1.2	0.2	1
109.3785714	7.954942264	11	4.4	1
63.475	3.325844505	13.6	4.2	1
55.96666667	3.840408966	6.6	1.8	1
52.1297619	2.211462073	20	7.8	1
50.44285714	0	18.6	7.8	1
28.83472222	0	12.6	6.6	1
31.48095238	0	16.2	4.2	1
19.36666667	0	9.4	1.4	1
62.56034632	2.496136353	31.4	10.4	1
10.57	0	10.6	3.4	1
2.800952381	0	13	10.6	1
39.47863248	0	11.4	10.4	1
7.3	0	5.4	3	1
30.98095238	1.048718052	7.2	6.2	1
26.2042735	1.411969378	11.8	10.2	1
14.15761905	0	12.8	9.2	1
4.866666667	0.544206157	3.2	5.8	1
14.51666667	1.393391141	8.2	2.2	1
34.07316239	0.768977775	13.4	9	1
21.00244444	0	14.8	14.2	1
23.85777778	2.499146298	8.4	4.2	1
78.3	3.641807787	13.2	3.2	1
37.61666667	0	14.8	3.8	1
21.77803543	1.125648278	17.6	20.4	1
22.9125	0	24.4	9.4	1
65.73809524	1.571633505	6.4	3	1
40.71636364	5.005651009	24.6	8.2	1
42.87545455	2.428617698	24.4	12.6	1
12.6	0.973984242	1.4	1	1
74.07609023	0	25.4	9.6	1
10.91666667	1.36138038	3.2	2	1
6.762132895	1.362692501	12.4	38.8	1
3.1	0.280887462	1.4	0.4	1
13.44	0	11.2	1.6	1
34.55618624	2.568687672	26.8	19.4	1
100.8945455	0.968300206	10.4	5	1
2.672222222	0.464641057	4.2	4.2	1
10.74238095	0	16.6	11.6	1
5.253463203	0.467395782	6.8	8.6	1
6.482828283	0	7	7.2	1
7.6	1.594736392	9.6	0.4	1
4.893333333	1.248768266	8.6	8	1
31.95333333	0	8.4	3.8	1
37.86666667	3.977184692	6.8	1.8	1
0	0	1	0	1
139.0333333	4.23656567	4	1.6	1
55.93333333	0	8.2	2.4	1
37.18095238	2.93867463	13.6	9.2	1
28	0	4.4	0.8	1
49.03333333	2.186601261	7.2	2	1
12.95857143	1.044557325	11	15	1
43.2	1.640659331	1.4	0.6	1
18.28117088	2.564600165	14.8	13.2	1
19.12777778	1.007137332	13.8	5	1
25.01666667	3.370836175	4.8	2.6	1
21.71277778	0.94945169	15.2	8.6	1
45.66571429	0	8.6	5.8	1
5.331818182	1.208205066	9.4	10	1
80.18333333	4.32434301	3.4	2.2	1
12.24666667	1.795737631	5.8	4	1
4.402651515	1.011025806	8.2	20.8	1
16.05095238	0.853311758	10	8	1
5.353424908	0	7.8	11.2	1
6.321562882	2.119479202	8	10	1
53.4047619	3.017424512	16.8	5.4	1
10.81504274	1.065329059	8.2	10.6	1
20.19472701	0.707082033	11	13.4	1
50.81333333	2.662647605	22.2	9.8	1
19.8	0	9	2.4	1
8.25	0.740356786	2.8	0.8	1
18.50761905	0	14.8	6.2	1
32.5	1.890367602	9	2	1
31.74178571	1.013284352	20.4	13.4	1
18.46666667	0	14.2	3	1
46.0830303	4.391015303	12.6	4.4	1
51.35227273	1.347539744	14.8	7.8	1
16.73333333	0.841817655	7.2	4.4	1
5.284981685	2.323593969	4.2	7.2	1
27.25627706	0	24.4	8.2	1
87.83333333	2.899591852	8.2	4.6	1
13.12666667	0	16.4	8.8	1
48.0725974	0	22.4	8.8	1
5.13800759	0.943565885	7.6	16.8	1
19.32894737	1.917320345	12.8	11.4	1
9.76	1.028228194	1.4	1.6	1
3.733333333	0.569457262	4.6	1.4	1
0	0	1	0	1
9.106666667	0	9.2	4.8	1
4.466666667	0.202332362	1.2	1.6	1
0	0	1	0.2	1
0	0	1	0	1
30.99888889	0.761410364	7.8	7.2	1
92.73333333	3.460850642	4.2	1.2	1
0.4	0.015942029	2	0.4	1
12.31111111	0	10.6	5.6	1
0.6	0	2.4	0.2	1
3.8	0	4.2	0.6	1
64.56666667	3.70087921	12.4	3.8	1
9.733333333	2.935747401	2	1.2	1
0.4	0.080701754	0.2	0.6	1
24.73333333	0	11.6	5.2	1
19.96227994	0	10.6	8	1
19.01761905	0	20.6	9.6	1
149.8933333	3.429569933	18.4	5.8	1
21.90666667	1.161786597	10.8	6.4	1
43.16761905	0	19.8	17.4	1
13.33333333	0.648027692	4	2.8	1
68.07263492	2.397878012	31.6	13.8	1
0.352380952	0	0.6	2.8	1
22.11333333	1.66802377	10.4	8.2	1
2.9	0.263618508	2.2	1	1
34.05419234	3.496758858	19.2	14.4	1
30.10333333	1.386073222	7.6	3.4	1
54.71	5.500821204	14	5.6	1
7.885714286	1.455013221	5.2	3.8	1
1.155182073	0	2.2	8.2	1
17.22028986	0	17.8	13.2	1
24.11833333	1.554069122	8	5.4	1
10.02949495	1.104154453	8.2	9.6	1
3.602579365	0	8.2	14	1
7.461060606	0.728814993	10.2	8	1
1.4	0	2.2	1.2	1
9.132857143	1.024021552	5	3.8	1
0.6	0.037179487	1	0.2	1
8.833333333	0	5	2.4	1
4.440683761	0.279009717	5.6	10	1
0	0.117582132	0	0.6	1
7.9	0.797688135	3.4	1.6	1
0.4	0	0.8	0.2	1
35	2.968711376	8	2.2	1
27.54055556	2.024382907	9.8	8.2	1
62.56025974	2.017790801	8.6	5.4	1
16.25508772	0.587864692	6.2	6.8	1
0	0	0	0.6	1
50.36103896	3.896424627	17.2	7.4	1
23.56666667	4.16621725	3.6	2.6	1
18.0952381	0	17	5.4	1
10.56	2.318293498	3	2	1
21.36190476	0	11.2	4.2	1
15.97272727	0	8.4	4.8	1
13.64333333	0	5.2	3	1
45.63333333	0	5.2	1.6	1
25.3	2.417711165	4	1.2	1
4.544588745	3.13949841	5.4	7.2	1
15.56714286	0	11.4	6	1
42.86717949	2.255563489	11.8	8.6	1
10.8	0.437361292	1	0.6	1
0	0	0	0.2	1
6.4	0	2.4	2	1
42.83174603	0	14	6	1
73.32121212	3.242381478	18.6	9.8	1
36.70451128	0	14	10.2	1
11.6	0	6.2	2.8	1
0	0	0	1.6	1
27.55717949	2.47886617	15.8	11	1
50.49039683	0	11.6	7.8	1
52.57777778	3.413337685	10.2	5.2	1
46.4	0	3.6	2.2	1
18.84555445	0	12.4	10.6	1
22.06666667	1.625586567	5	1.6	1
16.73050109	1.206223601	16.8	29.2	1
0	0	1	0.2	1
40.66666667	1.067040778	4.4	3.6	1
3.082539683	0	3	7.2	1
12.1106993	0	10.2	9	1
0	0	1	0.2	1
11.4	0	3.6	0.8	1
3.3	0.712029661	1.4	1	1
0	0	1	0	1
19.46	0	6	3	1
15.1577083	0	21.6	22.6	1
11.92	0	3.2	1.6	1
43.61142857	0	7.8	4	1
9.9	0	4.2	1.4	1
1.2	0.426360339	1.2	0.2	0
1.071428571	0.219442657	1	2	0
0	0	0	0	0
0	0	0	0	0
10.5	0.34637335	6.8	1.2	0
15.06666667	0.872849473	11	1.4	0
3.2	0.247386059	0.2	0.2	0
0	0.102814259	3	0.2	0
0	0	0	0	0
0	0	0	0	0
22.09615801	1.463464011	17.4	11.4	0
2.3	0.201717567	5.8	0.8	0
0	0	0	0	0
0	0	0	0	0
0	0	0	0	0
17.05333333	0.612096123	3	2.8	0
0	0	0	0	0
38.68333333	1.670670203	8.6	2.2	0
5.8	0.589598109	0.2	0.2	0
6.816666667	0.288758184	1.2	2.2	0
17.57	0.945968977	33.4	4.6	0
0	0	0	0	0
49.83333333	2.462640704	8.6	4.2	0
5.769230769	0.92656111	11	4	0
0	0	0	0	0
0	0	0	0	0
3.233333333	0.832868212	1.6	1.4	0
0	0	0	0	0
12.25095238	0.820262055	10.4	8	0
0.8	0	0.8	1	0
0	0	0	0	0
20.4	0.511819302	4.4	2.6	0
17.8	0.27465423	1	0.4	0
0	0	0	0	0
0	0	0	0	0
27.00436194	1.431926588	23.2	30.8	0
0	0	0	0	0
8.25	0.524462294	4.6	2.2	0
0	0	0	0	0
3.8	0.724513995	1	3.4	0
0	0	0	0	0
1.1	0.02765043	0.2	0.6	0
18.4	1.224169533	6.2	0.4	0
0	0	0	0	0
17.6	0.232235893	4	0.6	0
0.8	0.201659751	1	0.2	0
0	0	0	0	0
8.535555556	2.008127399	11.6	9.4	0
0	0	0	0	0
13.27217391	1.367727937	15.8	11.4	0
3.657777778	0.556944951	3.4	2.8	0
5.436190476	1.350753823	8.4	10	0
11.18666667	0.931088148	3	1.8	0
9.285714286	0.833019793	4.8	4.8	0
0	0	0	0	0
17.08	0.876271708	1.4	1.2	0
51.75153298	2.259110161	42.4	21.2	0
5	0.322879822	0.8	1	0
4	0.13877551	0.2	0.2	0
13.83333333	1.257888969	2.2	1.8	0
0	0	0	0	0
0	0	0	0	0
420.5	2.66245295	3.4	0.8	0
2.2	0.674026828	2	1.4	0
0	0	0	0	0
20.40857143	0.71484668	17.2	7.4	0
0	0	0	0	0
10.8	0.222018349	0.8	0.4	0
0	0	0	0	0
0	0	0	0.4	0
0	0	0	0	0
0	0	0	0	0
0	0	4	0	0
2	0.126666667	0.2	0.2	0
0	0	0	0	0
0	0	1	0	0
1.9	0.043466667	2.8	0.4	0
0	0	0	0	0
0.2	0.174263904	0.2	0.2	0
23.34325815	1.761144072	30.8	13.8	0
0	0	0	0	0
0	0	0	0	0
0.733333333	0.160936201	1.2	1	0
1.2	0.686059395	1.2	0.8	0
3.8	0.113681241	0.4	0.2	0
6	0.292772044	2.6	1.6	0
20.1	2.602361025	6.8	1.8	0
28.72857143	0.249576362	6	3.8	0
0.4	0	1	0.4	0
16.15	0.632851709	7.6	2	0
29.4	0.48204042	6.4	1.8	0
0	0	0	0	0
0	0	0	0	0
14.24047619	0.930452159	7.6	6.8	0
0	0	0	0	0
17.87880117	1.309027488	21.4	15.2	0
0	0	2	0	0
53	2.327022237	2	1.4	0
34.50833333	0.717304913	6.2	3.8	0
56.32	2.674469731	11.8	4.6	0
0	0	0	0	0
0	0	0	0	0
31.57333333	1.194014715	7.8	3.8	0
1.266666667	0.39055287	2.8	2	0
0	0	0	0	0
3.4	0.267844037	0.2	0.2	0
0	0	0	0	0
1.497435897	0.567642045	1.4	4.4	0
0	0	12	0	0
0	0	0	0	0
0.8	0	0.6	0.4	0
1	0	1	0.2	0
0	0	0	0	0
0	0	0	0	0
0	0	0	0	0
23.9	0.423684428	8	1.6	0
53.14040404	1.852150577	28.8	12.4	0
0	0	0	0	0
0	0	0	0	0
0	0	0	0	0
34.28882054	1.695265099	19.2	15.2	0
0	0	3	0	0
2.8	0.224778761	0.4	0.2	0
21.8	0.706688288	1.4	1	0
0.6	0.214501826	10	0.2	0
46.72	3.273005636	24	4.2	0
3.3	0.471996786	0.4	0.4	0
30	2.220741768	16.8	0.8	0
34.42727273	1.768876232	10	3.2	0
17.3	0.752171846	1.2	0.8	0
0	0	0	0	0
0	0	0	0	0
0	0	0	0	0
0	0	0	0	0
0	0	0	0	0
12	1.184003897	1.6	1	0
1.542857143	0.280307792	0.6	1.6	0
50.12142857	0.852223112	17.8	5.4	0
0	0	0	0	0
57.34859719	2.012545181	32.6	21	0
0	0	0	0	0
34.9	0.668387485	1	0.6	0
112	3.424869603	3.2	1	0
3.2	0.654093264	0.2	0.2	0
30.06666667	0.449561585	8.8	1.4	0
9.171428571	1.353972042	10	6.8	0
9.8	0.585644938	0.6	0.2	0
6.9	0.371381665	1.6	0.6	0
0	0	0	0	0
15.6	0.962250067	0.2	0.2	0
8.4	0.039130435	0.4	0.2	0
0	0	0	0	0
4.2	0.748330002	3.6	0.6	0
0	0	0	0	0
0.921904762	0.063855422	3.2	3.6	0
0	0	0	0	0
44.70142857	1.283959315	11.6	4.6	0
0	0	0	0	0
1.8	0.233896336	4	0.6	0
9.2	0.542750985	5.2	1.8	0
0	0	0	0	0
0	0	0	0	0
11.2	0.340819508	2.2	1	0
0	0	0	0	0
0	0	0	0	0
0.2	0.009217634	0.4	0.4	0
0	0	0	0	0
1.2	0.252	0.2	0.2	0
1.8	0	0.2	0.2	0
57.11666667	0.689502906	5.4	3	0
21.8	0.116556291	2.2	0.6	0
4.666666667	0.278439735	1.4	1.6	0
0	0	0	0	0
0	0	0	0	0
11.37380952	0.959539686	7	5.8	0
10.92	0.946638622	7.2	5	0
0	0	0	0	0
0	0	0	0.6	0
18.21333333	0.918945085	6.2	4.6	0
0.8	0.05969859	2	0.2	0
38.70851371	1.538114072	24.6	9.6	0
1.666666667	0.162359178	0.6	0.8	0
2.65	0.568509491	1.2	1.6	0
0	0	0	0	0
0	0	0	0	0
43.11666667	0	4.8	2.8	0
0	0	0	0	0
0	0	0	0	0
3.274509804	0.656921248	3.8	5.8	0
0.8	0.171195185	0.4	0.4	0
3.8	0.427693391	4.2	1.6	0
59.45	1.596268161	7	2	0
9.8	1.045733001	3.6	0.4	0
14.7	1.02076412	2.8	2.8	0
0	0	0	0	0
2.970714286	0.469368683	5.6	8.2	0
4.2	0.145702592	1	0.2	0
36.54579631	1.800579919	19.2	10.4	0
0	0	0	0	0
36.06666667	2.310188351	5	2.6	0
1.2	0.104878049	0.4	0.2	0
4.8	0.25707196	0.2	0.2	0
0	0	0	0	0
29.4	1.081690141	0.2	0.2	0
0.4	0	0.4	0.2	0
1.4	0.538904052	0.2	0.4	0
38.2	1.118891088	5.6	1	0
0	0	1	0	0
2.9	0.381858309	2	0.4	0
0	0	0	0	0
0	0	0	0	0
13.3	0.611612058	4	1.2	0
10.66444444	1.658756584	6.4	6	0
29.52380952	1.207077961	7.2	5.4	0
12.3	2.123063206	2.6	0.8	0
0	0	0	0	0
0	0	0	0	0
5	0.438509191	0.4	0.4	0
3.2	0.13495935	3	0.2	0
4	0.301373405	2	0.8	0
27.33952381	1.643337361	16	9	0
17.86928571	1.906265411	18.8	6.8	0
69.13333333	1.028825275	4.4	1	0
76	3.693515545	6.8	2	0
0	0	0	0	0
0	0	0	0	0
2.25	0.666497958	1	1	0
9.6	0.611985799	0.6	0.4	0
20.95714286	2.290747231	8	4.6	0
1.6	0.09275092	1.8	0.4	0
0	0	0	0	0
0	0	0	0.4	0
0	0	2	0.2	0
123.4666667	1.695097742	4.4	1.8	0
22.44545455	3.738516152	11.4	4.8	0
0	0	0	0	0
13.83333333	1.580845845	7.4	1.2	0
0.2	0.186163522	3	0.2	0
0	0	0	0	0
0	0	0	0	0
0	0	0	0	0
0	0	0	0	0
0	0	0	0	0
24.66	2.665053849	23.2	7	0
36.52166667	2.013859133	26.6	5.4	0
0.7	0.070330749	5	0.4	0
23.05238095	0.443093119	11.4	4.2	0
6.183174603	0.697760909	3.2	5.4	0
2.2	0.170135747	2	0.4	0
9.8	0.432813548	1.4	0.8	0
0.6	0.171195185	0.2	0.2	0
7.2	0.417876762	1.8	0.6	0
9.6	0.509208484	0.2	0.2	0
0	0	1	0	0
19.29751462	2.48886802	19	10.6	0
15.8	0.746512505	1.2	0.6	0
29.13777778	2.872068795	23.8	6.6	0
22.85	1.202965544	2.4	1.4	0
0	0	0	0	0
0	0	0	0	0
39.7	0.493018064	1.4	0.6	0
6.385714286	1.250258355	6	5.4	0
22.73	1.27396059	5.6	3	0
17.46911765	0.856593016	12.4	12	0
0	0	1	0	0
0	0	0	0	0
9.81	1.91115847	11	3.8	0
4.7	0.135471947	0.4	0.4	0
0	0	0	0	0
0	0	0	0	0
28.83333333	2.777119513	7.6	1.2	0
58.75860806	0.708057024	8.2	6.2	0
0	0	0	0	0
33.4	0.393898305	0.4	0.2	0
0	0	0	0	0
0	0	0	0	0
20.6	1.42540424	6.8	0.4	0
11.85	2.36412822	20.4	3.6	0
0	0	1	0	0
0.7	0.142521994	1.6	0.4	0
0	0	0	0	0
5	0.059157689	1.6	0.2	0
0.333333333	0.068248588	2	1.4	0
0	0	0	0.4	0
1.1	0.366418813	1.4	1	0
0	0	4	0	0
1.183333333	0.35757675	4	3	0
1.4	0.374147738	0.6	1.6	0
0.48	0.058209975	0.4	1.6	0
0	0.033333333	0	0.4	0
37.15833333	4.520969805	17.2	3.6	0
6.9	0	2.2	0.8	0
2.533333333	0.368166307	1	1.2	0
68.8	4.379785118	1.4	0.8	0
0	0	0	0	0
16.6	0.895721749	2.8	0.6	0
4.6	0.859016598	4.6	1.2	0
3.6	0.415700944	1	0.4	0
0	0	0	0	0
0	0	0	0	0
0	0	0	0.2	0
67.06666667	1.031394179	8.4	1.8	0
3.958441558	0.586908658	4.8	4	0
0	0	0	0	0
9.933333333	1.378684078	5.4	2.4	0
44.2	0.475181367	1.2	0.2	0
35.59164703	2.380737787	29	22	0
7.266666667	0.835558579	0.8	1.4	0
1.933333333	0.046255081	0.6	0.8	0
1.8	0.095740649	3.4	1	0
0	0	0	0	0
0	0	0	0	0
0	0	0	0	0
38.9647619	2.11968626	10.4	5.8	0
88.6	1.462640067	1.6	0.4	0
0.2	0.395461993	2	0.4	0
0	0	0	0	0
3.2	0.094505495	0.2	0.2	0
0	0	0	0	0
4.4	0.12711556	6	0.4	0
18.72	0.440734282	3.6	2.2	0
1.4	0.166936026	8	0.6	0
0.6	0.165383376	4	0.4	0
13.1	1.477569409	5	2.2	0
0	0	0	0	0
0	0	0	0	0
22.8	0.11789336	1.4	0.4	0
8	0.887082609	5.8	4.4	0
0	0	0	0	0
0	0.20876494	0	0.2	0
0	0	0	0	0
0	0	0	0	0
22.76666667	0.79580572	3.4	2.2	0
14.66666667	0.958417255	0.6	0.6	0
5.06	1.555467619	7.8	3.2	0
0	0	2	0	0
1.7	0.15896833	1.6	0.8	0
0	0	0	0	0
15.00833333	0.974012683	8.2	4.6	0
28.8	0.402964783	0.6	0.4	0
0	0	0	0	0
0	0	0	0	0
10.275	0.917266768	13.8	3	0
0	0	0	0	0
11.36666667	3.006692756	2.2	1.6	0
1.2	0.979211008	0.4	0.4	0
0.2	0	0.8	0.2	0
4.6	0.095966387	1.2	0.4	0
3.4	0.201509434	0.2	0.2	0
6.8	0.676010896	5.6	2	0
0	0	0	0	0
19.18333333	1.202611537	6.2	6.2	0
0	0	0	0	0
0	0	0	0	0
59.1	1.423396434	2.4	1	0
0	0	0	0	0
20.46666667	1.165895458	16.6	6.8	0
7.866666667	0.08275	3	0.8	0
0	0	0	0	0
3.2	0.174662513	0.4	0.2	0
11.05	1.420366423	2.8	1.4	0
6.8	0.315126274	1.2	1.4	0
0	0	0	0	0
0	0	0	0	0
0	0	0	0	0
4	0.199329983	0.6	0.2	0
0	0	0	0	0
13.2	0.422167271	2.4	1	0
85.85776018	3.025828342	41	10	0
2.066666667	0.676926536	6.4	0.8	0
13.2	1.77108736	6.6	1.2	0
3.866666667	0.584343251	2.8	1.8	0
0	0	1	0	0
0	0	0	0	0
0	0	0	0	0
0	0	0	0	0
0	0	5	0	0
5	0.200566038	1.2	0.2	0
10.5	1.038403959	3.4	1.8	0
17.49761905	2.854282544	22.8	5.6	0
8.4	0.287001139	1.6	1	0
34.9	1.593077102	4	1.8	0
0	0	0	0	0
1.2	0.088193744	1.4	0.4	0
0	0	0	0	0
3.7	0.672793177	1.2	0.6	0
0	0	0	0	0
6.8	0.735638298	0.2	0.2	0
5	0.386494848	1.6	0.8	0
6.1	0.289768484	1.2	0.4	0
0	0	0	0.2	0
0	0	0	0	0
0	0	0	0	0
0	0	0	0	0
5.683333333	1.649660668	3.6	6.6	0
0	0	1	0	0
49.1	1.790160913	5.6	1.8	0
0	0	0	0	0
0.4	0.043076923	0.4	0.2	0
3.2	3.467711632	3.6	1	0
58.75	0.966950788	2.2	1	0
0	0	2	0	0
24.9	0.824915564	7.2	2	0
0	0	4	0	0
24.1	0.997703319	9.4	0.6	0
0	0	0	0	0
5.2	0.258948024	2.4	0.6	0
0.5	0	0.2	0.6	0
18.82	0.567965681	5.2	4.4	0
29.7	0.556400055	2.4	1.4	0
101.4166667	2.109684095	13.2	3.8	0
0.6	0.120692498	0.2	0.2	0
3.2	1.058095238	0.2	0.2	0
0.1	0.065454545	0.4	0.4	0
0.1	0.07869827	1	0.8	0
0	0	7	0.2	0
0	0	0	0	0
0	0	0	0	0
16.8	0.600486285	6.8	0.4	0
4.6	0.353958461	2	1	0
127.9	2.774913451	1.6	0.8	0
37	0.88437211	1.2	0.8	0
29.26666667	1.092751608	1	0.8	0
15.8	1.425421163	2	0.8	0
3.8	0.215550239	1	0.2	0
18.5	0.444550766	2.2	0.6	0
0	0	3	0	0
0	0	0	0	0
12.7	0.56251809	2	1.2	0
0	0	0	0	0
13.73333333	0.49549246	1.2	1.4	0
9.8	0.832310532	4.6	0.6	0
13.45714286	1.338269967	10	5.4	0
0	0	0	0	0
9.993419913	2.906051338	20.2	9	0
0	0	0	0	0
39.01179487	4.763219861	12.4	6.8	0
0	0	0	0	0
2.6	0.060869565	0.4	0.2	0
0	0	0	0	0
9.06	1.455889491	2.8	2	0
94.79333333	1.651018285	27.2	8.4	0
9.7	0.408930218	2.4	1.8	0
2.006666667	0.362789081	4	3.2	0
0	0	4	0	0
3.5	0.302565506	2.4	1.6	0
0	0.039175258	1	0.2	0
1.4	0.108150094	2	1	0
0	0	0	0	0
6.45	0.344034834	5.2	1	0
27.78666667	1.77465583	9.6	2	0
0	0.107272727	0	0.2	0
25.0702381	1.949485286	22	4.8	0
7.15	1.233181531	4.4	2.2	0
4.066666667	0.286633885	1.8	1	0
15.73333333	0.283721156	5.4	2.4	0
2.2	0.363809524	0.8	0.4	0
5.8	0.416232139	4.6	0.4	0
21.28666667	0.631798447	7.6	4.8	0
0	0	0	0	0
56.6	0.689988722	1.6	0.4	0
80.27666667	1.765248951	5.8	2.6	0
0	0	3	0	0
0	0	1	0.2	0
1.2	0	0.4	0.4	0
0	0	0	0	0
0	0	0	0	0
49.81428571	3.255649564	12.8	5	0
6.266666667	0.776563144	7.8	1.8	0
8.944705882	0.698036236	9.6	12	0
29.34333333	1.580818411	10.8	3.8	0
0	0	0	0	0
20.3	1.446403551	6.6	1	0
21.34679487	1.341275981	11.8	9.2	0
8.55	0.46040134	1.6	0.8	0
0	0	1	0	0
4.9	0	2.2	1.2	0
0	0	0	0	0
22	0.420442085	7.2	0.6	0
0	0	3	0	0
12.96666667	1.91367153	6.2	2.2	0
0	0	0	0	0
0	0	1	0	0
19.6952381	2.417452856	7.6	2.8	0
4	0.109876	1.2	0.4	0
0	0	0	0	0
41.4	1.427662347	1.2	0.6	0
12.93333333	0.724221585	6.8	1.6	0
21.36666667	2.126483533	6.6	1.8	0
12.2	0.399067935	0.6	0.6	0
18.50727273	0.676791089	11.8	6.6	0
0	0	7	0	0
0	0	15	0	0
0	0	0	0	0
16.4	0.344805438	0.6	0.6	0
7.283333333	0.782803771	3.6	1.4	0
0	0	0	0	0
3	1.488091135	13	0.6	0
22.96666667	1.970222666	4.4	1.8	0
26.4	2.322787767	4	1.4	0
0	0	0	0	0
34.1	2.096362753	6.4	1.4	0
1.2	0.548105305	2.4	0.4	0
21.77714286	2.325991824	24.4	13	0
0	0	0	0	0
0.6	0.466818235	3	0.4	0
10	0.465413207	1.2	0.8	0
55.13787879	4.840475936	52.2	15.2	0
27.4	0.844222561	11.8	1.4	0
0	0	0	0	0
0	0.063372093	2	0.2	0
0	0	0	0	0
46.53333333	1.284724219	2.2	1	0
0	0	0	0	0
7.8	0.54242009	1.6	1	0
5.2	0.322872661	3.2	0.2	0
6.1	0.434470456	4.2	0.6	0
14.6	0.580104712	0.4	0.4	0
27.8	1.313645959	4.6	1.2	0
30.16666667	1.555450233	2.8	1.6	0
7.479487179	0.933981415	7.8	6	0
4.266666667	0.405595822	2.6	3.8	0
1.75	0.12143605	2.4	0.8	0
11.2	1.985285752	1.6	0.6	0
19.84	1.836170907	3.2	2	0
0	0	0	0	0
0	0	0	0	0
13.96	1.045959508	3.2	1.6	0
18.925	1.098270544	1.6	2	0
0	0	0	0	0
0	0	0	0	0
26.86666667	0.307201646	1.6	1	0
5.8	1.254391149	2	1.6	0
0	0	0	0	0
55.57142857	1.512098516	5	2.2	0
9.680952381	1.269217706	4.6	4	0
13.81190476	4.424288902	27	6.6	0
13.4	0.606964921	2	0.4	0
32.12333333	2.201622689	5.6	2.8	0
27.7	0.682614551	22.6	5.6	0
2.88	0.196269619	5.8	1.6	0
2.1	0.177699043	0.6	1.2	0
0	0	0	0	0
0	0	0	0	0
21.14	1.021593024	3.4	1.8	0
1.8	0.199278499	0.4	0.4	0
3.566666667	0.496784556	2	2.4	0
6.5	0.403968249	1	0.6	0
0	0	0	0	0
138.3239394	2.116940988	26.4	8	0
0	0	0	0	0
0	0	0	0	0
13.61746032	1.095799819	10.4	7.6	0
22.01666667	0.495933537	6.8	3.4	0
10.8	0.103816933	1	0.4	0
2.783333333	0.969314368	4.2	2.6	0
25.44	1.502124224	19	2.2	0
3.5	0.192884371	1.2	0.4	0
37.19047619	1.858606601	10.8	4	0
0	0	0	0	0
10.41428571	0.822536611	4	4.2	0
8.8	0.852371211	23.6	0.4	0
0	0	0	0.2	0
1.8	0.529397908	2.8	0.8	0
4.2	0.287309645	7	0.2	0
0	0	0	0	0
2.506666667	1.682444809	1.4	3.4	0
6.533333333	0.134096399	2.4	2.6	0
2.666666667	0.121854585	1.2	0.6	0
4.6	1.209741324	0.8	0.4	0
14.42666667	0.391683507	4	2	0
6.35	1.231619701	3	1.6	0
0	0	0	0	0
0	0	0	0	0
12.4	0.926329357	5	0.6	0
1.975	0.043486074	2.8	2.6	0
0	0	0	0	0
7.35	0.29123901	1.8	1.2	0
20.8	0.575675676	2.6	0.6	0
0	0	0	0	0
0	0	2	0	0
7.3	0.33834741	3.6	0.6	0
38.9	3.046994277	12.8	1.2	0
45.51666667	2.913418202	5.6	2	0
0	0	0	0	0
5.7	0.25582968	1.4	0.4	0
0	0	0	0	0
2.9	0.378483134	0.4	0.4	0
14.11666667	2.585813963	10.6	4.6	0
0	0	0	0	0
0	0	0	0	0
0.6	0.119252874	3	0.2	0
0	0	3	0	0
0	0	0	0	0
14.1	3.400028736	5.6	1.6	0
0	0	0	0	0
15.63333333	2.356548974	3.2	1.6	0
20.36666667	0.627999809	4.2	1.6	0
114.8	3.351183785	8	2.6	0
31.97833333	1.862183622	19.4	7	0
3	0.109345703	1.6	0.6	0
49.14666667	1.983735574	15.4	4.2	0
1.681318681	0.791476244	3.8	14.6	0
0	0	0	0	0
0	0	0	0	0
0	0	4	0	0
51.3	0.524212963	1.2	0.8	0
16.4	2.718853191	5	2.2	0
9.6	0.773559113	1.4	1	0
0	0	0	0	0
0.133333333	0.183333333	0.4	0.6	0
56.92444444	3.490768863	15.8	7	0
0.633333333	0.625517519	1.6	3.6	0
0.6	0	1	1	0
1.8	0.03875	0.6	0.6	0
6.733333333	0.468101672	3.4	0.8	0
0.333333333	0.19503268	3	0.6	0
17.70079365	1.108251145	10	5.8	0
22.75166667	1.354603761	13	7.2	0
1.2	0	0.6	0.2	0
10.74803275	1.246799827	18.2	17.4	0
1.3	0.136832737	2	0.6	0
1.3	0	1.2	0.4	0
0.8	0.657039711	1.8	0.2	0
9.933333333	1.042381616	4.4	3.2	0
6.566666667	3.889300398	8.8	3.6	0
41.82	1.644147095	6.8	4.6	0
3.804415584	1.550471864	2.4	5.4	0
0	0	0	0	0
9.8	0.389070578	0.8	0.4	0
2.777777778	0.340686936	1.4	1.8	0
0	0	0	0	0
8.010714286	1.647264689	10.6	5.2	0
17.93666667	1.208956669	18.8	17.8	0
0	0	0	0	0
3.933333333	0.992138554	2.8	1	0
5.8	1.04271829	5.8	0.8	0
0	0	1	0	0
66.8	1.690184049	4	0.4	0
0	0	0	0	0
17.22222222	0.997314568	4.8	3.6	0
13.3	1.834299524	6	4	0
32.74501976	1.54320823	13.4	12	0
0	0.016	1	0.4	0
0	0	0	0	0
47.26666667	1.033307459	7	1.8	0
0	0	0	0	0
0	0	0	0	0
21.2	1.137686189	5	0.6	0
19.93333333	1.619266884	6.8	1	0
4.6	0.534239031	2.8	0.2	0
22.4	0.495842451	0.2	0.2	0
17.83333333	0.432068638	6	1.4	0
0	0	0	0	0
0	0	0	0	0
4.2	0.406289629	4.8	4	0
43.8	1.863136577	5	2	0
8.14	2.107648565	2	1.6	0
24.85666667	1.122133481	4.2	3.4	0
0	0	0	0	0
11.2	1.966318997	4.6	2.6	0
13.74666667	0.791706944	9.4	2.4	0
0	0	5	0	0
0	0	0	0	0
35.62142857	1.734126136	6.8	5.2	0
1.2	0.130046225	0.4	0.2	0
4	1.43659686	1.2	0.6	0
0.8	0.50010002	1.2	0.2	0
7.633333333	0.513247858	2.4	1.2	0
92.3	2.068846234	3.2	1.6	0
22.15	1.402547079	2	1.4	0
0	0	0	0	0
9.1	1.208044457	4.8	1	0
140.15	2.015107111	3.2	1.4	0
51.2	0.66803896	4.8	0.8	0
1.2	0	1	0.2	0
1.7	0.287768441	0.8	1	0
28.06666667	4.316474514	5.4	1.4	0
1.15	0.487185915	1.8	1.2	0
0.4	0.098411881	3	0.6	0
24.505	3.378847197	14.6	8	0
2.24	0.073571429	5.6	1	0
3.774545455	2.004905905	9.8	7.4	0
81.35	3.921430366	16	2.6	0
1.4	0.35794964	0.4	0.6	0
8.04	0.276324122	0.6	1	0
1.742857143	1.028116315	4.8	6	0
33.53333333	3.355418656	5.8	3.2	0
5.4	0.927954935	5.4	1	0
45.2	0.847726973	2.8	0.6	0
32.4	0.720322575	7.4	4.2	0
10.7	4.512998773	5.4	2	0
0.4	0.332837245	1	1	0
143.8	0.813752097	2.8	1.8	0
2.733333333	0.394574617	2.6	1	0
17.28	1.054876567	3.6	2.4	0
16.72	0.446412622	4.6	3.6	0
4.65	0.74920582	0.8	0.8	0
60.51666667	1.606178804	8.6	3.6	0
7.433333333	0.497224011	5.2	1.6	0
39.27	1.796590482	10.8	4.6	0
1.4	0.054326578	4	0.8	0
0	0	5	0	0
36.95820728	1.946875043	18.4	11	0
0	0	1	0	0
17.5	1.56698958	6.4	1.8	0
8.3	1.632780272	3.4	1.2	0
23.45	3.002750071	4.8	1.8	0
9.533333333	0.498182577	16	1	0
0	0	16	0	0
39.3	0.86558902	5	2	0
18.4	0.406362257	2.2	0.6	0
7.333333333	1.763426298	6	1.2	0
0	0	0	0	0
97.14285714	1.07118601	3.6	1.8	0
0	0	0	0	0
6.2	0.585975478	0.8	0.4	0
0	0	3	0	0
53.92	2.423403929	2.4	1.4	0
30	0.636466431	0.4	0.2	0
19.46888889	1.357166045	9.8	10.6	0
16.46666667	0.485360147	2.2	0.6	0
7.266666667	0.357240941	2.2	1	0
2.466666667	0.72701147	2.4	0.8	0
5.6	0	4.2	1.4	0
0	0.068548387	4	0.2	0
11.4	1.065441071	1.4	0.6	0
15.25333333	0.948691013	10	5.2	0
14.2	0.595281738	0.4	0.2	0
9.6	1.061730509	1.2	0.4	0
0	0	0	0	0
17.5	0.671845135	2.4	1.2	0
0	0	0	0	0
0.7	0.273584906	0.4	0.4	0
0.8	0	0.8	0.2	0
27.12	1.90679498	2	1.6	0
9.2	0.996156964	1	0.6	0
0	0	0	0	0
26.61764706	4.526231805	15.2	8.8	0
20.68	1.441793563	7	3.2	0
2.1	0.189738145	1.2	0.6	0
0	0	0	0	0
0	0	0	0	0
5.833333333	0.795453627	8.6	1.2	0
8.8	1.44908117	6.8	1.6	0
2.2	0.406629048	1.6	0.6	0
13.2	1.850150004	12	0.8	0
14.43333333	2.881489115	1.8	1.2	0
0	0	0	0	0
0	0	1	0	0
31.41666667	2.594588939	9.8	2	0
0	0.001177258	2	1.2	0
15.54761905	1.080092664	8.6	7	0
1.2	0	1	0.2	0
2.946666667	0.30452381	5.8	2	0
7.3	1.068176317	9.2	2.4	0
28.06666667	2.103790576	6.2	1.8	0
6	0.45232031	5.6	0.8	0
0	0	0	0	0
8.425490196	1.959787771	7.2	10	0
4	0.333178295	8.2	0.2	0
4.4	0.232367419	1.2	0.4	0
2	0.701240298	0.8	1.2	0
88.37489177	2.974917689	9.4	7.2	0
0	0	0	0	0
27.3	1.921217135	4	1.2	0
0	0	0	0	0
0	0	0	0	0
10.86666667	2.106394715	4.4	2	0
25.66666667	1.564357041	9.8	2.6	0
22.92	1.428385109	7.2	3.4	0
16.6	0.675422703	10.6	1.4	0
31.1	1.493153659	2.6	1	0
0	0	0	0	0
46.66978355	2.703510628	16	7	0
2.7	0.730260962	14	0.6	0
10.13473389	1.633260553	10.2	9.4	0
3	0.440361446	1	0.2	0
2.15	0.152198901	1.8	1.8	0
11.10333333	0.500487712	7.4	2.8	0
2.9	0.365716415	2.8	3	0
57.06666667	0.465092184	4.6	1.2	0
1.4	0.534239031	2.8	0.2	0
8.6	0.5375	0.6	0.2	0
10.18833333	1.384274646	9	4.8	0
0	0	0	0	0
0	0	0	0	0
13.9	0.958799627	1	0.6	0
8.2	1.43515427	4.2	1.8	0
4.2	1.02705735	1	1.4	0
4.016666667	0.506968659	2.6	2	0
20.25	0.862265668	4.2	1.8	0
2.266666667	0.262889166	2.2	1.4	0
0.113333333	0	2	4.8	0
0	0	0	0	0
0	0	0	0	0
0	0	0	0	0
0	0	0	0	0
35.47714286	2.106795179	11.4	3.6	0
6	0.307801418	0.8	0.2	0
0	0	0	0	0
0	0.235969603	16	0.2	0
7.4	0.612819254	22	0.6	0
30.4	2.075006911	3.4	0.4	0
15.21405229	1.164494468	14	8	0
0.533333333	0.017191977	1	1.2	0
53.08095238	1.919987438	14.6	6	0
0	0	0	0	0
4.966666667	0.276933098	7	1	0
14.35	3.45452816	10.4	3.8	0
0	0	0	0	0
69.58333333	1.999373719	23.8	7.2	0
37.73333333	1.027969612	1.8	1.2	0
19.24	0.838249786	8.2	4.2	0
1.4	0.325884354	1.6	0.6	0
0	0	4	0	0
1.44	0.292986792	2.8	4.6	0
172.2	1.726451613	1.2	0.6	0
2.2	0.148629609	1.2	0.4	0
5.5	1.176252916	3.8	0.8	0
0	0	0	0	0
15.8	0.4695	1	0.2	0
87	2.569498503	5.4	2	0
87.28333333	4.576814345	3.6	2	0
20	1.505183772	2.2	1.4	0
0	0	0	0	0
16.88	1.178254438	6.6	2.4	0
34.26666667	3.63830623	4.2	1.4	0
0	0	0	0	0
21.9	1.416622529	8.8	1.4	0
63.28	2.200374095	5.4	1.8	0
2.9	1.089475517	1.2	2	0
0	0	0	0	0
0	0	1	0	0
114.2442857	4.857863249	10.8	4.6	0
0	0	0	0	0
2.4	0	2.4	0.4	0
23.03333333	2.032896438	11.8	2.6	0
3.6	0.283185841	0.2	0.2	0
146.1785714	6.365122234	24	6.6	0
59.02134238	0.394365479	10	7.4	0
4	0.507776983	1.8	1.4	0
13.4	0.956045583	11.6	0.8	0
0.4	0.061363636	0.4	0.2	0
0	0	6	0	0
6.7	0.334945084	9.6	0.6	0
0	0.026813187	0	0.8	0
18.55916667	2.134882144	10.6	8.4	0
17.1	0.445474524	3.8	2.2	0
0	0	0	0	0
5.333333333	0.86953468	7.2	2	0
1.533333333	0.276614347	1.6	1.4	0
36.53333333	0.33551211	2	0.8	0
12.78333333	0.561884839	4	2.2	0
14.9	1.347610957	7	1.2	0
21.26666667	1.099780453	10	2	0
2.933333333	0.66914727	5	1.2	0
0.648792271	0	3.4	10.4	0
5.2	0.367063915	0.4	0.4	0
0	0	5	0	0
33.9	1.695584668	10.2	2.2	0
26.71238472	2.419380027	22.4	13.6	0
3.466666667	0.987693042	1.6	1.4	0
0	0	1	0	0
9.2	0	0.6	0.4	0
16	1.313507282	1.6	0.8	0
19.665	1.631914202	10.6	5.4	0
0	0	0	0	0
0	0	0	0	0
1.486666667	0.542491701	2	4.8	0
7.6	0.684372781	3	0.8	0
8.25	1.164339767	6.8	2.2	0
1.2	0.76509472	5	0.4	0
1.733333333	0.237979074	0.4	0.6	0
18.6	1.946473469	9	0.8	0
3.9	2.399245803	5.8	1.8	0
0	0	0	0	0
3.4	0.297253771	5	1	0
0	0	4	0	0
6.8	0.034666667	4.6	1	0
45.30666667	2.365332441	8.6	3.6	0
13.99824561	2.33967025	19.4	10	0
0	0	0	0	0
0.6	0.079162304	1.8	0.4	0
45.72	3.055353946	11.2	3.2	0
1.492857143	0.127478842	3	3	0
0.973333333	0.146126367	2.8	2.4	0
1.3	0.10619373	2.6	0.6	0
5.4	0.065779817	3	1.4	0
5.028571429	0.502220978	2.2	2.2	0
2	0.168	2.8	0.4	0
9.6	0.535614166	5.6	2.2	0
29.5	0.690912263	2.4	0.8	0
12.96666667	0.758930288	4.4	2	0
0	0	7	0	0
0	0	8	0	0
14.12	1.336326318	2	1.2	0
1.033333333	0.177007327	3	2.2	0
0	0	0	0	0
3.68	0.560205513	4	1.8	0
3.3	0.770613943	2.4	1.4	0
98.28	2.3871547	7.2	3	0
1.8	0.473563218	2.8	1	0
0	0.239072789	1	0.6	0
19.6	0	0.2	0.4	0
0	0	0	0	0
0	0	17	0	0
8.933333333	1.957403223	5.4	0.8	0
22.04212454	1.769510021	27	12.6	0
39.68	1.536715549	12.2	5.8	0
20.73666667	2.053034316	6.2	2.6	0
23.1	1.711786592	3.8	1.4	0
25.38571429	0.819499406	2.6	2.2	0
33.70722222	2.735927616	18.2	6.2	0
3.26	0.643959621	7.8	1.6	0
10.3	0.57163424	1.6	1	0
0	0	10	0	0
71.8	2.663688081	1.2	0.6	0
3.6	0.431646149	4.8	0.6	0
498.6	1.652231835	6.2	1.8	0
3.966666667	1.202515118	1.6	1	0
9.4	0.610763821	6.6	0.4	0
0	0.308688525	0	0.2	0
4.352792208	1.243850358	5.6	7.8	0
0	0	0	0	0
8.163636364	0.842739555	4.2	2.8	0
5.2	1.106534935	2.6	0.6	0
32.4	0.528949893	5.2	1.8	0
11.30769231	0.798595485	3.8	5	0
28.46428571	4.145512562	2.2	2.2	0
0	0	0	0	0
0	0	0	0	0
322.41	4.946167979	17.2	7.2	0
30	0.636466431	0.8	0.2	0
1.6	0.369540793	1	0.4	0
2.533333333	0.716186146	2.2	1	0
3.2	0.283512453	2	0.6	0
0	0	1	0	0
66.8	1.690184049	5	0.4	0
56.8	5.26975089	5.2	0.2	0
13.1	1.51807164	3	0.6	0
7.85	1.178719105	3.8	1.2	0
18.2	0.73575	4	0.4	0
0	0	0	0	0
9.667619048	1.978048226	10	4	0
28.835	2.272558847	9.2	4.6	0
34.4	1.924310806	0.6	0.4	0
34.40539461	2.649233994	13.8	8	0
16.98333333	2.162208892	5.4	3.4	0
0	0	0	0	0
49.99702381	3.275903693	25	12.2	0
16.46666667	0.850208254	2	1	0
0	0	0	0	0
38.59616162	1.286216315	18.8	11.4	0
0.2	0.069100867	3	0.4	0
0	0	2	0	0
20.3577381	1.646295447	17	8.6	0
2.4	0.614559734	1.4	1.6	0
30.68333333	2.055783541	9.8	2.2	0
27.72666667	1.050098905	9.6	3	0
52.43333333	2.045052317	10.6	2.6	0
14.0125	4.566809842	12.2	6	0
22.31547619	5.176692581	15.6	5.4	0
0.9	0.252578249	13	0.6	0
4.6	0.45209513	0.2	0.2	0
2.6	1.090804598	0.4	0.4	0
13.5	0.724920217	6.8	1.2	0
1.2	0.360534562	3.4	0.6	0
272.72	5.511744996	13.8	4.4	0
0	0	0	0	0
3.10560054	0	3	18.2	0
30.95	1.541569624	7	2.6	0
122.1866667	2.946408521	34	4	0
7	1.037971159	2	1.2	0
19.44848485	0.983873836	13.4	8.8	0
5.2	0.458274399	0.2	0.2	0
63	1.889418589	3.8	0.6	0
9.6	0	0.2	0.2	0
4.4	0.1511772	0.2	0.2	0
2.333333333	0.339134236	1	1.6	0
0	0	0	0	0
18.65601162	2.29747912	26.2	13.8	0
1.2	0.188544892	6	0.2	0
1	0	2.2	2	0
0	0	21	0	0
14.23333333	1.443045748	20.6	2.2	0
14.60833333	0.421445355	3.4	4	0
0	0	0	0	0
4.577777778	0.826334104	4.6	3	0
20.18	2.84920622	24.6	5	0
24.41666667	2.525265969	16.8	4	0
19.87	4.002420828	4.2	2.4	0
21.34809524	1.030921837	8.4	6.2	0
1.741666667	0.179428415	2	4	0
10.2	0.768006121	3.2	1	0
0	0	6	0	0
0	0	0	0	0
5.2	0.422797927	8	0.2	0
14	0.500263235	11	0.2	0
28.96904762	2.841516388	19.2	7	0
11.575	1.079169132	13.8	3.4	0
22.93333333	4.308336083	9.6	3.2	0
37.14690476	4.289628042	27	10.4	0
7.35	0.055238095	0.8	1	0
139.2619048	2.110930111	12.2	6.6	0
9.821247174	1.30005895	13	11.6	0
1.925	0.56832746	6.8	2.4	0
68.18974359	9.174996038	27.4	4.4	0
59	6.657341077	5.8	0.4	0
26.33333333	2.375413356	4.2	4.6	0
17.4	1.757412676	8.8	1	0
21	4.422782478	0.6	0.6	0
0.2	0	0.2	0.4	0
17.45575758	3.853063939	22	10.6	0
21.9	1.756983401	4.4	1.6	0
5.159090909	1.645541678	5.6	4.8	0
18.4	1.717655678	10.6	0.2	0
25.46666667	2.56779089	8.6	1.4	0
2.480659341	0.871238422	5.4	11.4	0
21.12380952	0.604658785	8.8	4	0
3.356666667	0.19002892	5.6	7	0
2.8	0.933544104	0.2	0.2	0
0.6	0.303987961	8	0.2	0
6.3	0.566102232	2.2	1.4	0
12.57333333	1.443397768	10.8	3	0
12.73142857	1.547144892	3.4	3.2	0
16	1.654609416	10.8	0.8	0
0	0	0	0	0
2.1	0.553713521	3	1.2	0
0	0	0	0.4	0
20.23333333	2.177353864	12.8	2.2	0
0	0	7	0	0
82.96666667	0.667952692	5.8	1.8	0
1.1	0.40340582	4.6	0.8	0
3.166666667	0.530995264	2	1.4	0
18.32111111	2.072444825	20	5.4	0
23.68174603	1.945809469	7.4	5	0
13.8	1.368760169	0.4	0.2	0
16.31452991	1.42566463	15.2	6.2	0
6.8	1.757006132	12	2.2	0
1.8	0.047457627	3.6	0.4	0
24.6	2.679735899	11.2	2	0
17.33333333	3.393113093	23	2.2	0
13.2	3.27125852	9.8	1.2	0
31.34166667	2.155688252	9	4.4	0
0	0	13	0	0
14.63	1.110409959	9.4	2	0
32.46712121	2.950086545	20.4	8.2	0
11.4	0.85797822	1.2	0.4	0
0.4	0	1	0.4	0
32.5047619	2.103217491	12.8	5	0
33.2	1.65166575	9.2	1.6	0
17.55	1.616654646	2.6	1.6	0
1.5	0.859503278	2.8	3	0
1.6	0.12442323	2	0.6	0
16.79333333	2.638607545	9.4	3	0
4.209090909	1.111887866	6.6	4.4	0
0	0	0	0	0
20.31666667	2.908983713	22.2	7.8	0
10.2	0.953139605	1.4	0.8	0
32.55	2.718805658	23.2	2.8	0
11.7	1.322831063	5.4	0.6	0
16.7	0.626038965	3.8	0.8	0
16.71333333	1.259029243	8.2	3.4	0
0	0	1	0	0
12.73333333	5.253735457	5.2	1.4	0
2.2	0	0.4	0.2	0
0	0	0	0	0
5.55	1.453501434	2.8	2.2	0
6.166666667	1.342313113	2.6	3	0
18.95333333	1.500255385	4	3.2	0
3.2	0.361176471	0.2	0.2	0
2.6	0.098854962	1	0.4	0
34.40238095	4.928779922	16	3	0
15.04	1.704179654	4	3	0
2.2	0.741447898	2.6	0.4	0
27.74285714	2.948199693	2.6	1.8	0
28.63	2.000731219	14.4	4.2	0
20.61428571	2.107201786	7.8	4	0
20.36	0.958525321	13.6	1.8	0
38.92833333	4.790707305	19.4	5.6	0
39.56	1.887238384	10	1.8	0
34.6	4.915159191	4.4	1.6	0
0.768595818	1.272188314	4.4	23.8	0
0.027272727	0	4	4.8	0
0	0	0	0	0
25.46666667	0.407478643	8	0.6	0
18.50727273	0.547370317	10.6	9.2	0
8.583333333	1.477445804	5.4	1.8	0
32.73452381	3.044004109	18.8	6	0
18.3	0.797038424	5	0.4	0
15.58484848	1.338962547	15.2	6.2	0
8.2	0.549238579	3.2	1.6	0
25.9	2.955647271	8.2	1.6	0
60.35	1.827349058	5.4	2.2	0
10.8	1.498267696	5.2	1.6	0
8.8	1.439981174	3	0.6	0
80.45	2.960683359	8.4	1.4	0
19.6	0	0.2	0.2	0
13	1.580923842	2.8	0.4	0
0	0	0	0	0
35.94615385	1.892513122	6.6	6.8	0
4.133333333	0.688383212	1.4	1	0
0	0	0	0	0
16.4	2.718853191	3.4	2.2	0
25.26666667	0.733925928	2.6	0.8	0
4.605213675	1.539533053	7.4	12	0
14.9	1.029933549	10.4	0.8	0
71.8	1.472166121	7	2	0
5.932380952	1.453209719	5.8	6.2	0
62.48571429	0.958052927	14.2	1.6	0
0	0	0	0	0
23.15714286	0.823617077	4	2.2	0
5.95	0.811286	3.8	1.2	0
2.6	0.315652174	2	0.8	0
0	0	0	0.2	0
5.2	0.440497861	3.8	0.8	0
53.56666667	2.633219956	10.8	1.6	0
33.05479798	2.294898501	22.6	10	0
137.68	2.284634941	6	4.2	0
4.790909091	0.486034516	2.2	2.6	0
9.3	2.585095863	8.8	2.8	0
30.65333333	1.920526643	7	3.6	0
11.7	1.204308899	3.6	1	0
0	0	1	0	0
90.86666667	1.17631068	2	0.8	0
16.63333333	2.350771416	5.6	1.8	0
0.931428571	0.979368811	2	2.4	0
11.9	1.838926842	11	2.2	0
41.42857143	2.546859914	9	5.2	0
6.992857143	0.638370688	5.4	4.8	0
4.1	0.301269394	1.4	1.6	0
0	0	2	0.4	0
0.113636364	0	2	7	0
0.119047619	0	2	5	0
0.152380952	0	1.6	4.8	0
5.266666667	0.725342352	0.6	0.6	0
18.86666667	1.173747808	6.2	5	0
0.1	0	0.8	0.4	0
20.12333333	2.753247845	12	5.2	0
9.633333333	1.163214131	2	1	0
1.8	2.180762653	1.2	1.8	0
11.76666667	1.878346238	5	2.8	0
13.92	0.321193636	4.6	3.6	0
0.4	0.114237767	0.4	1.4	0
62.35	2.089304939	9.4	3.2	0
29.04812753	1.664731433	9.8	13.6	0
70.13729604	5.577326378	29.8	8.4	0
114.2	1.628159076	0.2	0.2	0
0	0	2	0.4	0
1.5	0.635374766	2.4	0.8	0
0.4	0.177393857	1.2	0.8	0
29.3	3.36456063	6.8	1.6	0
11.9625	0.623559579	5.8	4.2	0
8.36	0.571427944	1.4	1.2	0
21.26047619	2.943329035	11.2	5.4	0
6.6	0.932346538	1.2	0.6	0
13.6	2.00671983	11.6	3.8	0
8	0.670292203	7.8	1	0
12.18333333	1.041977152	3.4	1.8	0
4.133333333	2.060935719	3.6	2	0
26.9	1.993848516	4.8	1.6	0
3.12	0.327288591	8	1	0
10.52	2.798710267	4.8	3.4	0
31.65714286	3.123399901	8.8	4.4	0
60.14	3.822554408	7.4	3.2	0
35.05	2.561935561	4.8	1.6	0
26.6	1.091320649	1	0.4	0
36.24285714	0.90080094	8.6	6	0
8.5	0.665521872	1.6	0.6	0
13.49666667	3.528609459	8	3.8	0
0	0	0	0	0
0	0	1	0	0
44.56571429	2.476797939	3.2	2.4	0
53.4	5.093484488	12	5.4	0
0.4	0.224316788	2	0.6	0
2	0.37443448	3.6	0.8	0
26.36606061	2.003910959	11.6	6.8	0
11.8	0.413065903	1.6	0.2	0
14.95333333	1.084126466	11.2	7	0
0.933333333	0.564027251	2	0.8	0
60.71666667	1.469180152	3.8	2.4	0
6.84	0.814528619	3.8	1.6	0
6.33	1.611539476	6.6	3	0
15.93333333	2.067044373	4.4	1.2	0
12.96666667	1.789965761	5.4	1	0
7.1	0.855309588	5.6	0.8	0
4.333333333	0.427617016	7	0.6	0
18.66666667	3.038300364	10	3.6	0
20.54444444	2.046261428	8.4	4	0
38.35666667	2.340186332	5.2	3	0
76.76666667	3.522423895	6.2	1.2	0
68.9	2.860320035	3.6	1.6	0
123.9	3.867715479	7.2	2.2	0
5.8	1.530835301	3.6	0.8	0
0.8	0.809187279	0.2	0.2	0
18.74	1.181179515	6.2	4.8	0
7.233333333	2.052897644	3.6	2.2	0
26.6	2.505843932	3.6	1.2	0
49.81	4.551822038	12	3.6	0
12.145	2.314810593	4.4	4	0
21.74666667	1.173747808	5.8	4.4	0
23.54166667	2.418586072	10.8	5.2	0
20.2	1.654129376	3	1	0
23.21	2.742050484	10.2	6.8	0
3.95	0.481811269	3.4	1.2	0
46.9	2.418291272	3.6	1	0
16.67151515	1.654784148	4.2	4	0
13.55571429	2.301512088	10.4	7.4	0
16.99714286	1.688196242	5.2	4.6	0
