1038923144	12728	185592680	chemistry
1271947275	16602	71924100	medicine
131319887	21587	185592680	chemistry
133617699	11602	127313418	geology
1444178764	101797	86803240	biology
1448253162	101865	185592680	chemistry
1539806497	13216	121332964	physics
1576773954	100121	41008148	computer science
1603576898	18294	121332964	physics
1608617265	17992	185592680	chemistry
16175187	15193	121332964	physics
1635148374	100704	121332964	physics
1691077143	11331	121332964	physics
1732681176	22662	86803240	biology
1836986099	100542	71924100	medicine
1850186082	100895	185592680	chemistry
1888231534	10903	127313418	geology
1927090480	13801	185592680	chemistry
1958451539	100154	185592680	chemistry
1960845010	18341	127313418	geology
1966110729	13157	185592680	chemistry
1968161625	101982	185592680	chemistry
1968345808	101221	185592680	chemistry
1970001392	10866	86803240	biology
1970867776	1350	121332964	physics
1974088248	100370	185592680	chemistry
1974349701	17724	185592680	chemistry
1979227124	101907	185592680	chemistry
1982242293	100258	121332964	physics
1988806692	10430	185592680	chemistry
1994688273	19853	185592680	chemistry
1996848065	17111	185592680	chemistry
2003632787	11015	185592680	chemistry
2004755069	18841	185592680	chemistry
2005906460	19779	185592680	chemistry
2006121441	1146	86803240	biology
2012155431	1523	121332964	physics
2012629954	1142	162324750	economics
2015271504	100510	185592680	chemistry
2015978226	14217	71924100	medicine
2030349702	12286	185592680	chemistry
2031021946	18414	127313418	geology
2036747627	100205	127313418	geology
2038483846	15605	185592680	chemistry
2045091259	15600	127313418	geology
2047821128	15339	121332964	physics
2050393382	101842	121332964	physics
2051996979	1922	185592680	chemistry
2054176951	100475	144133560	business
2054574724	100509	185592680	chemistry
2060111482	101230	185592680	chemistry
2062834979	10965	185592680	chemistry
2076549823	10133	127313418	geology
2077629561	15531	185592680	chemistry
2078976392	16839	121332964	physics
2080708255	1598	41008148	computer science
2081002742	14533	185592680	chemistry
2082091093	17819	86803240	biology
2085353145	10496	121332964	physics
2094254772	10581	121332964	physics
2095989233	12153	185592680	chemistry
2096012845	16637	185592680	chemistry
2096074236	16227	185592680	chemistry
2096211601	14644	121332964	physics
2096426325	101015	185592680	chemistry
2096529290	10996	121332964	physics
2096859810	15510	121332964	physics
2097143273	15159	71924100	medicine
2097388762	100711	33923547	mathematics
2097598128	17650	121332964	physics
2097630498	2266	185592680	chemistry
2097759080	15223	121332964	physics
2097770050	11160	127413603	engineering
2097770940	21394	71924100	medicine
2097784377	15229	185592680	chemistry
2097899473	18076	185592680	chemistry
2098020462	12423	127313418	geology
2098148920	10354	185592680	chemistry
2098358014	17735	185592680	chemistry
2098403833	18521	127313418	geology
2098532121	100409	121332964	physics
2098593305	17753	71924100	medicine
2098899419	101633	121332964	physics
2098949147	17359	185592680	chemistry
2099501432	10879	121332964	physics
2099518557	16206	185592680	chemistry
2099688208	15820	71924100	medicine
2099761418	10921	185592680	chemistry
2099886892	10947	185592680	chemistry
2100208026	16716	185592680	chemistry
2100441007	15915	185592680	chemistry
2100669167	101101	86803240	biology
2101113946	15993	127313418	geology
2101219287	101154	185592680	chemistry
2101329718	18051	185592680	chemistry
2101459624	17262	185592680	chemistry
2101535555	13630	121332964	physics
2101547259	12410	71924100	medicine
2101620962	10344	121332964	physics
2101628630	15632	185592680	chemistry
2101706991	101194	86803240	biology
2101729186	16888	185592680	chemistry
2101785262	18492	144133560	business
2102102314	12859	185592680	chemistry
2102482097	100853	127313418	geology
2102489353	1213	127313418	geology
2102528474	12495	127313418	geology
2102600671	14142	71924100	medicine
2102767823	100003	121332964	physics
2102842690	100882	185592680	chemistry
2103025136	100030	41008148	computer science
2103139349	2063	185592680	chemistry
2103217944	12146	121332964	physics
2103283584	1696	185592680	chemistry
2103451698	14638	185592680	chemistry
2103655877	100132	121332964	physics
2103846408	13071	121332964	physics
2103985564	19202	185592680	chemistry
2104017708	18350	185592680	chemistry
2104766580	15992	185592680	chemistry
2104846757	12771	121332964	physics
2105230980	19512	185592680	chemistry
2105335104	10064	71924100	medicine
2105361302	1683	185592680	chemistry
2105503724	101727	121332964	physics
2105823394	18311	185592680	chemistry
2105919609	10145	86803240	biology
2105997537	19612	185592680	chemistry
2105999369	12647	121332964	physics
2106121357	17931	121332964	physics
2106134270	15107	185592680	chemistry
2106143890	100642	185592680	chemistry
2106228171	15118	127313418	geology
2106331110	14744	185592680	chemistry
2106412578	11498	185592680	chemistry
2106431107	11499	121332964	physics
2106974805	16634	127313418	geology
2107033636	13803	185592680	chemistry
2107074686	100971	185592680	chemistry
2107091752	19120	185592680	chemistry
2107093110	10915	185592680	chemistry
2107208078	100114	33923547	mathematics
2107274079	1738	121332964	physics
2107463084	19599	185592680	chemistry
2107479391	101785	71924100	medicine
2107486728	14285	185592680	chemistry
2107548820	100171	185592680	chemistry
2107670029	100640	185592680	chemistry
2107763161	10589	41008148	computer science
2107828486	101429	185592680	chemistry
2107838235	17154	121332964	physics
2107867609	100218	185592680	chemistry
2107876906	17160	71924100	medicine
2107882475	11482	185592680	chemistry
2107949728	13923	185592680	chemistry
2108034294	101459	121332964	physics
2108053279	13535	185592680	chemistry
2108518937	12374	71924100	medicine
2108594078	24715	185592680	chemistry
2108626641	19745	86803240	biology
2108995059	101952	71924100	medicine
2109042203	101561	41008148	computer science
2109064762	101190	71924100	medicine
2109213700	100796	121332964	physics
2109455087	1581	127313418	geology
2109589208	10791	185592680	chemistry
2109619210	1981	185592680	chemistry
2109686459	100833	121332964	physics
2109738503	16954	185592680	chemistry
2109901351	10400	185592680	chemistry
2110010977	1226	185592680	chemistry
2110247095	25306	185592680	chemistry
2110317904	15348	41008148	computer science
2110398804	19888	185592680	chemistry
2110444650	101672	127313418	geology
2110806875	12175	127313418	geology
2110972244	18694	127313418	geology
2111160539	101018	185592680	chemistry
2111636943	13522	185592680	chemistry
2112089773	16396	185592680	chemistry
2112094511	25915	185592680	chemistry
2112191794	100308	33923547	mathematics
2112241722	18870	41008148	computer science
2112249111	11120	71924100	medicine
2112410251	18888	185592680	chemistry
2112651016	2288	185592680	chemistry
2112852317	13642	33923547	mathematics
2113056433	101212	41008148	computer science
2113295327	101603	185592680	chemistry
2113321677	16932	185592680	chemistry
2113553621	10393	127313418	geology
2113601707	22299	71924100	medicine
2113772379	14148	121332964	physics
2113860221	13344	121332964	physics
2113871370	101647	127313418	geology
2113896744	10830	86803240	biology
2114289250	19081	185592680	chemistry
2114395268	101710	41008148	computer science
2114835014	13053	127313418	geology
2114894524	22448	144133560	business
2115068367	26630	71924100	medicine
2115184076	15751	33923547	mathematics
2115204182	15755	71924100	medicine
2115482269	19533	185592680	chemistry
2115518473	1301	41008148	computer science
2115676872	11367	127313418	geology
2115683624	1322	86803240	biology
2115799612	1339	185592680	chemistry
2115852572	101376	33923547	mathematics
2116979270	13184	71924100	medicine
2117583357	100767	121332964	physics
2117662865	15640	185592680	chemistry
2117722709	101567	185592680	chemistry
2117806245	10021	185592680	chemistry
2117806615	10022	121332964	physics
2117902370	17399	33923547	mathematics
2117909648	100487	71924100	medicine
2117911888	10861	86803240	biology
2117995152	10874	121332964	physics
2118012899	11318	185592680	chemistry
2118340910	12594	185592680	chemistry
2118468090	101755	185592680	chemistry
2118715099	11842	185592680	chemistry
2119075401	21678	185592680	chemistry
2119186431	13527	185592680	chemistry
2119208063	17177	127313418	geology
2119403171	13165	185592680	chemistry
2119538745	101890	185592680	chemistry
2119787728	13599	185592680	chemistry
2120227044	100355	41008148	computer science
2120267938	100360	185592680	chemistry
2120789497	12466	121332964	physics
2120980052	100425	71924100	medicine
2121296370	12906	185592680	chemistry
2121634760	100021	185592680	chemistry
2121636356	100022	185592680	chemistry
2121684157	15764	86803240	biology
2121794012	26530	71924100	medicine
2121827670	13393	41008148	computer science
2122334183	17499	185592680	chemistry
2122662439	22486	185592680	chemistry
2122688857	101046	121332964	physics
2122877835	13512	185592680	chemistry
2122936381	15519	185592680	chemistry
2122971660	14339	71924100	medicine
2123292472	15174	185592680	chemistry
2123299815	21726	185592680	chemistry
2123491230	15989	127313418	geology
2123554798	16410	127313418	geology
2123782553	101165	185592680	chemistry
2123832577	11583	185592680	chemistry
2124019450	18086	185592680	chemistry
2124040207	100769	185592680	chemistry
2124519438	101595	185592680	chemistry
2124601434	16522	185592680	chemistry
2124847487	100426	185592680	chemistry
2124985871	11259	185592680	chemistry
2125007492	13326	185592680	chemistry
2125103526	12505	127413603	engineering
2125594067	100926	185592680	chemistry
2125937676	2057	185592680	chemistry
2126108746	100526	185592680	chemistry
2126325336	13814	185592680	chemistry
2126598239	1766	121332964	physics
2126620193	101017	185592680	chemistry
2126646037	17109	185592680	chemistry
2126748639	12245	185592680	chemistry
2126780381	14298	185592680	chemistry
2126784060	20016	185592680	chemistry
2127028452	100658	121332964	physics
2127110017	100223	71924100	medicine
2127231512	11902	127313418	geology
2127283285	1843	185592680	chemistry
2127457877	1067	185592680	chemistry
2127482080	25124	185592680	chemistry
2127545577	10270	185592680	chemistry
2127647142	19724	185592680	chemistry
2127707154	20546	185592680	chemistry
2128096563	16456	185592680	chemistry
2128117947	10319	185592680	chemistry
2128503221	14179	185592680	chemistry
2128550989	10442	41008148	computer science
2128644516	19063	185592680	chemistry
2128798233	10892	185592680	chemistry
2128841583	10074	185592680	chemistry
2128988173	15035	185592680	chemistry
2128990482	101733	41008148	computer science
2128992624	19956	121332964	physics
2129227838	18202	127313418	geology
2129593249	100532	127313418	geology
2130721509	11070	185592680	chemistry
2130843383	10658	71924100	medicine
2130861406	11521	127313418	geology
2130924367	17604	71924100	medicine
2131080187	100296	71924100	medicine
2131137979	100306	185592680	chemistry
2131178850	11119	185592680	chemistry
2131275536	10708	185592680	chemistry
2131277222	20145	86803240	biology
2131429058	18894	121332964	physics
2131706016	10339	185592680	chemistry
2131739859	100782	185592680	chemistry
2131819754	14468	185592680	chemistry
2131989740	19804	71924100	medicine
2131991232	16496	71924100	medicine
2131999218	21825	86803240	biology
2132107073	101589	185592680	chemistry
2132454125	14530	86803240	biology
2132497437	12888	185592680	chemistry
2133114991	101289	185592680	chemistry
2133211564	19897	121332964	physics
2133257907	101689	185592680	chemistry
2133429122	12566	86803240	biology
2133459885	100074	185592680	chemistry
2133654939	15837	185592680	chemistry
2133686752	100567	185592680	chemistry
2134092568	101039	185592680	chemistry
2134193755	11018	185592680	chemistry
2134244575	26253	121332964	physics
2134312951	16327	127313418	geology
2134556880	101099	185592680	chemistry
2134578569	10242	127313418	geology
2134808412	1070	185592680	chemistry
2134989885	101502	121332964	physics
2135145246	1510	71924100	medicine
2135584487	101187	185592680	chemistry
2135656279	22223	185592680	chemistry
2135667906	101570	127313418	geology
2135700235	100791	185592680	chemistry
2136332006	16540	127413603	engineering
2136788114	100467	121332964	physics
2136788761	10836	185592680	chemistry
2137196612	19087	185592680	chemistry
2137368325	15408	185592680	chemistry
2137389775	100966	185592680	chemistry
2137632594	107	121332964	physics
2137912951	16714	185592680	chemistry
2138346364	10230	185592680	chemistry
2138511968	1857	185592680	chemistry
2138517614	11080	127313418	geology
2138527451	100269	33923547	mathematics
2138570463	24242	71924100	medicine
2138596737	25116	71924100	medicine
2138599139	100276	185592680	chemistry
2139199562	15227	185592680	chemistry
2139494837	19378	185592680	chemistry
2139707632	101579	185592680	chemistry
2139860868	100391	185592680	chemistry
2140006397	14521	185592680	chemistry
2140105419	101611	185592680	chemistry
2140154294	14117	41008148	computer science
2140308415	23560	185592680	chemistry
2140431516	23128	121332964	physics
2140511503	101259	185592680	chemistry
2140513983	14936	185592680	chemistry
2140534075	18575	185592680	chemistry
2140567352	14153	185592680	chemistry
2140798433	15752	127413603	engineering
2140934447	15376	121332964	physics
2141038765	10478	121332964	physics
2141064685	15791	185592680	chemistry
2141182979	10080	185592680	chemistry
2141406416	10106	33923547	mathematics
2141488191	1737	185592680	chemistry
2141591688	15455	86803240	biology
2141633425	11416	185592680	chemistry
2141714118	101399	185592680	chemistry
2141754287	17529	185592680	chemistry
2142023537	14325	185592680	chemistry
2142042673	15121	121332964	physics
2142571406	12348	185592680	chemistry
2142629355	16393	185592680	chemistry
2142696246	14413	185592680	chemistry
2142779135	101507	121332964	physics
2142849031	100313	127313418	geology
2143033186	18461	71924100	medicine
2143225671	19357	185592680	chemistry
2143296467	16047	185592680	chemistry
2143431357	101196	121332964	physics
2143438731	11185	86803240	biology
2143531598	100377	71924100	medicine
2143774500	10780	127313418	geology
2143895243	12863	127313418	geology
2143948994	15292	185592680	chemistry
2144260202	20697	71924100	medicine
2144544988	10828	121332964	physics
2144857981	11316	185592680	chemistry
2144971638	101703	41008148	computer science
2145111652	12165	185592680	chemistry
2145518809	15072	185592680	chemistry
2145672976	101034	127313418	geology
2145821385	13094	185592680	chemistry
2145896604	16735	185592680	chemistry
2145927632	11882	185592680	chemistry
2146068286	13915	71924100	medicine
2146159935	101855	185592680	chemistry
2146190169	15543	185592680	chemistry
2146205960	101100	185592680	chemistry
2146534283	13182	185592680	chemistry
2146776596	101152	185592680	chemistry
2146963720	22195	185592680	chemistry
2147160333	101945	121332964	physics
2147182381	101556	121332964	physics
2147442036	101201	185592680	chemistry
2147468566	101974	185592680	chemistry
2147536352	10361	185592680	chemistry
2147953322	11250	185592680	chemistry
2148035582	100427	185592680	chemistry
2148158435	100435	185592680	chemistry
2148241695	15756	121332964	physics
2148373778	14983	86803240	biology
2148528986	10890	71924100	medicine
2148804857	19075	185592680	chemistry
2148826160	100047	71924100	medicine
2148997308	10502	121332964	physics
2149075443	21979	185592680	chemistry
2149130438	12186	185592680	chemistry
2149380928	10542	185592680	chemistry
2149571730	132	185592680	chemistry
2149695215	17552	185592680	chemistry
2149824610	19213	127313418	geology
2150204707	10652	185592680	chemistry
2150233668	11920	86803240	biology
2150473236	11546	41008148	computer science
2150728575	14011	185592680	chemistry
2151055420	10742	185592680	chemistry
2151070175	11993	121332964	physics
2151084988	1540	185592680	chemistry
2151235512	101566	185592680	chemistry
2151259554	12009	185592680	chemistry
2151342048	11622	185592680	chemistry
2151579175	1972	185592680	chemistry
2151912543	14911	86803240	biology
2151998658	24388	185592680	chemistry
2152337989	100455	185592680	chemistry
2152683057	16603	121332964	physics
2152738901	16196	86803240	biology
2152882526	100948	121332964	physics
2152893395	15811	185592680	chemistry
2152994167	101725	185592680	chemistry
2153167194	100117	185592680	chemistry
2153232952	13046	185592680	chemistry
2153415940	10143	185592680	chemistry
2153566414	12654	185592680	chemistry
2153710799	101057	185592680	chemistry
2153869789	101080	121332964	physics
2154167131	17597	185592680	chemistry
2154478110	12366	185592680	chemistry
2154814167	101536	185592680	chemistry
2155025462	101555	185592680	chemistry
2155039468	22653	86803240	biology
2155532178	17737	127313418	geology
2155779314	10388	185592680	chemistry
2155878310	19442	127313418	geology
2156502801	100900	185592680	chemistry
2156509782	100024	86803240	biology
2156550458	10862	121332964	physics
2156608130	10048	185592680	chemistry
2156744388	100052	185592680	chemistry
2156824450	10072	86803240	biology
2156868088	15018	121332964	physics
2157650756	12271	185592680	chemistry
2157724596	18359	71924100	medicine
2157821345	20050	185592680	chemistry
2157966202	1047	121332964	physics
2158018883	17589	185592680	chemistry
2158059630	14765	121332964	physics
2158255297	2239	185592680	chemistry
2158369889	15986	185592680	chemistry
2158622267	11137	185592680	chemistry
2159080849	100781	185592680	chemistry
2159210809	100372	185592680	chemistry
2159403133	101985	185592680	chemistry
2159421893	16508	185592680	chemistry
2159573643	26842	71924100	medicine
2159749703	10387	185592680	chemistry
2160651582	11749	121332964	physics
2160668698	12557	86803240	biology
2160875315	13804	185592680	chemistry
2160963618	10519	127313418	geology
2161073058	13033	185592680	chemistry
2161104559	19147	121332964	physics
2161630128	10194	121332964	physics
2161986663	12316	127413603	engineering
2162128868	101880	121332964	physics
2162148692	2236	71924100	medicine
2162439037	15577	71924100	medicine
2162724639	21783	185592680	chemistry
2162991425	10343	121332964	physics
2163282127	17720	71924100	medicine
2163407672	101988	185592680	chemistry
2163715003	101239	185592680	chemistry
2164265020	100007	185592680	chemistry
2164426628	15356	185592680	chemistry
2164456919	17011	185592680	chemistry
2164476571	19893	185592680	chemistry
2164698427	10067	185592680	chemistry
2164816594	10084	71924100	medicine
2164934295	10099	121332964	physics
2164961394	17471	185592680	chemistry
2165279935	123	86803240	biology
2165347178	20858	185592680	chemistry
2166115554	14189	41008148	computer science
2166284823	17044	41008148	computer science
2166355422	14613	185592680	chemistry
2166436664	10083	71924100	medicine
2166527887	15825	185592680	chemistry
2166651103	1340	185592680	chemistry
2166657377	100113	127313418	geology
2166719534	10536	185592680	chemistry
2166991338	10994	86803240	biology
2167093233	100185	185592680	chemistry
2167245420	14717	121332964	physics
2167480345	14752	185592680	chemistry
2169327097	19609	185592680	chemistry
2169579777	1005	185592680	chemistry
2169646484	10205	185592680	chemistry
2169925756	11071	185592680	chemistry
2169936275	15151	86803240	biology
2169958147	12703	71924100	medicine
2170018309	100271	121332964	physics
2170046461	13946	71924100	medicine
2170619515	11754	127313418	geology
2170623424	13402	185592680	chemistry
2170955126	100560	121332964	physics
2170979580	11384	121332964	physics
2171032956	14261	185592680	chemistry
2171145606	23262	185592680	chemistry
2171460981	101806	185592680	chemistry
2171477566	15896	121332964	physics
2171492904	13091	185592680	chemistry
2171529809	10192	86803240	biology
2171648815	14725	71924100	medicine
2171933092	25882	127313418	geology
2172025619	100272	185592680	chemistry
2172278389	101138	127413603	engineering
2173159169	100891	185592680	chemistry
2179868083	101678	185592680	chemistry
2182670452	12340	41008148	computer science
2182983436	118	185592680	chemistry
2183365573	10105	185592680	chemistry
2184627124	1319	185592680	chemistry
2185478519	17121	185592680	chemistry
2186560332	14527	185592680	chemistry
2187660435	17989	185592680	chemistry
2188615100	100780	121332964	physics
2190404864	13132	71924100	medicine
2193239958	10776	121332964	physics
2193636198	17771	127313418	geology
2195987324	11387	185592680	chemistry
2198152147	100237	127313418	geology
2203473815	13137	121332964	physics
2203747025	12398	185592680	chemistry
2211253856	100406	121332964	physics
2216487322	13684	121332964	physics
2220797990	14220	185592680	chemistry
2221991567	10018	121332964	physics
2222468522	19468	71924100	medicine
2222691799	10634	71924100	medicine
2222764328	101915	127313418	geology
2223532138	21150	185592680	chemistry
2223707507	13139	71924100	medicine
2226881534	100283	41008148	computer science
2230237026	17710	121332964	physics
2231127487	22503	185592680	chemistry
2232014691	100727	185592680	chemistry
2232901002	16528	185592680	chemistry
2235824192	14562	185592680	chemistry
2236867554	19749	185592680	chemistry
2237693315	11200	185592680	chemistry
2238404005	101164	127313418	geology
2241857963	26772	121332964	physics
2243035882	12109	127313418	geology
2243128899	18299	71924100	medicine
2243209819	1038	121332964	physics
2245040899	10040	121332964	physics
2247273528	15152	127413603	engineering
2247598161	12964	71924100	medicine
2248446018	12008	185592680	chemistry
2250209045	101841	127313418	geology
2250507863	17144	71924100	medicine
2250864379	100408	185592680	chemistry
2251045292	16787	185592680	chemistry
2251482032	12421	33923547	mathematics
2251772204	100662	121332964	physics
2252268035	13536	185592680	chemistry
2252970588	1553	185592680	chemistry
2253871920	1516	121332964	physics
2254564139	100166	185592680	chemistry
2255035661	100543	185592680	chemistry
2259926689	11073	121332964	physics
2260065451	19320	121332964	physics
2260077101	18882	162324750	economics
2260331554	18529	185592680	chemistry
2261770205	16663	121332964	physics
2263177216	1475	185592680	chemistry
2263228940	18033	121332964	physics
2263613222	1605	121332964	physics
2264509279	12014	185592680	chemistry
2270552737	16296	185592680	chemistry
2272128298	100619	121332964	physics
2272957924	1462	121332964	physics
2274880357	101249	185592680	chemistry
2275055726	12576	185592680	chemistry
2276152985	20184	185592680	chemistry
2284898691	17682	185592680	chemistry
2285359772	11428	127313418	geology
2286257524	16366	121332964	physics
2287048961	17847	185592680	chemistry
2287557398	14242	121332964	physics
2288450750	10077	185592680	chemistry
2293100860	15655	127313418	geology
2293321223	100866	71924100	medicine
2293505044	1428	41008148	computer science
2294125206	11012	127413603	engineering
2296959215	15635	185592680	chemistry
2298093272	13662	71924100	medicine
2302152413	100175	33923547	mathematics
2302475761	10555	127313418	geology
2303112227	100152	185592680	chemistry
2303159960	176	185592680	chemistry
2303282679	14450	185592680	chemistry
2303594837	17124	185592680	chemistry
2304396997	19043	185592680	chemistry
2304656432	100740	121332964	physics
2304926111	101730	185592680	chemistry
2305234936	18853	185592680	chemistry
2305253644	100310	185592680	chemistry
2305898036	10952	71924100	medicine
2306089606	20586	121332964	physics
2306740373	11364	121332964	physics
2306804375	18232	71924100	medicine
2306987324	13954	127313418	geology
2307231992	10003	71924100	medicine
2308280687	100960	71924100	medicine
2308472339	14800	121332964	physics
2308892613	1430	71924100	medicine
2308961822	18032	185592680	chemistry
2309101117	11651	86803240	biology
2309725484	16194	185592680	chemistry
2309759595	13807	71924100	medicine
2310273124	12603	185592680	chemistry
2310317443	134	121332964	physics
2310540360	21052	127413603	engineering
2310834062	101815	185592680	chemistry
2310979900	19760	121332964	physics
2311661381	100732	121332964	physics
2311759898	17886	121332964	physics
2313184976	102034	185592680	chemistry
2318481116	100157	185592680	chemistry
2319268228	15861	121332964	physics
2320793956	18445	185592680	chemistry
2323529327	12885	127413603	engineering
2323824579	24486	185592680	chemistry
2324610040	18965	185592680	chemistry
2325187429	11845	121332964	physics
2325289265	1815	121332964	physics
2329022668	101481	71924100	medicine
2331997910	19495	185592680	chemistry
2335130247	101129	185592680	chemistry
2337295096	101597	185592680	chemistry
2343072024	19448	185592680	chemistry
2343609883	1089	185592680	chemistry
2344529426	15690	185592680	chemistry
2345152837	101505	185592680	chemistry
2345427100	12642	185592680	chemistry
2350570306	1090	121332964	physics
2353416198	17896	185592680	chemistry
2358875031	100084	127413603	engineering
2364729793	15626	121332964	physics
2377669463	17444	162324750	economics
237894155	15523	185592680	chemistry
2402910500	100908	185592680	chemistry
2403667609	100513	121332964	physics
2412029182	100139	185592680	chemistry
2418209402	100683	185592680	chemistry
2419734241	100915	127313418	geology
2420341864	16838	185592680	chemistry
2424432560	12093	121332964	physics
2425512450	12036	185592680	chemistry
2426373187	101789	127413603	engineering
2427341209	11043	185592680	chemistry
2427846510	13661	127313418	geology
2428021925	17354	121332964	physics
2428985156	14061	71924100	medicine
2430008071	15937	127313418	geology
2431100555	1415	185592680	chemistry
2431119345	12686	185592680	chemistry
2433532049	26247	185592680	chemistry
2435209949	10325	185592680	chemistry
2435367152	12039	71924100	medicine
2437139991	1327	127313418	geology
2437880699	21438	86803240	biology
2439547242	11296	185592680	chemistry
2440566094	10378	185592680	chemistry
2441802058	14499	185592680	chemistry
2441848114	15402	121332964	physics
2442598256	101453	71924100	medicine
2442788759	12993	121332964	physics
2443082560	1027	185592680	chemistry
2443725070	20007	185592680	chemistry
2460072499	100499	185592680	chemistry
2462126488	17123	127313418	geology
2462734373	100788	185592680	chemistry
2462999564	14188	127313418	geology
2464032569	11782	71924100	medicine
2464755072	25085	127313418	geology
2465293543	1680	121332964	physics
2467808327	17170	185592680	chemistry
2468735800	12785	185592680	chemistry
2469870014	15765	185592680	chemistry
2471377923	11703	185592680	chemistry
2472382447	101391	185592680	chemistry
2472746478	16064	185592680	chemistry
2472819838	21835	86803240	biology
2473399711	101513	185592680	chemistry
2474344709	10578	185592680	chemistry
2476941179	10966	127313418	geology
2482365705	1637	71924100	medicine
2483186110	100684	71924100	medicine
2483846709	100062	185592680	chemistry
2490185788	16794	33923547	mathematics
2490987455	19047	185592680	chemistry
2496478914	19333	185592680	chemistry
2497795178	100281	121332964	physics
2498076322	11554	185592680	chemistry
2498905482	101665	71924100	medicine
2499123543	100914	121332964	physics
2499943907	10707	121332964	physics
2501310589	14715	185592680	chemistry
2503686706	18718	127413603	engineering
2506688242	100242	127313418	geology
2506920196	15110	185592680	chemistry
2507040432	101631	86803240	biology
2508018206	17056	185592680	chemistry
2508226471	100187	71924100	medicine
2511062290	1678	71924100	medicine
2513012131	101036	71924100	medicine
2516787517	101373	185592680	chemistry
2516805133	10456	127313418	geology
2519139842	100494	86803240	biology
2520612561	11271	185592680	chemistry
2521323384	143	121332964	physics
2525133266	101150	185592680	chemistry
2525354251	13460	121332964	physics
2526354806	13013	185592680	chemistry
2527268327	101862	185592680	chemistry
2540842043	12869	121332964	physics
2542369778	18185	71924100	medicine
2549141325	17361	71924100	medicine
2550138261	10898	185592680	chemistry
2551615948	1184	185592680	chemistry
2556734068	10679	185592680	chemistry
2556866809	18127	185592680	chemistry
2557769834	10504	121332964	physics
2557997597	10571	71924100	medicine
2558509393	100172	185592680	chemistry
2560085905	12019	185592680	chemistry
2562763464	12789	121332964	physics
2564512449	1623	41008148	computer science
2570102960	17461	127313418	geology
2570173732	13290	185592680	chemistry
2570495433	15316	121332964	physics
2571869266	15926	185592680	chemistry
2573061995	100896	185592680	chemistry
2574060030	15814	185592680	chemistry
2574693740	14718	185592680	chemistry
2574833714	14321	185592680	chemistry
2575718085	101596	121332964	physics
2576826841	100167	185592680	chemistry
2577328050	101232	71924100	medicine
2578376052	101932	185592680	chemistry
2579494286	18615	185592680	chemistry
2579895812	100775	185592680	chemistry
2580133610	102019	127313418	geology
2580445593	18944	185592680	chemistry
2581091774	101501	121332964	physics
2581529028	10666	185592680	chemistry
2582286672	14571	41008148	computer science
2582837281	100611	86803240	biology
2584398171	101742	71924100	medicine
2584732800	13957	185592680	chemistry
2585791444	101548	185592680	chemistry
2589334834	100471	185592680	chemistry
2589484981	100130	127313418	geology
2589746657	15405	185592680	chemistry
2590319375	15827	185592680	chemistry
2590930792	12652	71924100	medicine
2591662619	19209	185592680	chemistry
2593749008	12985	185592680	chemistry
2597530834	10908	185592680	chemistry
2597949747	100897	121332964	physics
2598065353	12610	127313418	geology
2598279612	14430	121332964	physics
2598498893	11656	185592680	chemistry
2601174448	101528	185592680	chemistry
2602190018	1856	185592680	chemistry
2602231052	11211	185592680	chemistry
2603046962	100160	185592680	chemistry
2603117752	13812	121332964	physics
2607382572	100168	121332964	physics
2607724926	14472	121332964	physics
2607978141	12435	185592680	chemistry
2608046860	16694	185592680	chemistry
2608103752	1138	185592680	chemistry
2608253322	100722	71924100	medicine
2608571700	100553	71924100	medicine
2610212732	13238	121332964	physics
2611278116	10728	86803240	biology
2617331528	100929	71924100	medicine
2617363201	10146	185592680	chemistry
2617721621	15294	71924100	medicine
2617867397	16330	121332964	physics
2618044699	15233	185592680	chemistry
2618055392	21038	185592680	chemistry
2618599058	10326	185592680	chemistry
2619261211	100579	185592680	chemistry
2619327966	16002	121332964	physics
2619328723	14005	127313418	geology
2619399600	12530	185592680	chemistry
2619859902	100219	185592680	chemistry
2622568587	15503	86803240	biology
2629891183	20163	86803240	biology
2631127253	10808	185592680	chemistry
2631431154	13342	185592680	chemistry
2632499125	12203	33923547	mathematics
2632993812	101800	127313418	geology
2634011862	101499	121332964	physics
2635818169	14128	185592680	chemistry
2637498125	100608	33923547	mathematics
2638163475	13146	185592680	chemistry
2643154132	18835	127313418	geology
2643468382	101514	185592680	chemistry
2644114341	13639	71924100	medicine
2644496940	101986	71924100	medicine
2645598427	16143	185592680	chemistry
2649182474	13654	127413603	engineering
2649327381	27227	185592680	chemistry
2651441145	100138	185592680	chemistry
2653733263	100253	121332964	physics
2656315520	10990	185592680	chemistry
2656355181	101026	185592680	chemistry
2660892613	19152	41008148	computer science
2663915042	101609	127313418	geology
2663982282	17338	185592680	chemistry
2667050638	18385	185592680	chemistry
2667670681	100299	127313418	geology
2668691233	12527	121332964	physics
2669143368	15010	121332964	physics
2669299969	17463	185592680	chemistry
2670043401	22809	121332964	physics
2670144711	16639	185592680	chemistry
2671177573	11034	185592680	chemistry
2671249993	13510	86803240	biology
2673571089	100417	185592680	chemistry
2676396989	17188	86803240	biology
2676649927	100699	127313418	geology
2676726550	2622	121332964	physics
2680635206	11004	121332964	physics
2681720131	16401	185592680	chemistry
2685208102	21231	121332964	physics
2686824875	10289	185592680	chemistry
2686879412	101918	185592680	chemistry
2688455705	19001	185592680	chemistry
2688538991	14132	185592680	chemistry
2688830668	12081	127313418	geology
2689279920	15363	185592680	chemistry
2689303348	13757	71924100	medicine
2689406447	12133	121332964	physics
2689450467	12137	185592680	chemistry
2690020859	10949	185592680	chemistry
2690499736	14700	185592680	chemistry
2691088963	101096	185592680	chemistry
2691772934	12379	185592680	chemistry
2692107340	100754	121332964	physics
2692753786	1963	185592680	chemistry
2697549254	10765	121332964	physics
2700658655	101425	121332964	physics
2700801936	12285	86803240	biology
2702589388	11623	185592680	chemistry
2702642661	22234	185592680	chemistry
2703554497	11691	71924100	medicine
2709625585	100962	127313418	geology
2710306621	13069	185592680	chemistry
2711443567	1484	185592680	chemistry
2716274642	12540	121332964	physics
2716478812	11326	185592680	chemistry
2717640460	11021	121332964	physics
2717793098	13506	121332964	physics
2718744100	14421	185592680	chemistry
2719153483	10029	121332964	physics
2719432860	18227	71924100	medicine
2719930555	15843	185592680	chemistry
2721317078	13569	185592680	chemistry
2722237376	10088	185592680	chemistry
2723330174	11478	71924100	medicine
2723716455	16353	185592680	chemistry
2723944021	12738	121332964	physics
2733475199	11715	71924100	medicine
2733531905	14222	121332964	physics
2735055944	12411	127313418	geology
2735575012	18149	185592680	chemistry
2741371559	17918	41008148	computer science
2747919723	16659	185592680	chemistry
2751618052	18394	121332964	physics
2758229046	12219	185592680	chemistry
2762117271	12403	127313418	geology
2764926397	100010	71924100	medicine
2767272636	11587	185592680	chemistry
2770771082	11781	185592680	chemistry
2771400780	1884	185592680	chemistry
2776443019	15891	71924100	medicine
2777324444	100127	121332964	physics
2780498660	100778	185592680	chemistry
2786140147	100367	185592680	chemistry
2786408772	20633	185592680	chemistry
279603013	13877	121332964	physics
35733612	100091	185592680	chemistry
39772497	14251	127313418	geology
66125241	13774	127313418	geology
662435172	22230	144133560	business
722458921	13753	121332964	physics
788864241	14986	121332964	physics
822647683	10439	127313418	geology
836433039	17545	121332964	physics
92080724	19197	71924100	medicine
998622398	16945	121332964	physics
