fxID	fieldID	fieldName	assumeAwardYear	minYear	bf_jif	bf_citation	bf_hindex	bf_papercnt	L	M	H	af_jif	af_citation	af_hindex	af_papercnt
13639	71924100	medicine	2000	1990	0.0	0.4	1.0	0.0	1	0	0	4.20190972833	9.75	2.2	0.6
15861	121332964	physics	2005	1992	0.0	0.4	1.8	0.6	1	0	0	0.0	0.4	2.0	0.0
10099	121332964	physics	2012	2004	4.46999637273	2.60833333333	4.8	3.4	0	0	1	3.70124350236	4.01363065339	11.8	3.2
100408	185592680	chemistry	2012	2002	1.40244546064	4.32638753557	17.4	10.4	1	0	0	3.16208182981	3.34185511648	24.4	6.4
10679	185592680	chemistry	2012	1995	1.10187140937	2.92844645551	7.2	0.8	1	0	0	0.765320665083	3.4553030303	10.6	0.2
101187	185592680	chemistry	2011	2001	1.28476466399	2.50346320346	3.8	3.0	1	0	0	2.67736836133	3.83303730046	11.6	5.6
10808	185592680	chemistry	2008	2000	0.103535353535	3.65	3.8	0.4	1	0	0	1.63661969351	4.2137605042	5.8	5.0
101376	33923547	mathematics	2010	2000	2.56351246575	3.33928571429	5.2	3.8	0	1	0	2.00390317268	3.906688771	13.8	3.6
10145	86803240	biology	2012	2001	2.56386042717	4.91398757764	10.0	11.8	0	1	0	4.33674423494	5.5512033779	28.4	13.2
1146	86803240	biology	2001	1992	1.54769466429	6.84952380952	4.0	7.0	0	1	0	1.73494696593	4.57142857143	9.8	2.0
13599	185592680	chemistry	2012	1999	0.564729665292	3.50594098884	11.2	1.0	1	0	0	0.210588235294	3.17773892774	18.0	0.2
1350	121332964	physics	2005	1994	0.802610214272	1.9	1.4	2.8	1	0	0	1.13288541439	2.09111111111	5.0	2.6
11271	185592680	chemistry	2012	2003	0.0	2.4	1.0	0.0	1	0	0	5.05619428364	4.44	2.6	2.4
27227	185592680	chemistry	2004	1995	0.0	1.45	2.2	0.0	1	0	0	1.30814029086	1.5	3.2	1.6
15752	127413603	engineering	2011	1998	0.656896144781	2.31259696186	6.2	4.0	1	0	0	1.88760633632	2.5434815443	11.6	33.8
1322	86803240	biology	2006	1998	1.64500852918	11.4266666667	4.4	0.6	1	0	0	3.25966476921	10.7027149321	8.6	2.6
100782	185592680	chemistry	2011	2005	0.913389018793	0.2	0.2	2.4	0	1	0	6.91867385192	5.80795454545	6.8	4.8
101890	185592680	chemistry	2007	1995	2.46555154535	3.61754385965	7.6	2.2	1	0	0	3.14919976046	8.14110596788	17.0	3.2
18051	185592680	chemistry	2005	1993	0.0	0.4	2.0	0.0	1	0	0	0.403801491897	1.93333333333	3.0	2.0
21979	185592680	chemistry	2002	1993	1.00034252264	2.36545454545	6.4	3.4	1	0	0	0.823610311045	6.84857142857	8.4	2.8
10393	127313418	geology	2001	1986	2.62228021728	13.8515309176	10.4	5.8	1	0	0	4.91547305825	10.0892546182	22.4	7.0
1184	185592680	chemistry	2005	1990	1.10111115524	2.05848484848	4.0	5.6	0	1	0	0.0122905027933	2.7097036297	11.0	1.0
14562	185592680	chemistry	2005	1993	0.37556981786	1.13333333333	1.6	3.0	1	0	0	1.1806294621	1.7219047619	4.0	6.2
11120	71924100	medicine	2002	1997	0.0698113207547	1.7	1.2	0.6	1	0	0	1.42369206395	2.23666666667	3.6	1.6
18076	185592680	chemistry	2004	1995	1.1977599517	3.20666666667	6.4	5.0	1	0	0	2.78719968404	5.41859240276	15.6	8.6
10571	71924100	medicine	2009	2003	0.19290446805	1.7	1.2	1.6	1	0	0	0.375540308748	1.7980952381	4.0	0.4
17720	71924100	medicine	2012	1996	2.5756016254	5.07800726168	20.6	10.8	1	0	0	3.05253022412	3.66553288913	31.8	10.6
100567	185592680	chemistry	2012	2004	4.31135435845	5.07217782218	7.4	2.2	0	1	0	4.53757190167	5.91529067767	13.6	1.6
21394	71924100	medicine	2007	1995	0.0	5.4	1.0	0.0	1	0	0	2.16247973423	8.925	3.0	2.0
15151	86803240	biology	2008	1994	1.0793831554	2.53333333333	2.2	0.8	1	0	0	3.11739023666	3.18968694463	6.8	4.8
100271	121332964	physics	2003	1995	0.0	1.6	1.2	0.2	1	0	0	0.483503349288	1.42666666667	3.2	3.8
13510	86803240	biology	2012	1990	3.57126842219	3.50680033417	5.0	4.8	0	0	1	3.60044704589	4.85044721957	14.2	11.0
10830	86803240	biology	2006	1995	1.51157796452	6.82333333333	2.8	0.4	1	0	0	9.09564911898	13.7044771242	8.6	2.6
101099	185592680	chemistry	2007	1999	0.560597208643	1.77333333333	2.2	0.8	1	0	0	0.492996841338	3.24047619048	5.2	0.6
101862	185592680	chemistry	2008	1995	1.40768508272	2.5	3.8	3.8	0	1	0	4.58351357937	7.89367424242	13.2	6.8
100367	185592680	chemistry	2004	1999	0.657479307246	4.83333333333	1.2	1.2	1	0	0	0.0	5.53333333333	3.0	0.0
10765	121332964	physics	2011	2001	0.0	0.0	1.0	0.0	1	0	0	0.759481092899	2.6	1.6	0.4
100966	185592680	chemistry	2009	2000	0.691708413388	4.4	1.0	1.2	1	0	0	2.28955148289	3.36735042735	5.6	5.6
101548	185592680	chemistry	2003	1997	0.483899582639	2.51303030303	2.8	4.6	1	0	0	0.302417046765	1.95841269841	8.2	1.0
10361	185592680	chemistry	2003	1987	0.166917293233	1.09523809524	5.0	0.2	1	0	0	0.145922746781	1.11333333333	5.6	0.2
100218	185592680	chemistry	2008	2000	4.60692566208	2.44166666667	3.2	2.2	0	0	1	2.17290799433	5.57503267974	10.6	1.0
101017	185592680	chemistry	2012	1999	3.4861492846	4.39076923077	4.4	6.2	0	0	1	3.53268858341	6.7712420837	16.0	14.4
1213	127313418	geology	2002	1994	0.517347221691	2.39047619048	3.6	1.4	1	0	0	0.874702639838	3.6315018315	8.0	4.6
12703	71924100	medicine	2003	1988	0.0	0.2	0.2	0.6	1	0	0	0.945249252558	4.03333333333	2.4	4.8
12340	41008148	computer science	2001	1987	0.0	1.4	1.0	0.0	1	0	0	0.0	0.8	1.0	0.0
17359	185592680	chemistry	2006	1997	0.26119624827	3.63341880342	7.0	0.4	1	0	0	0.00117725846815	4.21584415584	9.0	0.2
100896	185592680	chemistry	2003	1996	0.0	0.0	0.0	0.0	1	0	0	0.0	0.0	0.0	0.4
11018	185592680	chemistry	2005	1999	2.5275305879	3.98211404963	4.8	8.2	0	0	1	3.13701236531	12.2718007663	25.2	22.4
16663	121332964	physics	2001	1996	0.101886792453	0.0	0.0	0.2	1	0	0	0.0	0.0	0.0	0.0
15229	185592680	chemistry	2010	1994	0.630104923325	2.3	1.0	0.4	1	0	0	3.17256734671	1.8	3.2	1.6
14638	185592680	chemistry	2008	2000	2.39293303826	1.7	1.6	1.2	0	1	0	4.74356333621	7.20219916557	8.8	5.2
21783	185592680	chemistry	2006	1994	0.358277154416	1.0	1.2	2.2	1	0	0	0.46119515885	4.52	3.2	1.2
19893	185592680	chemistry	2011	1993	0.145428764708	1.64047619048	6.4	0.4	1	0	0	0.0	1.99461538462	8.6	0.0
101982	185592680	chemistry	2006	2000	1.14352236772	1.25151515152	1.6	4.0	0	1	0	2.84798066928	5.03635646636	16.6	10.2
101212	41008148	computer science	2006	1989	0.541421676804	4.36857142857	3.4	0.8	1	0	0	1.16349340808	5.60820512821	7.2	2.6
10990	185592680	chemistry	2011	1998	0.977130046492	4.03	3.4	1.0	1	0	0	0.0	4.70333333333	5.8	0.0
24388	185592680	chemistry	2004	1995	0.947172756099	3.25666666667	2.8	1.8	1	0	0	1.45703857117	3.06252747253	7.8	4.4
17753	71924100	medicine	2004	1999	2.82391208148	4.07142857143	1.0	1.8	0	1	0	3.52970197379	4.09916172785	10.0	9.2
12594	185592680	chemistry	2011	1998	0.268921563238	1.69948051948	5.2	9.2	0	1	0	0.928538584802	2.15092895477	11.2	11.8
10952	71924100	medicine	2010	2001	2.10438069008	2.92833333333	5.6	1.8	1	0	0	2.02738268985	3.08311162522	11.0	1.0
22195	185592680	chemistry	2007	1993	1.16536925444	1.92688311688	4.0	3.2	1	0	0	2.25213154793	2.6178897733	11.0	7.8
10074	185592680	chemistry	2010	2002	1.78748283472	1.8119047619	4.4	6.2	0	1	0	2.05068838415	2.02683982684	9.0	8.2
15193	121332964	physics	2009	2000	0.146573106102	0.85	1.2	1.0	1	0	0	0.15067001675	1.3	3.0	0.4
12316	127413603	engineering	2005	1999	0.0	0.6	1.0	0.0	1	0	0	0.244343891403	0.2	1.0	0.2
10555	127313418	geology	2012	2001	1.04098479454	3.1	3.4	1.2	1	0	0	0.934414464215	4.44984126984	5.8	1.6
14725	71924100	medicine	2005	1989	3.28545056463	4.13849206349	6.4	2.0	0	1	0	4.33690726621	5.0758002015	13.6	5.0
101974	185592680	chemistry	2012	2003	0.961163212236	1.60714285714	3.6	1.2	1	0	0	2.14946505454	3.21015873016	8.2	1.8
11656	185592680	chemistry	2009	1999	1.25167167791	2.47002442002	5.6	10.8	0	1	0	2.30164928857	3.25606900492	14.6	11.0
14179	185592680	chemistry	2001	1988	0.169898867678	1.0	1.8	2.4	1	0	0	1.11059292952	1.76111111111	3.4	6.0
26253	121332964	physics	2000	1995	0.342420207908	0.8	1.0	0.6	1	0	0	0.0	1.0	2.0	0.0
15531	185592680	chemistry	2008	2000	2.11438438758	22.075	2.0	3.2	1	0	0	2.80756540289	7.90524509804	8.6	6.0
13804	185592680	chemistry	2006	1992	0.372248008978	1.32666666667	1.6	1.4	1	0	0	0.0	1.65333333333	4.2	0.0
10325	185592680	chemistry	2002	1994	0.151934349355	2.18	2.6	0.2	1	0	0	0.638568703433	2.64920634921	6.2	2.4
101080	121332964	physics	2011	2002	1.23445138331	2.05333333333	2.0	2.2	1	0	0	3.92631168828	5.20454545455	7.6	3.0
12993	121332964	physics	2009	2000	0.542787281998	1.02	2.0	1.6	1	0	0	0.435257027095	1.55575757576	5.6	0.4
11482	185592680	chemistry	2010	2000	2.87858144606	7.73067873303	18.4	12.2	1	0	0	5.08533352503	9.01441243831	40.4	19.6
100475	144133560	business	2009	1993	0.701332934286	2.92666666667	3.6	2.4	1	0	0	1.03086659925	3.51490196078	8.2	2.4
19599	185592680	chemistry	2002	1994	0.0	3.2	1.8	0.0	1	0	0	0.0	1.6	2.0	0.0
26530	71924100	medicine	2007	1995	1.71670499186	1.88333333333	2.8	4.0	0	1	0	1.89995826213	3.23338231943	8.6	24.2
19043	185592680	chemistry	2008	1999	1.74570797005	1.62525252525	3.2	5.4	0	1	0	0.0460538180438	2.27958041958	7.6	0.2
101633	121332964	physics	2009	2003	0.0	6.9	1.6	0.2	1	0	0	1.66784536078	2.9	3.4	1.2
25915	185592680	chemistry	2009	1995	0.13217416262	0.64	3.0	0.4	1	0	0	1.03385514048	1.3	3.0	2.8
12008	185592680	chemistry	2009	1998	1.62128400775	10.5666666667	2.4	1.4	1	0	0	5.35891885741	6.61619556914	7.6	3.6
1038	121332964	physics	2010	2003	3.70922861608	13.8766666667	6.2	1.6	0	1	0	2.13414572106	7.2706959707	10.8	0.8
101555	185592680	chemistry	2006	1995	5.12549587059	14.292027972	9.6	1.2	0	1	0	2.2751234906	18.7332936508	14.0	3.6
101596	121332964	physics	2008	2003	0.589449238163	1.1	1.4	4.8	0	1	0	1.20203591919	3.09924423472	9.0	10.4
10892	185592680	chemistry	2002	1986	0.533889676268	0.9	1.6	2.2	1	0	0	0.470872958552	1.17714285714	3.2	2.0
16735	185592680	chemistry	2007	1999	0.248756747191	0.0	0.0	0.2	1	0	0	2.80106223005	1.89	1.4	3.4
19152	41008148	computer science	2007	1999	0.0188327962764	0.0	0.0	0.4	1	0	0	0.0	0.0	0.0	0.4
15107	185592680	chemistry	2011	2000	0.500983042001	2.62325396825	5.0	1.2	1	0	0	2.32568556246	3.74979464979	9.2	2.8
11034	185592680	chemistry	2009	2001	1.36367126714	2.41222222222	4.0	1.6	1	0	0	0.623054755043	2.47070707071	9.4	0.2
18033	121332964	physics	2003	1996	0.136137667304	1.13333333333	1.6	0.4	1	0	0	0.0851153039832	3.21666666667	2.6	0.4
1857	185592680	chemistry	2003	1993	1.01090083793	4.15333333333	3.2	0.4	1	0	0	1.26842369071	4.46181818182	5.2	3.2
11622	185592680	chemistry	2005	1998	0.0	0.0	0.0	1.6	1	0	0	1.19737287829	0.9	1.8	2.4
20050	185592680	chemistry	2005	1992	0.326486486486	1.7	2.0	1.0	1	0	0	2.47826919407	2.40404761905	3.8	1.6
101678	185592680	chemistry	2012	2002	0.0	3.40186480186	6.2	0.0	1	0	0	2.22370076063	2.26	9.6	1.6
100185	185592680	chemistry	2012	2007	1.46948880679	1.94142857143	1.8	2.0	0	1	0	1.49457869115	2.39184371184	6.4	2.8
15523	185592680	chemistry	2010	2000	0.0	1.7	2.2	0.0	1	0	0	0.0	0.4	3.0	0.0
13662	71924100	medicine	2000	1994	0.567759739895	0.6	0.8	0.8	1	0	0	0.117701884467	1.48666666667	3.0	1.4
16296	185592680	chemistry	2012	1991	0.744942360825	1.72071428571	3.6	6.4	0	1	0	2.91175943317	4.27868825931	11.0	17.8
100732	121332964	physics	2002	1997	0.304875167944	0.5	0.8	0.4	1	0	0	1.64375915087	1.66785714286	3.0	3.0
13877	121332964	physics	2001	1993	0.0510811394687	0.6	0.2	0.6	1	0	0	0.0	1.0	2.0	0.2
100658	121332964	physics	2007	2000	0.715658341867	0.6	0.8	3.4	0	1	0	0.722837724186	1.53593073593	3.8	3.0
1319	185592680	chemistry	2005	1993	0.0	2.97666666667	5.0	0.0	1	0	0	1.19692578681	2.97976190476	6.8	0.8
12081	127313418	geology	2007	1999	0.0	0.0	0.0	0.0	1	0	0	0.698941099367	4.12666666667	2.6	2.8
10658	71924100	medicine	2010	2000	2.38474356945	3.37187111338	8.8	9.8	0	1	0	2.87992515093	4.16362689783	20.6	9.6
16366	121332964	physics	2010	1994	0.196113660074	0.866666666667	3.0	2.4	1	0	0	0.0985061320725	1.09166666667	3.0	1.2
10048	185592680	chemistry	2011	2006	0.131140350877	0.2	0.8	0.6	1	0	0	0.837048722179	1.33333333333	1.8	1.6
12652	71924100	medicine	2006	1999	0.0	0.8	0.4	0.0	1	0	0	0.523317307692	2.8	1.0	0.2
20016	185592680	chemistry	2009	1994	1.42502669164	1.40634920635	3.8	4.4	0	1	0	1.54951268108	2.36734613213	7.4	7.8
100171	185592680	chemistry	2012	2006	0.715122187921	2.53333333333	2.0	1.4	1	0	0	0.368341121495	8.06388888889	6.6	0.4
101611	185592680	chemistry	2010	2000	1.19032345299	2.34848484848	3.6	8.8	0	1	0	2.56594895482	3.29409998869	14.4	6.6
12398	185592680	chemistry	2008	1995	1.67183656865	2.21207843137	6.8	12.2	0	0	1	1.99541908445	3.52081214223	21.8	12.2
100579	185592680	chemistry	2011	2005	1.46336658653	2.14818181818	4.6	11.6	0	0	1	3.16355229131	2.67484848485	13.8	2.0
11160	127413603	engineering	2004	1998	0.509159890593	1.46666666667	1.6	0.4	1	0	0	0.297031446541	1.63333333333	3.0	0.2
14521	185592680	chemistry	2010	1995	1.03559467071	3.00955284553	15.4	3.0	1	0	0	1.38619553608	3.44576325195	22.8	0.6
100007	185592680	chemistry	2009	2003	2.01559605993	6.54	3.4	1.2	1	0	0	6.53072820336	13.3377896613	11.2	6.0
101039	185592680	chemistry	2012	2005	1.53517958314	2.56320802005	5.0	15.2	0	0	1	3.44991980588	4.59896598998	23.8	32.8
100253	121332964	physics	2003	1988	0.0987693529178	0.6	1.0	0.2	1	0	0	0.0	0.4	1.0	0.0
13182	185592680	chemistry	2002	1994	0.623835401664	1.91904761905	4.0	11.0	0	1	0	1.38871846909	3.11613126664	12.8	23.0
15363	185592680	chemistry	2006	1997	0.0402366863905	1.06666666667	1.6	0.2	1	0	0	0.113930348259	1.2	3.0	0.2
101459	121332964	physics	2004	1988	0.0	0.0	1.0	0.4	1	0	0	0.713123487261	0.2	1.0	0.4
100722	71924100	medicine	2008	1993	2.91491335668	3.99037851038	5.6	2.2	0	1	0	5.47193374593	7.92987117552	14.6	9.6
26842	71924100	medicine	2004	1995	0.559143533233	1.78333333333	1.8	5.2	0	1	0	0.427141305945	2.1	3.8	2.8
11651	86803240	biology	2011	2000	0.0	2.78333333333	3.2	0.0	1	0	0	2.3746972307	2.43333333333	4.6	0.6
10589	41008148	computer science	2007	2002	0.26137909744	1.31285714286	2.6	10.4	0	1	0	0.885836683717	2.1483222801	8.8	11.8
25882	127313418	geology	2012	1995	2.99271327957	9.93880812205	26.4	16.8	1	0	0	4.06086926438	10.585921261	52.4	35.8
10072	86803240	biology	2002	1985	0.718918447764	1.77132949256	9.6	29.4	0	0	1	1.36199970457	2.25537956675	17.2	19.8
16206	185592680	chemistry	2008	1997	0.159856630824	0.0	0.0	0.4	1	0	0	4.55543540178	7.89964285714	4.0	4.2
18841	185592680	chemistry	2003	1996	1.01627708019	2.62015037594	4.2	4.8	1	0	0	1.84044352736	4.57445767196	14.4	1.8
26630	71924100	medicine	2004	1995	0.287974098531	1.2	1.0	1.0	1	0	0	0.390408995787	1.94555555556	3.8	7.2
101425	121332964	physics	2009	1987	1.85157392561	4.29045751634	10.4	3.6	1	0	0	2.52244675629	5.63583333333	14.0	4.2
100313	127313418	geology	2009	2003	1.03362539043	1.66666666667	1.6	1.2	1	0	0	2.45122691583	5.54737373737	7.2	3.8
101880	121332964	physics	2012	2002	0.0	0.0	0.0	0.0	1	0	0	2.22634159698	1.71666666667	1.6	2.8
18359	71924100	medicine	2010	1996	1.85671573442	4.12202240896	13.4	2.4	1	0	0	1.42543268242	4.06228348959	18.2	2.4
16002	121332964	physics	2002	1997	0.464266589369	0.7	1.0	3.8	0	1	0	1.28379571815	3.06666666667	2.8	7.6
101502	121332964	physics	2002	1994	0.0	3.2	1.0	0.0	1	0	0	0.0	0.8	1.0	0.0
10442	41008148	computer science	2007	2002	0.0	0.7	1.0	1.4	1	0	0	1.04868713588	1.96287878788	4.4	5.6
101190	71924100	medicine	2002	1996	3.09550738743	6.41255411255	3.4	3.8	0	1	0	4.08169383384	21.3739935065	33.2	27.0
15294	71924100	medicine	2008	1998	0.0	0.2	1.0	0.0	1	0	0	0.614988326571	0.4	1.0	0.8
19495	185592680	chemistry	2007	1992	0.0	1.6	1.0	0.0	1	0	0	10.375785717	30.3454887218	10.6	10.2
100272	185592680	chemistry	2012	2000	0.263246268657	0.6	1.0	0.2	1	0	0	3.26651252584	3.33714285714	3.2	2.0
13326	185592680	chemistry	2009	1995	1.41789701645	1.57142857143	3.8	5.6	0	1	0	4.89480721813	11.5125966626	14.4	4.8
11749	121332964	physics	2007	1999	0.174859065627	1.56666666667	2.2	0.8	1	0	0	0.653343799507	1.575	4.0	2.0
15223	121332964	physics	2008	2000	0.196544850498	0.6	1.0	0.2	1	0	0	0.542870694061	1.33333333333	1.8	1.4
16064	185592680	chemistry	2011	1999	0.0	0.2	1.0	0.0	1	0	0	1.01671780054	2.4	2.2	1.8
16330	121332964	physics	2002	1997	0.535486967237	1.0	0.8	2.4	1	0	0	0.935391381588	3.53095238095	4.8	1.0
10064	71924100	medicine	2010	2005	0.0292993630573	0.4	0.4	0.2	1	0	0	1.62277724751	2.86666666667	2.8	1.4
11015	185592680	chemistry	2006	2001	0.938158529838	0.6	0.4	1.6	0	1	0	4.01867968679	5.48153846154	9.4	13.6
13946	71924100	medicine	2006	1999	1.87796365635	2.49826007326	4.0	2.4	1	0	0	3.34931639094	4.45817727497	12.8	5.2
13915	71924100	medicine	2001	1990	0.0137566137566	3.4	2.0	0.4	1	0	0	0.109776857603	2.76666666667	3.2	2.2
101100	185592680	chemistry	2012	2003	0.636908684171	1.23333333333	1.4	2.2	1	0	0	1.85895912317	2.46047619048	3.6	1.6
100205	127313418	geology	2011	2005	2.26640607614	3.52857142857	4.0	5.0	0	1	0	2.77211285587	4.38954716903	13.8	8.8
12738	121332964	physics	2004	1989	0.0	0.8	1.0	0.0	1	0	0	0.0	0.2	1.0	0.0
13801	185592680	chemistry	2012	1997	0.221053462292	1.26666666667	1.6	1.0	1	0	0	0.387909240113	1.75	3.0	0.8
11782	71924100	medicine	2000	1995	0.0	0.0	0.0	0.2	1	0	0	0.0	0.4	0.6	0.4
10339	185592680	chemistry	2009	1998	0.0	3.95	3.0	0.0	1	0	0	0.534970612627	7.36666666667	4.0	3.0
12863	127313418	geology	2006	1997	1.43373137907	5.78944444444	4.6	1.4	1	0	0	7.29654631482	10.4266666667	9.8	3.2
14715	185592680	chemistry	2004	1995	0.805768825031	2.87222222222	4.0	2.6	1	0	0	3.77983563861	2.87478991597	8.4	1.8
1884	185592680	chemistry	2011	1996	0.0	3.85	4.0	0.0	1	0	0	0.0	3.76666666667	4.0	0.0
17109	185592680	chemistry	2010	1991	1.11229237777	0.8	0.4	0.4	1	0	0	1.57654150422	2.56952380952	4.2	1.2
14189	41008148	computer science	2010	1995	1.07128711856	4.42061878952	10.8	27.6	0	0	1	2.8717372008	9.52114004085	25.2	25.2
14061	71924100	medicine	2007	1999	0.0	1.4	1.0	0.2	1	0	0	4.78187061087	11.8342857143	8.4	1.4
15820	71924100	medicine	2009	1999	0.0	1.16666666667	1.4	2.0	1	0	0	2.47592669423	3.41168037107	6.2	8.2
13460	121332964	physics	2010	1995	0.40515534505	2.72166666667	4.2	4.0	1	0	0	2.43592230392	4.26493993994	11.2	14.0
15765	185592680	chemistry	2009	2000	0.982970804996	3.61176046176	7.8	5.8	1	0	0	2.50380870522	4.53703773066	19.6	7.0
15455	86803240	biology	2007	1999	10.2802489995	13.473685269	8.6	2.6	0	0	1	6.37073700106	11.3016954543	23.0	9.8
10242	127313418	geology	2011	2001	0.573758297687	2.45	2.2	0.8	1	0	0	1.7755648331	3.26499582289	5.4	4.8
15992	185592680	chemistry	2008	1993	0.907943254315	0.6	1.2	0.6	1	0	0	3.93394006816	3.95797101449	4.8	5.6
100455	185592680	chemistry	2012	2006	1.54172117424	2.5	1.2	0.6	0	1	0	6.65829193941	4.62666666667	5.4	3.2
132	185592680	chemistry	2006	1991	1.46359450379	2.17333333333	2.8	5.0	0	1	0	2.67921824686	3.43460869565	11.0	9.4
1815	121332964	physics	2011	1998	2.48606816794	2.86695467394	10.6	13.6	0	1	0	6.24519784552	6.0073273162	32.0	23.8
20633	185592680	chemistry	2012	1995	0.885362782098	2.94571428571	9.8	1.2	1	0	0	3.74359474455	2.96969480558	11.4	4.2
100891	185592680	chemistry	2010	2004	2.23385020532	3.24444444444	3.0	2.8	0	1	0	3.44393470704	13.7612643282	17.2	7.0
100370	185592680	chemistry	2002	1990	0.326531855512	1.7	2.8	0.4	1	0	0	0.715422704956	0.866666666667	4.2	5.0
1510	71924100	medicine	2007	1992	0.0	1.6	2.0	0.4	1	0	0	0.422255790534	3.7	4.0	0.2
12906	185592680	chemistry	2009	1996	1.18110430467	1.79063492063	4.0	6.0	0	1	0	2.06030316352	2.90738863287	11.8	4.0
10836	185592680	chemistry	2008	1989	7.71795189469	13.5371306471	13.2	3.4	0	0	1	6.08837533876	12.1744192938	27.4	5.6
10791	185592680	chemistry	2008	2000	3.35054349043	7.35571428571	2.4	3.4	0	0	1	2.83403196935	4.15983971366	10.2	7.6
11364	121332964	physics	2008	2000	0.99966150205	1.63666666667	1.8	6.8	0	1	0	1.9899236855	1.54839317545	4.6	8.8
10105	185592680	chemistry	2005	1998	0.0735135135135	1.0	1.0	3.4	1	0	0	0.609487564555	1.9660163508	4.8	9.2
20697	71924100	medicine	2007	1994	2.35567804459	4.7729978355	7.2	3.2	1	0	0	3.90580994408	4.39856292766	16.6	17.2
101057	185592680	chemistry	2007	2002	0.610085575352	1.47555555556	1.8	4.4	0	1	0	1.95560834333	2.31403439153	7.8	6.8
1963	185592680	chemistry	2008	1996	0.328067389671	2.2	1.4	0.4	1	0	0	0.308860278732	1.5	2.6	0.4
100281	121332964	physics	2007	1995	0.440942599728	1.76666666667	1.4	1.4	1	0	0	0.0	0.8	3.0	0.2
12203	33923547	mathematics	2007	2000	0.733691128567	1.18	1.6	3.0	1	0	0	0.445679012346	3.27936507937	5.2	0.6
10915	185592680	chemistry	2008	2002	0.0	3.4	0.8	0.0	1	0	0	0.221148459384	6.5	1.4	0.4
22223	185592680	chemistry	2002	1995	0.0	1.0	1.0	0.0	1	0	0	0.0	0.0	1.0	0.0
10387	185592680	chemistry	2012	1994	3.81886104029	5.09370387339	14.8	10.8	0	1	0	5.13251997872	6.36430397855	29.8	8.6
10270	185592680	chemistry	2010	1999	0.0	0.2	1.0	0.0	1	0	0	0.0	0.0	1.0	0.0
2622	121332964	physics	2000	1995	0.218692064732	1.4	1.4	0.6	1	0	0	0.0	1.0	2.0	0.0
101733	41008148	computer science	2011	1993	0.927664206472	3.52768701363	13.0	23.8	0	0	1	1.72645606847	5.07956205164	27.4	31.4
101138	127413603	engineering	2003	1991	0.0	0.0	0.0	0.0	1	0	0	0.0	0.0	0.0	0.0
100021	185592680	chemistry	2009	1997	1.23619774741	2.04782698434	6.8	6.2	1	0	0	3.54597711135	5.76552090716	17.0	16.4
12039	71924100	medicine	2007	1988	1.05564975018	3.85129837581	19.8	7.8	1	0	0	0.409647495362	3.10808084276	27.2	0.4
11367	127313418	geology	2011	2000	1.6535828729	4.32095238095	5.4	3.0	1	0	0	2.3920713507	4.56762800667	10.2	3.4
101528	185592680	chemistry	2005	1997	6.05405416626	7.94761904762	4.4	1.2	0	0	1	3.5036784974	8.36070707071	10.0	1.2
13522	185592680	chemistry	2006	1999	0.72153648785	1.64	1.8	1.6	1	0	0	1.93853073774	1.98107503608	5.6	3.6
12642	185592680	chemistry	2004	1991	0.299578078053	1.46297619048	4.0	6.0	1	0	0	1.00107903871	2.80352449752	9.0	5.8
100435	185592680	chemistry	2007	2001	0.0	0.4	0.6	0.0	1	0	0	0.54543477744	0.6	1.0	0.4
100781	185592680	chemistry	2007	1998	0.577503937435	0.6	1.0	0.6	1	0	0	1.38206699014	2.17809641625	5.0	14.4
100684	71924100	medicine	2011	2001	3.56225829905	6.45333333333	4.2	1.0	0	1	0	0.802822201317	3.45714285714	6.8	0.2
13344	121332964	physics	2012	1997	1.60061202551	2.39280632411	7.6	7.0	1	0	0	1.85972912106	2.98720290545	13.4	4.8
19779	185592680	chemistry	2005	1996	0.694028472856	1.74456654457	3.8	8.0	0	1	0	0.953176842558	2.85298194811	13.4	5.2
12771	121332964	physics	2004	1999	0.398034853541	0.4	0.6	0.8	1	0	0	0.808451786719	0.9	1.8	2.8
14644	121332964	physics	2006	1989	1.33429003691	1.29904761905	1.8	9.0	0	0	1	3.05915567095	2.87589702517	13.6	10.2
100160	185592680	chemistry	2011	2006	0.0115093839819	0.0	0.0	0.6	1	0	0	0.680529529054	2.4	0.8	1.2
100926	185592680	chemistry	2012	1996	2.06552561358	3.31928489302	11.0	8.0	1	0	0	3.71805249299	3.40892289558	21.8	5.4
101129	185592680	chemistry	2009	2002	0.813710219583	2.33333333333	2.2	1.2	1	0	0	2.03489467493	3.088	8.0	5.0
13807	71924100	medicine	2000	1990	0.858019188733	2.57704555506	7.4	11.2	0	1	0	2.56708135402	3.15235471242	18.2	17.8
100030	41008148	computer science	2006	1994	0.522886565458	1.52917415917	5.0	3.2	1	0	0	0.555416957019	1.97294840804	11.0	3.0
19745	86803240	biology	2002	1994	0.0	0.0	0.0	0.0	1	0	0	0.0	0.0	0.0	0.0
14188	127313418	geology	2010	1999	0.401467647614	3.36666666667	3.6	1.0	1	0	0	2.23253276254	4.86555555556	7.2	1.8
100219	185592680	chemistry	2012	2002	2.62966313107	4.01998415998	9.4	9.8	0	1	0	4.25029282918	5.20116376799	24.8	11.2
100833	121332964	physics	2010	1997	0.0	0.6	2.0	0.0	1	0	0	0.876638176638	1.5	2.2	0.2
11331	121332964	physics	2011	1999	0.672924487252	27.1111111111	1.8	4.8	1	0	0	3.40089011905	14.0493381259	42.2	165.6
10388	185592680	chemistry	2010	1995	1.75286838218	3.52919723551	8.4	13.4	0	1	0	5.69205211605	7.19205311076	26.6	19.2
22653	86803240	biology	2008	1991	6.93601534583	12.0712250712	21.4	2.0	1	0	0	6.05353333936	12.1095413713	28.6	4.6
17604	71924100	medicine	2004	1998	0.0	0.0	0.0	0.2	1	0	0	0.900899550583	1.32	1.4	1.0
101789	127413603	engineering	2008	2003	0.361913270624	1.8	0.8	0.4	1	0	0	0.0	1.5	2.0	0.0
100417	185592680	chemistry	2002	1996	0.160188637859	1.66666666667	0.8	0.8	1	0	0	0.798376753307	1.95806283385	5.4	7.2
1484	185592680	chemistry	2004	1999	0.158050084941	1.0	1.2	0.6	1	0	0	0.0	1.68333333333	2.8	0.0
15632	185592680	chemistry	2012	1993	1.04679386628	3.39111111111	5.8	3.2	1	0	0	3.0090694972	3.8475	11.8	10.0
14986	121332964	physics	1999	1990	0.437238255246	1.4	1.0	0.8	1	0	0	0.0912195121951	1.81666666667	3.2	0.6
1981	185592680	chemistry	2007	1999	0.514530758989	1.34666666667	1.8	2.2	1	0	0	1.73180458141	2.02333333333	4.2	2.8
1070	185592680	chemistry	2007	1998	1.4314928706	3.05	1.6	1.8	0	1	0	2.4375699979	2.57176470588	6.6	5.2
118	185592680	chemistry	2010	1998	0.0	0.6	1.0	0.0	1	0	0	1.0647789667	0.2	1.0	0.4
14251	127313418	geology	2008	2000	0.0	0.8	0.8	0.6	1	0	0	0.454978354978	1.5	2.6	0.6
10994	86803240	biology	2005	2000	0.377906976744	0.2	0.6	0.6	1	0	0	1.69784348858	1.93333333333	2.4	1.4
11012	127413603	engineering	2009	1995	0.734633393252	2.2337995338	6.8	3.6	1	0	0	1.37655131815	2.32272336359	11.6	1.2
14321	185592680	chemistry	2012	1988	0.0	4.49700456809	24.2	0.4	1	0	0	0.0	4.24878562393	33.0	0.0
1598	41008148	computer science	1998	1991	0.37941727533	0.9	1.6	6.2	0	1	0	0.643736154672	1.65973684211	4.0	7.8
19063	185592680	chemistry	2008	1996	1.83873089418	2.27110959216	6.8	3.8	1	0	0	2.68459206274	5.54784080436	18.4	8.4
17124	185592680	chemistry	2003	1996	0.28326848249	0.0	1.0	0.4	1	0	0	0.796992794854	2.57301587302	4.6	2.6
12175	127313418	geology	2005	2000	0.0	0.0	0.0	0.2	1	0	0	0.579583503471	0.2	0.6	0.2
13684	121332964	physics	2009	1995	0.754112004612	1.13333333333	1.6	1.0	1	0	0	1.93922019297	1.70222222222	4.8	3.6
100258	121332964	physics	2002	1982	0.54592612362	2.34605550514	18.8	9.6	1	0	0	1.24105607524	2.23349237719	23.4	10.8
101481	71924100	medicine	2007	1988	0.479434002241	1.83	2.4	3.0	1	0	0	0.198717948718	3.075	7.8	0.2
22662	86803240	biology	2004	1993	1.55024241659	2.96442307692	7.4	2.4	1	0	0	2.14715370371	5.52279120879	16.0	6.2
17188	86803240	biology	2003	1997	1.55347107438	1.16666666667	1.0	0.8	0	1	0	0.341463414634	2.43333333333	3.8	0.2
13923	185592680	chemistry	2011	1996	2.53215036665	1.96907308378	4.2	5.8	0	1	0	3.23560292787	4.98263736264	14.8	4.0
12789	121332964	physics	2000	1994	0.369826707441	0.8	0.6	0.2	1	0	0	2.21722004155	2.28333333333	2.6	0.8
100308	33923547	mathematics	2005	1998	0.219308282464	0.7	0.6	3.2	1	0	0	1.28332391655	2.60372960373	5.8	12.8
1415	185592680	chemistry	2011	1996	0.0	0.0	0.0	0.0	1	0	0	4.08035649256	3.24636363636	3.6	5.2
101665	71924100	medicine	2010	1993	2.6971149117	3.07058055329	9.4	12.4	0	0	1	1.72209785559	5.96118199411	19.8	9.6
15825	185592680	chemistry	2006	1995	1.58564593301	6.53333333333	3.4	0.4	1	0	0	3.9188428193	6.33174603175	7.6	1.6
101046	121332964	physics	2002	1993	1.49981890932	7.39333333333	5.0	2.8	1	0	0	4.24633051352	5.38008424324	10.0	6.0
18944	185592680	chemistry	2007	1996	0.485032037891	1.85	2.4	0.8	1	0	0	1.0000448629	2.71785714286	5.2	0.6
19378	185592680	chemistry	2010	1998	0.962901414148	1.28941176471	2.2	7.6	0	1	0	2.13889829959	2.3623015873	10.6	3.2
10133	127313418	geology	2006	2000	0.136812736886	0.9	1.0	0.4	1	0	0	1.123046862	2.27333333333	2.6	1.6
101453	71924100	medicine	2012	2005	1.36662087032	8.33	3.8	1.4	1	0	0	4.64888159553	5.11184012066	8.2	3.6
1605	121332964	physics	2012	2000	0.0	0.2	1.0	0.0	1	0	0	0.229383886256	0.8	1.0	0.4
22503	185592680	chemistry	2009	1994	0.448324096914	0.84	1.8	1.0	1	0	0	0.749294736324	1.365	4.0	1.4
14717	121332964	physics	2006	1999	0.44317478991	2.09	1.8	2.8	1	0	0	0.826996100966	2.27880825057	6.0	9.4
19357	185592680	chemistry	2004	1998	0.898349239248	2.15571428571	3.8	3.2	1	0	0	1.60827500401	2.21445187166	7.8	7.6
15233	185592680	chemistry	2009	1999	0.0	0.5	0.8	1.0	1	0	0	2.03666248584	1.61904761905	2.4	1.2
13642	33923547	mathematics	1999	1990	0.0	0.0	0.0	0.0	1	0	0	0.18669843404	5.7	0.8	3.0
16456	185592680	chemistry	2006	1998	0.0591576885406	0.8	1.0	0.4	1	0	0	0.0618780762616	1.0	2.0	0.6
100791	185592680	chemistry	2011	2002	2.22914277693	4.00553726708	6.8	8.4	0	1	0	1.9110857846	4.16203375006	18.0	5.4
16401	185592680	chemistry	2011	2000	1.68004824256	3.30222222222	6.2	7.6	0	1	0	4.24609654682	6.67955435868	16.4	6.6
11499	121332964	physics	2012	1999	0.746227703887	4.09102564103	9.2	1.8	1	0	0	0.429090909091	4.00224736048	10.8	0.4
1623	41008148	computer science	2004	1995	0.0	2.4	1.0	0.0	1	0	0	0.340343734233	2.89	2.0	4.0
18575	185592680	chemistry	2009	1998	1.49650183615	1.65333333333	4.4	1.6	1	0	0	1.09898008792	3.0858974359	8.6	0.6
101597	185592680	chemistry	2010	2001	2.13370925838	5.30353146853	5.6	3.2	1	0	0	10.4536552231	17.4040461638	18.2	6.4
101815	185592680	chemistry	2008	1990	0.0	0.966666666667	2.2	0.0	1	0	0	0.234166666667	0.8	3.0	0.2
14530	86803240	biology	2010	2000	1.8442672772	1.83238095238	1.8	5.6	0	1	0	2.44240892959	2.73264705882	7.0	6.4
12964	71924100	medicine	2011	1995	4.25597784796	7.41043140798	17.0	8.0	1	0	0	2.06500953658	8.43494425952	27.8	1.0
14117	41008148	computer science	2007	1997	0.353777777778	0.9	2.4	0.6	1	0	0	0.175326256974	1.91071428571	4.8	6.2
100138	185592680	chemistry	2010	1998	1.59883836708	1.5	1.6	0.2	1	0	0	0.207482993197	4.58333333333	3.8	0.2
17399	33923547	mathematics	2003	1997	0.139843311732	0.7	0.4	1.0	1	0	0	0.119507575758	0.4	1.0	0.2
17886	121332964	physics	2011	1996	1.36338201495	3.72412698413	6.6	1.6	1	0	0	0.0	3.81230769231	8.8	0.0
10021	185592680	chemistry	2005	1999	0.0	0.0	0.0	0.6	1	0	0	0.0	0.6	1.0	0.6
20546	185592680	chemistry	1998	1991	0.558854415274	1.4	2.0	0.2	1	0	0	1.44227084806	1.13	2.6	0.8
100662	121332964	physics	2011	1996	0.0691008671839	0.0	2.0	0.2	1	0	0	0.0	0.6	2.0	0.0
14752	185592680	chemistry	2003	1990	0.0	0.4	2.0	0.0	1	0	0	0.448490176195	1.1	2.6	2.2
10400	185592680	chemistry	2009	2000	0.830658640926	3.76809779111	9.8	13.4	0	1	0	1.35183070726	3.11896182152	18.4	7.2
15915	185592680	chemistry	2006	1991	1.02750922654	2.3425974026	4.4	9.8	0	1	0	1.44200793801	4.12536581673	15.8	11.0
14421	185592680	chemistry	2006	1989	0.0	1.2	5.0	0.0	1	0	0	3.12962777915	2.81666666667	6.4	2.6
10519	127313418	geology	2008	1996	0.531732101617	4.33333333333	1.0	0.2	1	0	0	2.47278820434	3.90265873016	7.0	3.4
10908	185592680	chemistry	2007	2002	1.72921627409	2.1	1.4	0.8	0	1	0	1.48449477555	8.51333333333	4.8	0.6
11021	121332964	physics	2012	2001	0.856559302706	2.5	2.4	0.8	1	0	0	5.57113841639	2.25	4.8	1.6
15018	121332964	physics	2008	1996	2.11887403809	3.51961740096	13.8	75.6	0	0	1	3.23957210834	7.60534362934	29.0	57.2
12019	185592680	chemistry	2002	1996	0.0	0.2	0.6	0.0	1	0	0	0.0	0.0	1.0	0.0
11902	127313418	geology	2005	2000	0.13552238806	0.2	0.2	0.2	1	0	0	0.221705426357	0.4	1.0	0.2
15755	71924100	medicine	2012	1998	1.42548505113	2.34909090909	6.6	4.0	1	0	0	1.95644216157	3.17066666667	14.8	11.2
11478	71924100	medicine	2009	1994	0.0	0.0	0.0	0.0	1	0	0	1.19113139125	2.01666666667	1.6	0.6
17737	127313418	geology	2001	1992	0.859049504016	0.966666666667	1.6	0.4	1	0	0	1.67183844087	2.63333333333	4.4	3.2
13803	185592680	chemistry	2012	1997	0.168669527897	1.0	1.2	2.2	1	0	0	0.0	1.39	2.4	0.4
100283	41008148	computer science	2009	1998	0.534983772067	0.6	1.4	0.6	1	0	0	0.0	0.2	2.0	0.0
14285	185592680	chemistry	2011	2000	1.84687240132	2.07476190476	4.6	5.8	0	1	0	2.93330943467	2.60934054504	10.0	4.2
11259	185592680	chemistry	2005	1999	0.15547467128	0.0	0.0	3.2	0	1	0	0.882093076711	2.52845683728	4.6	5.2
10874	121332964	physics	2006	2000	0.687226656064	1.53333333333	2.4	2.0	1	0	0	1.02910524275	3.01743589744	4.6	3.6
12009	185592680	chemistry	2009	2000	0.331764434159	0.2	0.2	0.8	1	0	0	0.771501062831	1.58928571429	2.2	1.8
13774	127313418	geology	2006	1999	0.129462294037	1.28333333333	1.6	0.6	1	0	0	0.091	3.86666666667	3.0	0.8
13046	185592680	chemistry	2007	1991	0.27515023222	1.87333333333	4.0	0.4	1	0	0	1.36441398916	2.43754385965	6.6	4.4
100778	185592680	chemistry	2007	1996	0.529422632794	0.4	1.2	0.2	1	0	0	3.00239245149	1.4	2.6	1.4
1696	185592680	chemistry	2001	1990	0.0	0.0	0.0	0.2	1	0	0	0.384241188747	0.2	0.2	1.0
16603	121332964	physics	2012	1993	0.0	0.8	3.0	0.0	1	0	0	0.261240310078	2.21666666667	3.6	0.2
100299	127313418	geology	2012	2001	0.0	1.8	2.0	0.0	1	0	0	2.33048754741	2.78	3.0	0.8
10666	185592680	chemistry	2002	1997	0.0	0.0	0.0	0.2	1	0	0	0.0	0.0	0.0	0.0
1922	185592680	chemistry	2000	1994	0.0	0.0	0.0	0.0	1	0	0	0.0	0.0	0.0	0.4
12603	185592680	chemistry	2010	1997	6.31333722624	14.2256798757	10.2	1.2	0	1	0	8.14754284144	21.7771623932	18.4	4.6
10106	33923547	mathematics	2003	1996	0.532717915525	0.883333333333	2.0	3.2	1	0	0	1.55437711375	2.04997356302	6.8	11.6
12245	185592680	chemistry	2012	1998	2.98693622155	5.22210513064	14.0	10.6	1	0	0	5.65626143558	7.45819123999	35.6	15.0
13812	121332964	physics	2012	1996	0.230769230769	0.0	0.0	0.2	1	0	0	0.665162343971	1.3	1.8	1.0
15751	33923547	mathematics	2007	1997	0.742130279614	2.78849206349	5.8	4.0	1	0	0	1.66814009698	5.24883044653	14.6	4.6
101154	185592680	chemistry	2008	1996	0.0	0.0	0.0	0.0	1	0	0	3.03680689419	4.17727272727	5.0	7.2
12576	185592680	chemistry	2012	1991	0.454935622318	0.0	1.0	0.2	1	0	0	2.31072044027	4.13662939959	7.8	4.4
100619	121332964	physics	2004	1997	0.365124975391	0.966666666667	2.4	0.6	1	0	0	0.480277371424	0.6	3.6	0.6
18299	71924100	medicine	2008	1998	0.793777333992	2.2	1.6	3.8	0	1	0	3.06529628659	3.49924233661	7.8	12.2
101631	86803240	biology	2005	1999	0.711630360519	2.60666666667	2.2	1.4	1	0	0	0.0	2.07666666667	5.0	0.2
100560	121332964	physics	2011	2002	0.424317617866	1.6	1.0	0.2	1	0	0	1.7066522202	2.33333333333	4.8	2.4
12146	121332964	physics	2008	1999	0.784948725585	1.87333333333	2.8	2.2	1	0	0	1.1527753362	3.28392857143	8.6	3.4
101785	71924100	medicine	2008	1996	2.64190968018	3.40943932412	9.8	6.8	0	1	0	3.55752919727	5.0879991152	21.2	13.8
20586	121332964	physics	2005	1994	3.34478498926	3.65656565657	4.6	3.8	0	1	0	3.41908154914	7.17799200799	16.6	4.8
16659	185592680	chemistry	2008	1996	0.0	0.0	1.0	0.0	1	0	0	0.0	0.0	1.0	0.0
13569	185592680	chemistry	2012	1998	0.824990109072	1.6	1.8	1.0	1	0	0	3.32285084979	3.47667887668	7.0	1.8
10879	121332964	physics	2007	2001	0.117893359503	1.8	1.0	0.4	1	0	0	0.200823045267	7.2	1.0	0.6
12527	121332964	physics	1997	1992	0.118944281525	0.0	0.0	0.2	1	0	0	0.0	0.0	1.0	0.0
11200	185592680	chemistry	2004	1992	0.0	0.4	1.0	0.0	1	0	0	0.602981295417	1.55	1.8	0.8
100526	185592680	chemistry	2012	2001	3.52879472831	7.74985221675	13.0	5.8	1	0	0	2.79308447435	4.51475772371	22.8	1.4
23560	185592680	chemistry	2001	1993	0.0	0.0	0.0	0.0	1	0	0	0.216916488223	0.0	0.0	0.4
15827	185592680	chemistry	2001	1991	0.0	0.0	1.0	0.0	1	0	0	0.0	0.2	1.0	0.0
14983	86803240	biology	2001	1995	0.345091726961	2.55	2.0	2.8	1	0	0	0.884771682071	4.13662801781	9.0	8.8
100510	185592680	chemistry	2010	2001	0.0	0.2	0.6	0.0	1	0	0	0.501689189189	2.0	1.4	0.2
15896	121332964	physics	2003	1994	0.338914388308	1.0	1.2	0.8	1	0	0	0.39972198573	3.07777777778	5.2	0.4
100121	41008148	computer science	2005	1993	0.219390581717	2.41714285714	7.0	10.8	1	0	0	0.0957446808511	2.47569860813	15.8	8.4
13238	121332964	physics	2005	1999	0.253453755849	5.8	1.0	1.6	1	0	0	1.42655017026	3.27643678161	6.4	26.4
100127	121332964	physics	2010	1998	0.0	7.10333333333	4.6	0.0	1	0	0	2.50335523937	3.58927272727	6.2	12.4
19320	121332964	physics	2012	1994	0.0	1.4	1.0	0.0	1	0	0	1.21131688957	1.5619047619	2.2	1.6
101855	185592680	chemistry	2007	1999	0.568849829547	2.66666666667	1.0	1.8	1	0	0	1.87729626025	5.22014652015	8.2	1.4
19001	185592680	chemistry	2012	1996	2.11348708016	4.77110227872	16.6	12.4	1	0	0	5.23968785274	7.45054007329	38.8	7.2
16637	185592680	chemistry	2004	1999	0.196798944694	0.2	0.2	0.6	1	0	0	1.55911822607	1.78666666667	2.2	1.8
17144	71924100	medicine	2012	1993	4.17832889653	6.95649281282	35.8	15.6	1	0	0	4.31982615304	5.83586834208	53.8	10.6
12654	185592680	chemistry	2000	1988	0.959284990754	2.03492063492	4.8	4.2	1	0	0	0.469919551581	1.63793601651	9.2	4.8
12109	127313418	geology	2005	2000	5.27640940772	3.49444444444	2.6	2.6	0	0	1	2.87156843782	4.06003759398	12.0	25.2
19075	185592680	chemistry	2007	1996	0.618026702205	1.91666666667	4.8	2.6	1	0	0	3.62513741593	3.86496732026	7.4	6.4
10496	121332964	physics	2008	1986	2.19459195557	2.62955583104	12.6	39.6	0	0	1	2.51869622089	2.23447212256	18.8	61.2
19442	127313418	geology	2005	1993	0.753403863845	1.86666666667	4.6	1.0	1	0	0	2.88568181174	2.71940559441	7.4	8.8
18394	121332964	physics	2011	1997	0.951631166298	2.37757575758	8.0	3.6	1	0	0	0.985018832633	4.21163398693	10.6	2.6
13527	185592680	chemistry	2005	1999	0.232173983345	2.1	1.0	0.8	1	0	0	1.39703380061	2.59111111111	4.4	4.0
18529	185592680	chemistry	2007	1991	0.784928399468	2.53603125461	7.6	3.0	1	0	0	1.23884457617	2.25249742002	10.8	1.8
17461	127313418	geology	2004	1995	0.23171242926	1.1	1.4	0.4	1	0	0	0.509521091928	0.6	2.2	0.4
101373	185592680	chemistry	2008	2002	1.42513275239	1.83815789474	3.0	8.0	0	1	0	3.52981640882	2.63432451606	10.4	4.4
18294	121332964	physics	2007	1994	0.0	23.46	3.0	0.0	1	0	0	2.06788311841	23.7580622592	11.0	45.6
12133	121332964	physics	2011	1999	0.482508926913	2.0010989011	5.6	4.0	1	0	0	0.0	1.91012987013	8.0	0.0
14468	185592680	chemistry	2003	1988	0.870682656505	3.38935076635	8.8	6.6	1	0	0	1.81234916637	3.07049407188	18.0	9.8
12540	121332964	physics	1995	1988	0.0513742071882	0.0	0.0	0.2	1	0	0	0.0	0.6	0.6	0.0
100391	185592680	chemistry	2001	1993	0.203334423014	0.4	0.8	1.8	1	0	0	0.969184096111	1.02857142857	1.8	4.2
16508	185592680	chemistry	2007	1998	1.68219841871	1.89986263736	3.2	4.2	0	1	0	3.56644547128	3.61768728923	12.6	8.8
10965	185592680	chemistry	2006	1996	0.569278693782	0.8	1.2	1.2	1	0	0	1.91021531848	2.99038918598	7.0	7.2
11119	185592680	chemistry	2008	2003	0.535606060606	4.8	0.8	0.2	1	0	0	0.0	4.2	1.0	0.0
100699	127313418	geology	2010	2002	1.41612821643	2.37396825397	4.8	2.2	1	0	0	2.23189452631	6.03791208791	11.4	0.8
17361	71924100	medicine	2010	1999	1.53713844281	3.11666666667	2.6	12.0	0	0	1	2.47829270448	3.28348471763	10.0	18.0
19202	185592680	chemistry	2000	1994	0.277886061103	0.2	1.0	0.8	1	0	0	0.875066571293	1.81316017316	2.8	8.4
1553	185592680	chemistry	2012	1998	0.00117725846815	1.29	4.4	1.4	1	0	0	0.0	1.43333333333	5.0	0.0
1428	41008148	computer science	2007	1998	0.762761611738	0.2	0.2	0.8	1	0	0	1.70684591527	1.98560744811	5.0	4.0
101797	86803240	biology	2003	1994	4.68101226935	10.5768398268	7.0	2.0	0	1	0	6.45963993628	8.01439871769	15.8	4.0
100296	71924100	medicine	2006	1996	0.0	0.0	0.0	0.4	1	0	0	0.0	0.0	0.0	0.0
143	121332964	physics	2004	1994	0.96095626633	1.4	1.0	1.6	1	0	0	0.737074389348	2.72476190476	5.2	1.6
101194	86803240	biology	2010	2001	1.75495888826	3.34333333333	3.2	2.6	0	1	0	1.97030796919	4.13545787546	9.8	5.6
15152	127413603	engineering	2007	1996	0.0	1.2	1.0	0.0	1	0	0	1.11324231356	2.12138072454	4.0	16.0
19333	185592680	chemistry	2010	1994	0.0	3.4	2.0	0.0	1	0	0	1.60380557722	4.4	2.2	0.6
17170	185592680	chemistry	2012	1995	0.977981188207	3.27913180387	8.0	4.0	1	0	0	2.08648465114	4.94263918461	18.0	11.0
17989	185592680	chemistry	2003	1997	0.97039719944	1.81714285714	0.8	6.0	0	1	0	1.96776301371	6.40424836601	10.4	18.4
18461	71924100	medicine	2011	1997	0.0	0.0	0.0	0.0	1	0	0	1.88019818021	4.14404761905	2.4	2.4
101932	185592680	chemistry	2007	1989	0.0	0.8	4.0	0.0	1	0	0	0.113930348259	0.933333333333	4.0	0.2
101742	71924100	medicine	2002	1991	1.03373443179	2.21322011322	5.4	2.6	1	0	0	1.37402708981	2.5865333789	10.6	4.2
11587	185592680	chemistry	2006	1996	0.0	0.2	1.0	0.2	1	0	0	0.661858718198	0.4	1.2	0.6
13290	185592680	chemistry	1994	1989	5.18148138553e-05	0.0	0.0	0.2	1	0	0	0.0	0.0	0.0	0.0
15764	86803240	biology	2011	1997	1.73698606366	3.26031746032	3.8	2.0	1	0	0	2.95409513772	4.34098065559	13.6	3.2
22230	144133560	business	2002	1994	0.5936928953	2.46333333333	4.4	4.2	1	0	0	1.15468480776	9.29402472527	14.4	3.2
13184	71924100	medicine	2000	1987	1.56103920327	4.37145959596	8.0	20.2	0	0	1	3.03358889149	7.09988615136	28.2	33.2
14325	185592680	chemistry	2007	1999	2.70364077631	2.97	3.2	4.0	0	1	0	2.85711012997	3.68588274045	16.0	8.8
100683	185592680	chemistry	2005	1996	0.676454894138	1.8	2.0	6.0	0	1	0	0.813854063519	1.91666666667	4.8	3.4
15986	185592680	chemistry	2012	2000	0.902621974819	1.3368196963	6.6	18.2	0	0	1	1.93973209878	1.85101459944	10.2	21.8
10728	86803240	biology	2007	1997	2.9089072789	13.4105199112	17.2	4.6	1	0	0	3.26778965865	14.5609690902	31.6	3.4
1090	121332964	physics	2011	2001	0.0	0.2	1.0	0.0	1	0	0	0.0772234273319	0.4	1.0	0.2
11318	185592680	chemistry	2002	1996	0.0	0.4	0.4	0.2	1	0	0	0.929557952379	2.23666666667	2.4	6.6
101945	121332964	physics	2011	2003	0.131147540984	29.9	1.6	0.2	1	0	0	2.37637705466	38.1251538334	10.2	73.0
12153	185592680	chemistry	2010	1997	1.50189941397	4.55	3.4	1.0	1	0	0	1.02459546926	5.21111111111	10.0	0.2
15993	127313418	geology	1999	1990	0.630542394107	2.43333333333	4.0	3.0	1	0	0	0.981517687328	2.12968253968	6.8	7.2
18694	127313418	geology	2008	1996	0.167391304348	0.2	0.2	0.4	1	0	0	0.0	1.0	1.0	0.0
1430	71924100	medicine	2008	1998	0.964091719131	1.65333333333	1.8	1.6	1	0	0	2.70458596157	3.70700569635	9.4	14.2
24715	185592680	chemistry	2003	1993	0.261256360619	2.0	1.8	0.8	1	0	0	0.781865964922	2.46857142857	4.6	2.2
15655	127313418	geology	2012	1999	2.56242161268	7.26666666667	2.8	0.8	0	1	0	3.59462339787	5.20218253968	8.2	3.0
15600	127313418	geology	2012	1998	1.57522521652	6.26908346134	11.8	6.4	1	0	0	3.70001408619	7.95550004776	24.0	11.0
24486	185592680	chemistry	2003	1993	0.524608278995	1.33333333333	1.6	1.4	1	0	0	1.92075419671	2.7941131815	7.8	14.0
13137	121332964	physics	2006	1989	0.141784037559	1.0	4.0	0.2	1	0	0	0.0	1.36666666667	4.2	0.0
2266	185592680	chemistry	2012	1993	1.99155143863	3.19364213564	7.4	6.4	0	1	0	2.19463224375	3.40134803922	15.0	1.0
10084	71924100	medicine	2010	2003	1.63617032598	2.33333333333	2.2	1.8	0	1	0	2.99993219344	2.05075757576	6.8	1.2
20145	86803240	biology	2012	1999	2.39455890774	18.3311965812	5.6	4.0	1	0	0	4.61147348413	7.70635464002	17.8	4.2
100509	185592680	chemistry	2009	1990	1.4270535777	2.6993743099	9.4	8.2	1	0	0	3.80348419905	3.5925185375	17.2	8.6
19120	185592680	chemistry	2004	1999	0.0310559006211	0.0	0.0	0.2	1	0	0	0.885766508248	0.9	0.8	7.0
16194	185592680	chemistry	2009	1993	1.23449096246	2.52433947631	8.0	33.6	0	0	1	2.63169359817	3.90886408476	21.2	31.2
10504	121332964	physics	2007	2001	0.757315953736	2.5	1.0	0.4	1	0	0	1.70961312615	1.32	2.4	1.8
11691	71924100	medicine	2001	1993	0.0	0.6	1.0	0.0	1	0	0	0.340672735269	1.6	1.2	0.4
17545	121332964	physics	2006	1996	0.0	0.6	1.0	0.0	1	0	0	0.0	1.86666666667	1.0	0.2
12888	185592680	chemistry	2011	1997	1.28851008479	2.04299019608	5.8	4.4	1	0	0	2.06192856406	2.70100316411	12.6	4.0
100091	185592680	chemistry	2010	1996	0.364420802391	1.46666666667	2.4	0.6	1	0	0	0.136893203883	2.1	4.8	0.2
10707	121332964	physics	2004	1996	0.0	0.2	1.0	0.0	1	0	0	0.201832832792	0.8	1.2	1.2
100767	121332964	physics	2003	1992	0.350725961538	0.8	1.4	0.4	1	0	0	0.271755725191	3.2	3.2	0.4
11546	41008148	computer science	2009	1989	0.419844138766	1.76526610644	4.8	8.0	0	1	0	1.22769163964	2.91246902309	13.2	28.0
14132	185592680	chemistry	2011	2000	1.02473577072	2.27	6.6	4.0	1	0	0	0.213887254388	2.42782634033	9.0	0.6
100853	127313418	geology	2001	1981	0.760612275337	4.40363636364	10.0	0.4	1	0	0	2.39268153441	4.92329831933	13.2	3.8
10143	185592680	chemistry	2011	2005	3.56356963867	3.59707070707	3.6	4.4	0	0	1	6.05418800983	10.7854982903	16.6	3.4
16716	185592680	chemistry	2006	1999	0.636007319499	1.42	1.8	1.8	1	0	0	1.98635803448	3.10176700694	9.8	7.0
14430	121332964	physics	2004	1993	0.0912195121951	0.0	1.0	0.4	1	0	0	0.0	0.0	1.0	0.4
16787	185592680	chemistry	2002	1995	0.741515837104	0.4	1.0	0.2	1	0	0	1.39480477198	12.2	1.6	0.8
10828	121332964	physics	2002	1986	0.933537920861	1.69413919414	3.0	11.0	0	0	1	1.53761267667	2.2536553012	8.8	14.6
14298	185592680	chemistry	2008	1996	1.01743496016	2.2	2.4	0.6	1	0	0	2.27216458028	5.54857142857	7.0	4.6
18032	185592680	chemistry	2010	1995	0.81786056278	1.375	6.8	1.8	1	0	0	0.0	1.32619047619	8.0	0.0
12403	127313418	geology	2006	1994	0.0	0.4	0.8	0.0	1	0	0	0.0	0.2	1.0	0.2
17896	185592680	chemistry	2007	1993	0.0	0.0	0.0	0.2	1	0	0	0.0	0.0	0.0	0.4
2236	71924100	medicine	2009	1991	4.18286848503	11.1587557604	12.0	7.6	0	1	0	3.62370898143	10.6311824088	34.4	17.6
100740	121332964	physics	2006	1991	0.194083028169	0.8	2.0	2.2	1	0	0	1.21207949364	4.37829059829	4.4	6.0
15110	185592680	chemistry	2011	1991	2.13058072992	5.76739256157	24.6	20.6	1	0	0	3.82310951862	8.08414539104	48.0	21.0
14413	185592680	chemistry	2011	1994	1.39363833118	1.19333333333	1.8	3.8	0	1	0	2.84770269982	3.43171722576	10.0	5.8
13506	121332964	physics	2006	1991	0.387918930348	1.16666666667	2.2	1.8	1	0	0	0.0	2.28666666667	6.0	0.0
100915	127313418	geology	2011	2005	0.264200051265	0.2	1.0	0.4	1	0	0	2.66198960202	4.5	4.2	1.2
15891	71924100	medicine	2006	2000	0.130498866213	1.2	0.8	0.6	1	0	0	0.0184615384615	0.9	2.0	0.2
21438	86803240	biology	2007	1994	0.0	0.0	0.0	0.0	1	0	0	0.0	0.0	0.0	0.0
100914	121332964	physics	2012	1998	0.698020037737	1.3	1.6	1.2	1	0	0	3.1796284476	3.07331746032	6.2	7.0
10890	71924100	medicine	2012	1996	2.07591452732	2.90666666667	14.0	3.2	1	0	0	3.30486921882	2.66661989217	18.0	3.8
100372	185592680	chemistry	2010	2000	2.67176174631	2.79592009537	10.6	21.2	0	0	1	4.87485143288	6.39257326083	26.0	26.0
101727	121332964	physics	2005	2000	0.401936902431	0.6	0.6	0.8	1	0	0	0.0	0.5	1.4	0.0
12728	185592680	chemistry	2010	1995	0.0	0.8	1.8	0.6	1	0	0	0.0	0.9	2.4	0.0
101841	127313418	geology	2010	1997	0.588844538463	2.0909035409	4.8	3.0	1	0	0	1.31610668672	3.88112958958	11.4	13.4
11715	71924100	medicine	2003	1990	3.34770242713	5.59761904762	5.8	6.2	0	1	0	2.10752280985	4.89607166545	13.6	6.8
12647	121332964	physics	2012	1987	0.152649006623	5.13333333333	2.8	0.2	1	0	0	0.462857142857	3.25666666667	5.4	0.4
14472	121332964	physics	2009	1989	4.16087471983	7.21104652123	23.2	43.4	0	0	1	4.60026731686	6.57666372471	52.2	25.4
101239	185592680	chemistry	2009	2001	1.18718514462	1.94989010989	2.6	3.6	0	1	0	3.93589288175	4.30883823271	13.0	4.6
101505	185592680	chemistry	2012	2000	4.62855368096	2.90333333333	4.0	4.6	0	0	1	3.57418937299	6.38100541465	16.2	17.2
101647	127313418	geology	2000	1990	0.455860805861	4.15	3.8	0.4	1	0	0	0.836406529105	4.76753246753	5.4	3.2
1680	121332964	physics	2008	1989	1.0680015429	2.23814616096	11.4	19.6	0	0	1	1.22810564367	2.4107145385	18.4	29.8
16528	185592680	chemistry	2003	1993	0.843729208637	3.55053271441	8.6	7.4	1	0	0	1.97691558297	3.60682610836	20.2	5.8
100542	71924100	medicine	2006	2001	0.0273504273504	0.4	0.6	0.8	1	0	0	0.03125	0.0	1.0	0.6
11250	185592680	chemistry	2005	1996	0.717634996485	1.55333333333	2.2	3.6	1	0	0	1.60326442308	2.14155312524	7.0	10.2
100168	121332964	physics	2007	1995	0.259890965732	1.10857142857	2.8	0.2	1	0	0	0.458666666667	0.85	3.4	0.2
18414	127313418	geology	2012	1999	0.0151515151515	0.8	2.0	1.4	1	0	0	0.276314371903	0.916666666667	2.2	0.6
19897	121332964	physics	2007	1995	0.567377165812	1.4	2.8	1.0	1	0	0	0.060162601626	0.6	3.0	0.6
16694	185592680	chemistry	2007	1995	1.11237877097	0.533333333333	1.2	0.6	1	0	0	2.28300136306	1.88571428571	3.6	3.0
16714	185592680	chemistry	2010	1993	1.27400612808	1.35	1.8	4.0	0	1	0	0.632176833474	3.77865079365	5.0	2.2
100132	121332964	physics	2012	2001	0.248827925611	0.7	1.2	5.6	0	1	0	0.203064820421	2.08156565657	5.8	1.2
10205	185592680	chemistry	2004	1999	0.145917002753	0.4	0.6	0.4	1	0	0	0.385115116431	1.1	1.6	0.8
100426	185592680	chemistry	2008	2003	1.42977373672	0.7	1.0	1.8	0	1	0	2.2062593248	1.75238095238	5.6	2.4
123	86803240	biology	2007	1995	2.75800382975	2.91272893773	5.8	2.4	0	1	0	2.82465424492	5.9380268854	13.2	2.2
15640	185592680	chemistry	2002	1997	0.401502610908	1.32	1.2	2.4	1	0	0	1.45844606491	1.79570707071	4.2	1.4
101391	185592680	chemistry	2009	2004	0.321318681319	3.4	1.0	0.2	1	0	0	0.767554479419	4.8	1.0	0.2
13630	121332964	physics	2006	2000	2.68541918259	2.52666666667	2.4	1.6	0	1	0	4.00924516669	2.66291486291	7.0	1.8
15837	185592680	chemistry	2007	2000	0.400708820331	3.01	2.2	1.6	1	0	0	0.817148389244	2.76888888889	4.4	2.2
1142	162324750	economics	2003	1981	0.511062807193	2.61882844366	11.6	18.8	0	1	0	1.05208884544	3.8161656898	21.8	28.4
18311	185592680	chemistry	2001	1992	0.478261491535	1.53333333333	2.2	1.4	1	0	0	1.15388582605	1.845	4.2	4.4
13033	185592680	chemistry	2008	1998	0.283396400251	0.9	1.4	0.6	1	0	0	3.82080901005	4.29915966387	6.0	3.6
16954	185592680	chemistry	2003	1994	0.0	0.4	1.4	0.0	1	0	0	3.34991311706	5.735	5.0	2.8
10903	127313418	geology	2008	2002	0.49109463086	0.933333333333	1.0	1.0	1	0	0	0.152298763943	2.08666666667	2.6	1.0
10478	121332964	physics	2003	1992	0.0	2.13333333333	3.0	0.0	1	0	0	1.5410352087	1.35	3.4	1.2
13146	185592680	chemistry	1999	1990	0.163135391278	1.06666666667	1.4	1.6	1	0	0	0.260859977949	2.5380952381	3.6	3.4
15756	121332964	physics	2011	1998	0.991910557757	2.63551800429	10.2	9.0	1	0	0	2.01327275896	3.33572029775	20.4	10.4
10430	185592680	chemistry	2001	1988	0.142056074766	0.6	1.6	0.2	1	0	0	0.0	0.9	2.8	1.2
100167	185592680	chemistry	2002	1996	0.305573206109	0.6	0.4	1.0	1	0	0	1.05344038545	2.39264069264	4.8	3.4
11070	185592680	chemistry	2012	2001	2.18655467633	6.14642857143	6.6	1.8	1	0	0	6.51156805522	11.3354811902	17.2	3.2
12219	185592680	chemistry	2012	1997	0.00117725846815	3.8	2.2	0.4	1	0	0	0.0	1.9	3.0	0.0
101986	71924100	medicine	2011	2002	0.0	0.8	1.0	0.0	1	0	0	0.0	0.6	1.0	1.4
10319	185592680	chemistry	2010	2001	0.286849315068	1.46448551449	6.8	0.4	1	0	0	0.0	1.60039045921	8.6	0.0
16393	185592680	chemistry	2010	1992	1.5498861435	2.70143138595	9.4	3.2	1	0	0	3.29089408172	3.61618364056	15.8	3.6
15791	185592680	chemistry	2008	1994	2.56868135623	0.761111111111	0.8	9.6	0	0	1	2.66414822886	3.26832462207	10.2	8.6
100175	33923547	mathematics	2002	1997	0.257941392482	1.2	1.0	1.4	1	0	0	0.699346588923	1.72575757576	4.8	2.6
1581	127313418	geology	2003	1998	2.15499878774	1.7	1.6	2.2	0	1	0	2.91952956848	4.50129917184	11.6	8.8
10742	185592680	chemistry	2002	1990	0.149810827822	0.0	1.0	1.6	1	0	0	0.612031572199	1.26666666667	2.4	9.8
13216	121332964	physics	2000	1988	0.0165048543689	0.4	1.0	0.4	1	0	0	0.0	0.2	1.0	0.4
17847	185592680	chemistry	2007	1996	0.156925696218	0.0	1.0	0.6	1	0	0	0.821232571974	2.91142857143	2.4	4.4
10898	185592680	chemistry	2007	1998	0.0	0.0	0.0	0.0	1	0	0	0.113930348259	0.2	1.0	0.2
101806	185592680	chemistry	2002	1996	0.356243133816	1.91333333333	2.0	4.6	1	0	0	0.946187207241	1.71556073556	6.6	7.2
17992	185592680	chemistry	2008	1995	1.64293532588	3.2224515835	10.4	25.6	0	0	1	2.17712854782	5.36866492122	27.8	19.8
12505	127413603	engineering	2010	1997	0.0	0.0	0.0	0.2	1	0	0	0.255574593399	1.56261620732	3.8	8.4
1027	185592680	chemistry	2006	1990	0.398444118324	1.44	3.2	2.2	1	0	0	1.38729182166	2.52823472823	8.4	9.4
10966	127313418	geology	2009	1993	2.64848145462	1.77455077087	5.2	12.2	0	0	1	2.86640369459	3.16276237025	13.6	22.6
14220	185592680	chemistry	2003	1996	0.105691056911	0.4	0.4	0.4	1	0	0	0.978708111197	1.5	2.2	2.2
14261	185592680	chemistry	2004	1998	0.642857142857	0.2	0.2	1.0	1	0	0	1.77844815922	2.78908715451	8.4	28.8
11781	185592680	chemistry	2010	1997	0.0	0.0	0.0	0.0	1	0	0	2.41987879106	2.7380952381	2.0	2.4
14744	185592680	chemistry	2003	1998	0.128401908169	1.0	0.8	0.6	1	0	0	0.902419245615	1.55	1.6	1.8
13535	185592680	chemistry	1998	1991	0.0	0.0	0.0	0.2	1	0	0	0.663847498931	0.0	0.0	1.8
11316	185592680	chemistry	2010	1997	0.614078027236	1.8	2.6	0.4	1	0	0	0.56401384083	1.78333333333	4.6	0.2
101096	185592680	chemistry	2006	1998	0.592754718746	1.76666666667	1.8	0.4	1	0	0	0.113930348259	3.5	3.0	0.2
15690	185592680	chemistry	2005	1997	0.0	0.8	1.0	0.0	1	0	0	0.0	0.2	1.0	0.0
10921	185592680	chemistry	2011	2000	0.330496373593	1.1	2.2	0.4	1	0	0	4.70980028439	3.71192797541	6.6	6.6
100553	71924100	medicine	2010	1997	3.75037504102	10.0657983193	7.0	4.8	0	1	0	1.29225855048	7.57580611608	16.4	1.6
100152	185592680	chemistry	2012	1999	1.6473637332	1.35384615385	1.8	6.0	0	1	0	3.23008654421	6.73313733743	20.4	9.4
16396	185592680	chemistry	2005	1998	0.914737703082	1.575	1.8	3.2	0	1	0	1.67246213945	3.25043760907	11.0	18.0
11703	185592680	chemistry	2002	1991	0.0	0.0	0.0	0.0	1	0	0	1.07615239959	1.16666666667	1.2	1.2
101703	41008148	computer science	2011	2001	0.766404120306	2.27619047619	3.4	6.6	0	1	0	1.87131991499	2.95147020312	10.4	8.2
17044	41008148	computer science	2004	1995	0.4954484761	2.01333333333	3.2	5.8	1	0	0	1.65934463862	4.40431005703	17.6	41.8
100900	185592680	chemistry	2011	2005	2.30828862873	4.46984126984	3.6	2.8	0	1	0	3.12964955001	6.35916666667	15.2	2.4
11754	127313418	geology	2010	1998	0.123370624677	1.75	2.8	1.0	1	0	0	0.0	2.45	4.4	0.0
11211	185592680	chemistry	2009	1998	3.49213651895	6.16069807134	14.8	3.6	1	0	0	1.61045003814	7.52382486231	26.0	0.4
101730	185592680	chemistry	2003	1997	0.0	0.8	0.8	0.2	1	0	0	2.14666657541	1.86666666667	2.4	0.8
19888	185592680	chemistry	2005	1995	0.257971014493	1.83333333333	2.2	0.2	1	0	0	0.729873257669	3.94	4.2	0.4
13139	71924100	medicine	1996	1990	0.126666666667	1.0	1.2	0.4	1	0	0	1.65531231662	2.64285714286	4.4	4.8
10861	86803240	biology	2002	1997	0.980506535451	1.4	0.8	0.6	1	0	0	2.69933310097	4.32590909091	7.4	3.6
10083	71924100	medicine	2010	2004	0.0	0.4	0.4	0.0	1	0	0	1.39548581699	1.66666666667	1.4	0.6
101536	185592680	chemistry	2006	1999	0.695051522782	1.36666666667	1.0	0.6	1	0	0	2.31452406405	2.66666666667	3.0	0.8
1523	121332964	physics	2011	1999	0.148948183092	0.4	1.0	2.0	1	0	0	0.0589416058394	0.866666666667	2.0	0.2
1683	185592680	chemistry	2004	1996	0.280930903788	1.0	0.8	0.8	1	0	0	1.57443055659	2.40743015155	5.4	3.8
100513	121332964	physics	2009	1999	0.214479638009	0.4	0.2	0.4	1	0	0	0.0	4.16666666667	2.8	0.2
100611	86803240	biology	2012	1999	0.294736842105	4.9	3.4	0.2	1	0	0	0.0	7.54	5.4	0.0
11498	185592680	chemistry	2002	1995	0.0	0.0	0.0	0.0	1	0	0	0.0	0.0	0.0	0.0
11416	185592680	chemistry	2011	1995	2.93699726929	7.66734193708	29.4	26.0	1	0	0	5.24405410748	13.45324807	66.0	23.0
10289	185592680	chemistry	2010	1991	1.30111892748	2.19743589744	9.4	1.0	1	0	0	1.32861041126	2.63798630563	13.8	3.2
1516	121332964	physics	2006	1997	0.105125604269	0.4	1.0	0.6	1	0	0	0.0998272822962	1.2	1.6	1.8
101689	185592680	chemistry	2010	2001	2.11543134798	6.5797979798	2.8	2.0	0	1	0	3.53179029266	6.18019521655	14.0	3.6
13757	71924100	medicine	2002	1992	0.331729115519	1.36666666667	2.0	2.0	1	0	0	0.536499599463	1.95555555556	5.0	1.2
15626	121332964	physics	2006	1997	0.562491766204	0.84	1.2	3.8	0	1	0	1.52203460075	2.40777777778	4.4	7.6
100114	33923547	mathematics	2009	2001	1.04738004247	3.31142857143	4.2	2.8	1	0	0	1.46023501738	8.57523809524	8.6	3.4
17111	185592680	chemistry	2007	1998	1.2735286011	1.46	2.2	4.8	0	1	0	2.27526335362	2.85777900671	9.8	23.0
22809	121332964	physics	2006	1993	0.57175645932	1.18	3.0	0.8	1	0	0	0.964377632433	1.72646464646	6.0	4.2
13165	185592680	chemistry	2001	1992	0.0869306930693	0.8	1.4	0.2	1	0	0	0.0	0.8	2.8	0.0
10542	185592680	chemistry	2011	1997	1.68424891499	4.87699871051	8.8	15.8	0	0	1	2.65573583335	7.2737040341	24.6	7.2
101026	185592680	chemistry	2004	1998	0.188796152052	1.3	1.8	0.8	1	0	0	0.0	1.18	3.0	0.0
18227	71924100	medicine	2003	1996	0.0	3.2	1.0	0.0	1	0	0	1.94275915704	2.5	1.8	0.4
10776	121332964	physics	2002	1986	0.692730022266	1.46671096519	6.6	15.0	0	0	1	1.07540516066	1.60000205853	9.4	8.6
1475	185592680	chemistry	2003	1993	0.538688358718	1.52222222222	4.8	2.6	1	0	0	0.967413449916	1.60571428571	6.4	2.4
15356	185592680	chemistry	2003	1998	0.180121812371	0.0	0.0	1.4	1	0	0	1.3816333859	1.67333333333	3.2	4.4
21052	127413603	engineering	2001	1995	0.984523564865	1.78928571429	2.6	5.0	0	1	0	0.256046365915	1.78493506494	6.2	13.4
16540	127413603	engineering	2011	1997	0.472507637787	2.79846528903	10.6	10.0	1	0	0	2.14844260149	2.95491552662	19.0	21.2
10536	185592680	chemistry	2011	1991	1.38475777854	2.1694344557	7.2	6.8	1	0	0	3.17121252565	3.39331143997	15.8	19.2
13661	127313418	geology	2006	1996	0.0	0.0	0.0	0.0	1	0	0	0.388651697238	0.2	0.2	0.4
101800	127313418	geology	2005	1996	1.36725005296	3.575	2.6	1.6	1	0	0	0.214790996785	5.42642857143	7.2	0.2
22486	185592680	chemistry	2007	1994	2.80496604328	6.40289785682	11.6	13.0	0	1	0	3.44887329191	13.9354864216	45.6	32.2
100962	127313418	geology	2007	1994	1.87595747671	14.6305555556	6.0	2.0	1	0	0	0.0	50.6166666667	7.0	0.0
18202	127313418	geology	2008	1999	0.176702508961	1.6	1.4	0.8	1	0	0	1.40984432276	3.95277777778	5.0	1.0
17918	41008148	computer science	2006	1994	0.0	1.86666666667	3.4	0.0	1	0	0	0.151177199504	2.1	4.2	1.8
12557	86803240	biology	2000	1992	0.725080302658	1.74285714286	2.0	3.2	1	0	0	1.73374256064	2.51413919414	6.4	4.2
11920	86803240	biology	2007	1994	1.94782317231	5.26266479663	14.2	5.6	1	0	0	3.45991532856	3.97163262329	23.0	21.8
10780	127313418	geology	2009	2002	1.26914671429	2.96019607843	3.0	6.2	0	1	0	1.48077999971	2.55152631682	10.8	18.2
100084	127413603	engineering	2011	2001	0.00242805755396	0.2	0.4	3.8	1	0	0	0.00403749098774	0.666666666667	1.8	0.2
12186	185592680	chemistry	2011	1997	1.80860755085	4.08876898069	16.6	17.4	0	1	0	1.13085396465	4.58689845435	33.8	1.0
107	121332964	physics	2001	1987	0.834013453746	1.89931049627	5.8	12.2	0	1	0	1.14529615388	2.14076465659	10.0	13.6
16227	185592680	chemistry	2006	2000	0.427071264017	1.6	2.0	1.2	1	0	0	1.45820501714	2.13555555556	4.6	1.8
101513	185592680	chemistry	2012	1999	0.0	1.77	5.6	0.0	1	0	0	5.65429692038	9.06111111111	8.2	1.4
11137	185592680	chemistry	2002	1997	0.0276504297994	0.0	0.0	0.4	1	0	0	1.25123730747	2.73333333333	2.0	2.6
14499	185592680	chemistry	2010	1993	0.989502986898	1.03333333333	1.4	5.4	0	1	0	0.450117792161	2.85398842374	9.4	0.8
10378	185592680	chemistry	2008	1999	0.0	0.6	0.8	0.0	1	0	0	0.0	0.6	1.0	0.0
14142	71924100	medicine	2009	1998	0.0	0.4	1.0	0.0	1	0	0	0.971774200046	0.0	1.0	0.6
101561	41008148	computer science	2005	1997	0.0	0.2	0.2	0.0	1	0	0	0.267305686703	2.42060606061	3.2	3.8
12014	185592680	chemistry	2010	1997	2.9700645163	3.4187854251	8.6	24.8	0	0	1	3.28609278431	4.34073234932	20.4	69.6
1678	71924100	medicine	2006	1996	0.0	0.0	0.0	0.0	1	0	0	3.27508832368	4.93333333333	3.0	3.8
18882	162324750	economics	2012	1999	0.0260089919937	1.38461538462	2.2	8.8	0	1	0	0.0608260325407	1.42222222222	5.4	2.4
13094	185592680	chemistry	2011	1998	1.99930604722	3.24444444444	2.6	1.8	0	1	0	2.7828867703	8.01348997494	11.0	1.6
14217	71924100	medicine	2006	1996	3.70791881725	14.7398234816	12.6	12.6	0	1	0	3.44147142049	17.580968813	41.6	15.8
10344	121332964	physics	2008	1996	0.77802272679	1.46666666667	2.6	3.0	1	0	0	3.91307585621	2.41277777778	5.6	4.8
22234	185592680	chemistry	2009	1995	2.90376303246	2.47956299119	6.2	4.2	0	1	0	4.31945292013	6.4876885916	16.4	5.2
100929	71924100	medicine	2010	2002	1.10979509059	2.5253968254	3.6	4.2	1	0	0	2.15201694394	2.79201354201	7.8	8.0
12271	185592680	chemistry	2011	1998	8.59732327324	15.510479798	16.8	1.4	0	1	0	5.98659740936	12.8958297112	24.8	4.0
100242	127313418	geology	2012	2001	0.0	92.3	3.0	0.0	1	0	0	1.3367995095	72.1833333333	4.0	0.2
19448	185592680	chemistry	2003	1994	0.764654203596	2.09119047619	8.0	3.0	1	0	0	2.32554656782	2.78185735833	13.4	2.6
100223	71924100	medicine	2008	1985	1.97547344795	8.93635602746	23.8	9.0	1	0	0	3.00733187111	7.28657139653	37.0	11.8
101201	185592680	chemistry	2009	2000	2.25082084076	4.01111111111	3.0	2.0	0	1	0	1.63423423423	17.0711111111	8.8	0.2
101907	185592680	chemistry	2011	2000	0.194170718786	2.28333333333	3.0	0.4	1	0	0	0.991739590947	1.75333333333	3.2	1.4
100467	121332964	physics	2003	1980	0.980935133765	2.16666666667	7.8	8.4	1	0	0	1.46742351376	2.19253968254	9.8	3.4
10634	71924100	medicine	2008	1998	2.55036629364	4.31	3.8	1.4	0	1	0	3.4679068848	5.56728368589	10.4	13.2
14613	185592680	chemistry	2008	1994	0.61467056028	1.11111111111	2.4	9.4	0	1	0	1.5739337415	2.3867261693	9.2	13.4
101570	127313418	geology	2004	1998	0.22929657743	1.5	1.4	0.6	1	0	0	0.118018018018	3.09333333333	3.6	0.2
17931	121332964	physics	2009	1997	0.998101034693	0.4	1.0	0.6	1	0	0	2.38212739595	3.09848484848	3.8	5.2
13957	185592680	chemistry	2011	1996	1.33170074041	3.86030982906	12.6	7.6	1	0	0	2.40088936606	4.63297178131	24.4	15.8
101985	185592680	chemistry	2011	2000	1.47190770007	3.13900983519	7.8	10.4	0	1	0	2.91457383967	3.07468281384	19.4	18.4
19468	71924100	medicine	2005	1999	0.0	0.0	0.0	0.0	1	0	0	0.0	0.0	0.0	0.0
17177	127313418	geology	2007	1998	0.705429293067	1.62658730159	2.8	3.0	1	0	0	4.12318492747	5.52801960784	10.8	3.8
18521	127313418	geology	2000	1993	0.568173830027	1.3	2.4	3.2	1	0	0	1.0973748606	2.30731731289	6.4	5.4
1738	121332964	physics	2002	1997	0.388172536744	0.2	0.2	1.0	1	0	0	0.62104053899	4.35	2.0	1.2
101579	185592680	chemistry	2003	1998	0.344972153825	1.31666666667	1.2	2.0	1	0	0	1.50617061629	4.62634920635	4.6	2.6
18149	185592680	chemistry	2011	1995	2.05248076803	4.33368983957	7.4	5.4	1	0	0	4.38422393373	6.00057505219	19.8	8.2
10862	121332964	physics	2007	1995	0.753832951286	1.61222222222	3.2	2.4	1	0	0	0.798146674684	3.38141996892	6.8	1.8
15635	185592680	chemistry	2010	2000	4.78126259206	4.36031746032	3.4	3.2	0	0	1	4.8215282067	6.34206123829	10.2	4.2
101842	121332964	physics	2003	1991	0.67400397149	1.79549719888	7.6	3.8	1	0	0	1.15736312623	1.19293255764	9.0	3.4
19213	127313418	geology	2004	1990	0.702309496801	2.3	1.8	3.2	1	0	0	1.9915270705	6.65555131143	9.8	9.0
15159	71924100	medicine	2007	1997	3.0407907408	3.04179487179	6.2	4.6	0	1	0	0.721123167523	3.31990504748	15.0	0.6
17529	185592680	chemistry	2012	1996	2.09604738447	2.53333333333	2.0	0.8	0	1	0	2.46167030999	4.4053968254	5.4	1.4
101672	127313418	geology	2002	1996	0.29430965232	0.9	1.2	1.0	1	0	0	0.438696918697	2.75849206349	5.4	1.4
12165	185592680	chemistry	2007	1997	0.0	0.2	1.0	0.2	1	0	0	0.297031446541	1.0	1.4	0.2
100608	33923547	mathematics	2012	2002	0.0	1.6	1.0	0.0	1	0	0	0.0762589928058	1.8	1.8	0.2
100187	71924100	medicine	2009	1989	2.5417322032	4.23333333333	2.6	8.6	0	0	1	2.06242594377	7.89765750916	12.4	3.8
18445	185592680	chemistry	2002	1996	0.20651207601	1.4	1.6	2.4	1	0	0	1.33388791549	4.52222222222	5.0	5.6
16602	71924100	medicine	2011	1989	2.89756202449	5.26794117647	16.4	2.6	1	0	0	2.04175551289	3.78377156705	22.0	5.0
12686	185592680	chemistry	2003	1992	0.669238042194	1.5	2.2	1.2	1	0	0	0.499547780219	1.20666666667	3.2	1.8
18341	127313418	geology	2002	1994	0.653463201682	3.18	4.0	3.8	1	0	0	2.31385687359	3.79096673287	11.8	17.0
11521	127313418	geology	2008	1997	1.27322173289	3.17357142857	4.2	1.2	1	0	0	1.88389538289	3.7009024309	9.2	0.6
101230	185592680	chemistry	2003	1996	0.327439061241	2.24	3.4	1.8	1	0	0	1.04889835824	3.21785714286	6.4	4.2
10439	127313418	geology	2012	1998	0.258901234568	2.4	2.6	0.4	1	0	0	0.0	4.1	3.2	0.0
12495	127313418	geology	2010	2000	1.07256975135	7.42361853832	5.8	3.4	1	0	0	2.33779542653	5.58339920949	11.8	3.0
11428	127313418	geology	2000	1994	0.603426248147	1.55	2.8	0.8	1	0	0	0.0	1.83333333333	4.0	0.0
1327	127313418	geology	2006	2000	0.37125	1.4	1.2	0.2	1	0	0	1.7762935674	2.86666666667	3.6	0.6
101507	121332964	physics	2011	1993	0.0	0.8	1.0	0.0	1	0	0	0.735442135697	1.34	2.0	1.4
13069	185592680	chemistry	2010	1995	0.0	1.5	4.0	0.0	1	0	0	0.0	1.33	5.0	0.0
21231	121332964	physics	2010	1994	1.37075122332	1.02666666667	1.6	3.2	0	1	0	1.41032139026	2.15151515152	6.0	5.0
15408	185592680	chemistry	2008	1999	0.959589020953	1.60095238095	3.2	4.2	1	0	0	1.70827954619	1.71576692863	8.0	8.8
100166	185592680	chemistry	2009	1988	0.157429920983	1.2	1.2	12.2	0	0	1	0.00776892430279	1.05	2.0	2.4
14153	185592680	chemistry	2003	1998	0.695070202054	1.025	1.4	4.0	0	1	0	1.79861642111	2.36384901648	7.4	3.4
12530	185592680	chemistry	2007	2000	0.910325737324	1.99322344322	3.8	7.8	0	1	0	2.66109282923	2.57546777547	11.8	4.6
19853	185592680	chemistry	2004	1992	4.72573018359	13.2074675325	11.4	1.2	1	0	0	7.09567597855	18.4731539544	18.0	3.0
10502	121332964	physics	2004	1996	1.02956613346	2.3	1.0	0.6	1	0	0	2.16102480132	2.88666666667	3.0	1.2
11384	121332964	physics	2005	1991	0.196401999373	0.8	0.4	1.8	1	0	0	0.154418708697	1.5	1.0	6.0
25306	185592680	chemistry	2004	1995	0.0	0.4	1.0	0.0	1	0	0	0.948064195397	0.577777777778	1.4	3.8
1972	185592680	chemistry	2001	1994	1.15745049584	1.1	1.2	4.0	0	1	0	2.24716509349	3.40562770563	6.6	13.6
11993	121332964	physics	2012	1997	1.17831463845	1.37285714286	3.2	5.6	0	1	0	2.87387181586	2.75876117497	8.0	5.4
17589	185592680	chemistry	2011	1990	0.96484566154	2.00197368421	4.2	5.8	0	1	0	0.32570977918	3.6353030303	14.0	0.4
100113	127313418	geology	2010	2003	0.730700180144	1.50952380952	1.6	2.0	1	0	0	2.50458494348	2.40532485059	6.6	2.6
20163	86803240	biology	2007	1994	2.52738216409	4.17897759104	7.2	5.4	0	1	0	3.19551375629	4.31042628005	18.6	1.6
15316	121332964	physics	2010	1995	1.08934154732	2.33633821048	9.8	2.0	1	0	0	1.29100075016	2.51164815577	14.4	1.2
16839	121332964	physics	2007	1998	0.0	1.8	1.8	0.0	1	0	0	0.99852561283	2.63333333333	3.0	0.4
17160	71924100	medicine	2004	1990	0.10945395273	1.2	1.8	1.2	1	0	0	3.84271949584	5.66047642845	7.2	11.8
12366	185592680	chemistry	2005	1997	0.327385373002	0.6	0.8	0.6	1	0	0	0.892943163671	2.28572124756	4.8	9.8
15937	127313418	geology	2005	1999	0.0333333333333	1.8	1.2	0.6	1	0	0	0.116815920398	2.96666666667	2.2	1.6
14148	121332964	physics	2004	1995	0.0	0.0	0.0	0.4	1	0	0	2.32843001262	2.33239624386	7.0	52.0
176	185592680	chemistry	2011	1994	0.248756747191	3.2	1.8	0.2	1	0	0	0.352168124762	1.65	2.6	0.2
13091	185592680	chemistry	2010	2000	1.35496750107	2.325	5.4	4.2	1	0	0	2.30298923087	3.74403004019	15.2	10.6
1637	71924100	medicine	2004	1991	0.15578358209	0.0	1.0	0.2	1	0	0	0.0	0.0	1.0	0.0
16196	86803240	biology	2005	1996	1.19407927342	2.07412698413	5.2	2.8	1	0	0	2.37984777367	2.49801118366	11.4	6.4
14700	185592680	chemistry	2007	1993	0.153863898501	0.95	2.6	0.4	1	0	0	0.0	2.1	3.0	0.0
11296	185592680	chemistry	2012	1995	2.91944131292	2.17798867799	8.0	4.0	0	1	0	4.16222213846	3.27859848485	15.6	2.8
21038	185592680	chemistry	2004	1994	0.581070915256	1.0	0.8	3.2	0	1	0	1.73811546312	1.59952380952	4.8	2.0
11071	185592680	chemistry	2003	1987	5.10028738131	6.53355010652	24.4	5.0	1	0	0	5.71702914863	5.12366547246	33.2	4.8
13536	185592680	chemistry	2007	1988	1.50326120455	2.3982181684	24.8	21.4	1	0	0	2.07995970655	2.51889725287	31.2	24.6
10866	86803240	biology	2007	2000	1.42397051249	1.1	1.6	5.4	0	1	0	2.35064950031	4.04432015318	12.0	6.8
19081	185592680	chemistry	2005	1992	1.41683702683	2.46333333333	3.2	4.4	0	1	0	2.54750519443	2.84503476366	10.8	13.8
12985	185592680	chemistry	2001	1995	0.502970039215	1.98571428571	2.6	4.0	1	0	0	1.18247847446	1.69338748208	5.8	5.6
12885	127413603	engineering	2004	1991	0.501281103196	1.87968253968	3.0	4.0	1	0	0	0.800859694585	1.90866413979	7.8	6.4
101865	185592680	chemistry	2002	1989	0.876854977401	2.81363636364	6.2	6.2	1	0	0	1.54562596973	3.18837121212	13.2	6.2
15519	185592680	chemistry	2010	1994	2.18630868648	3.35225158641	15.4	13.2	1	0	0	5.60404135369	7.39880383041	34.0	14.6
101514	185592680	chemistry	2010	2003	0.0	0.8	1.2	2.4	1	0	0	0.265573770492	1.81857142857	3.8	1.6
15843	185592680	chemistry	2005	2000	0.564291504431	1.94	2.2	2.4	1	0	0	0.307762805562	4.5378968254	9.4	1.4
100960	71924100	medicine	2012	1989	1.03621223952	2.4061233168	6.2	28.4	0	0	1	2.01496084876	2.19482425184	18.6	36.4
15035	185592680	chemistry	2010	1999	0.243920145191	3.46777777778	7.4	0.2	1	0	0	8.486053941	13.0634323628	12.0	5.2
100024	86803240	biology	2006	1994	4.37777791384	4.26666666667	3.4	1.4	0	0	1	10.2066464333	3.59744816587	7.6	3.8
17463	185592680	chemistry	2004	1998	0.0	0.0	0.0	0.0	1	0	0	0.0	0.0	0.0	0.0
100062	185592680	chemistry	2008	2002	0.585996769278	1.4	1.2	0.8	1	0	0	0.504211723926	3.29095238095	4.4	1.0
100948	121332964	physics	2010	2005	0.538819523269	0.8	0.8	0.2	1	0	0	0.179359430605	0.6	1.0	0.2
15174	185592680	chemistry	2010	2000	0.17157712305	5.05	2.8	0.2	1	0	0	0.0	11.65	3.2	0.0
100895	185592680	chemistry	2000	1990	0.0328510082151	0.466666666667	0.6	1.4	1	0	0	0.252394576301	1.53333333333	2.8	2.8
102019	127313418	geology	2010	2004	0.263035577369	1.0	1.2	0.6	1	0	0	4.66356341467	10.2866666667	4.8	2.0
101152	185592680	chemistry	2007	2001	0.951267075268	0.266666666667	0.2	3.2	0	1	0	1.82220635081	3.73179487179	7.2	8.6
15010	121332964	physics	2011	1993	2.58524790736	2.12571428571	5.0	2.0	0	1	0	3.16567970566	3.27748447205	10.0	4.0
100154	185592680	chemistry	2011	2000	0.00117725846815	2.6	1.2	0.4	1	0	0	0.0	2.3	2.0	0.0
101399	185592680	chemistry	2010	1999	1.97974567255	3.0925	3.2	4.6	0	1	0	3.47005513329	3.77402335406	14.0	9.4
1067	185592680	chemistry	2012	2002	0.881130562527	1.11666666667	1.6	1.2	1	0	0	2.12753731325	3.51636696637	5.0	2.6
100642	185592680	chemistry	2011	2006	2.70729510162	3.04761904762	2.0	1.8	0	1	0	2.64981931063	3.42666666667	7.2	2.6
17121	185592680	chemistry	2012	1997	1.71566984192	3.41826381736	12.4	10.0	1	0	0	2.57888348824	3.90911263683	24.8	11.6
19147	121332964	physics	2002	1992	0.0	1.0	3.0	0.0	1	0	0	0.0	0.2	3.0	0.0
11842	185592680	chemistry	2003	1981	0.738394108758	0.2	0.6	1.0	1	0	0	1.66078111582	3.32	4.6	5.6
17056	185592680	chemistry	2004	1996	1.1026378213	1.88	1.4	3.0	0	1	0	2.5367918843	4.27831196581	7.0	3.8
17444	162324750	economics	2005	1995	0.0348146399055	0.0	0.0	0.6	1	0	0	0.0	1.4	0.8	1.0
19197	71924100	medicine	2010	1998	2.16791754036	12.5229170829	9.0	2.8	1	0	0	2.84627345581	6.28406554019	15.2	7.2
2063	185592680	chemistry	2006	1993	0.852376673674	3.41825396825	6.0	2.2	1	0	0	2.44661623874	4.58095672443	12.4	5.6
100310	185592680	chemistry	2004	1994	0.0	0.0	0.0	0.0	1	0	0	0.313313264746	0.6	0.8	0.6
21150	185592680	chemistry	2002	1995	0.0	0.4	1.0	0.4	1	0	0	0.0	0.4	1.0	0.0
15543	185592680	chemistry	2007	1989	0.0	0.0	0.0	0.0	1	0	0	0.0	0.0	0.0	0.0
13071	121332964	physics	2012	1990	0.876558676105	2.965	5.4	1.2	1	0	0	4.21074860636	2.56543417367	8.4	8.8
101595	185592680	chemistry	2011	1999	1.47226778531	2.03333333333	2.6	4.0	0	1	0	2.97652232776	4.36803571429	11.2	13.2
101915	127313418	geology	2003	1986	2.55574548443	2.64358974359	6.8	2.6	1	0	0	0.910313514084	3.80224751845	13.8	6.2
1047	121332964	physics	2006	1999	0.749593147621	5.6	0.8	1.2	1	0	0	0.440911392405	2.6	1.4	0.6
22448	144133560	business	2005	1994	0.485399190453	2.32825396825	5.6	3.0	1	0	0	0.773832806373	3.55810606061	11.8	5.4
100727	185592680	chemistry	2002	1982	1.06314734844	1.635	3.0	6.0	0	1	0	0.285312291132	1.87833333333	6.0	0.6
10708	185592680	chemistry	1994	1989	0.0	0.0	0.0	0.6	1	0	0	0.201444444444	0.4	0.6	2.8
100074	185592680	chemistry	2009	2003	0.596009922879	1.0	0.6	1.2	1	0	0	1.02841919051	4.2119047619	5.4	2.0
14571	41008148	computer science	2001	1995	0.185004359198	0.2	0.2	0.6	1	0	0	0.254791982971	1.58222222222	1.8	13.6
101259	185592680	chemistry	2012	2004	0.852006980803	0.0	0.0	0.2	1	0	0	1.05052368059	3.24666666667	2.0	0.6
14533	185592680	chemistry	2004	1999	0.28776844071	0.9	1.2	2.2	1	0	0	1.06444597434	1.93926739927	3.0	10.6
12435	185592680	chemistry	2008	1991	1.04371308523	1.88733486943	7.4	7.2	1	0	0	0.455275133332	2.34985524638	14.0	1.4
10022	121332964	physics	2012	2006	0.315390399681	1.6780952381	2.6	3.2	1	0	0	1.90334451332	4.03035714286	8.2	9.4
18350	185592680	chemistry	2012	1994	2.50651199138	3.84761904762	3.2	1.4	0	1	0	1.1299132948	3.42857142857	7.4	0.2
101018	185592680	chemistry	2010	2003	0.300630517024	1.8	1.0	0.2	1	0	0	5.01324434504	2.05	1.8	1.0
19956	121332964	physics	2002	1994	2.38717122096	3.35909090909	4.6	4.8	0	1	0	3.42230139834	3.43671679198	12.6	8.0
100775	185592680	chemistry	2010	2004	2.06681945763	6.62506265664	6.8	4.0	1	0	0	5.01318482565	9.78249087869	18.2	4.4
14128	185592680	chemistry	2000	1994	0.455448322719	1.9	1.0	1.0	1	0	0	0.100807955252	1.10666666667	2.6	0.2
19609	185592680	chemistry	2008	1996	1.0797118134	2.52380952381	2.2	4.4	0	1	0	2.85610705606	4.01442099567	12.8	5.0
12036	185592680	chemistry	2002	1996	0.0	0.0	0.0	0.0	1	0	0	0.0	0.0	0.0	0.0
11004	121332964	physics	2011	1991	0.793085540376	2.30512820513	8.0	7.4	1	0	0	1.59858872855	2.68116664944	13.4	3.0
16522	185592680	chemistry	2007	1999	1.20683148176	0.96	1.4	3.6	0	1	0	2.31862090358	2.55301587302	10.4	5.0
17819	86803240	biology	2005	1992	0.00212765957447	0.4	1.0	2.8	1	0	0	0.0	1.0	2.0	3.6
14011	185592680	chemistry	2012	1989	0.996726097166	3.89208462332	12.0	0.8	1	0	0	0.787148752211	3.80402406417	14.4	0.2
12421	33923547	mathematics	2004	1997	0.0640429338104	0.8	1.0	0.6	1	0	0	0.814038199677	2.87944444444	5.0	2.8
1766	121332964	physics	2002	1996	0.0981905910736	0.6	0.8	0.6	1	0	0	0.981466334554	1.43888888889	2.2	6.8
12348	185592680	chemistry	2004	1996	0.653141489547	1.36666666667	2.8	4.4	1	0	0	0.70782253652	2.69823313941	6.0	5.0
10194	121332964	physics	2011	2004	2.55901426291	1.45	1.4	3.0	0	1	0	4.45891339577	3.48774891775	11.6	4.2
13157	185592680	chemistry	2005	2000	0.351638082879	1.9	0.8	0.6	1	0	0	0.0	1.4	2.0	0.2
18965	185592680	chemistry	2009	1993	0.967254763585	1.5	1.2	0.2	1	0	0	3.86654104166	5.96642857143	6.0	4.0
11326	185592680	chemistry	2011	1998	1.94321975904	3.36857142857	5.0	3.2	1	0	0	1.92130474047	2.46142857143	8.2	1.6
2057	185592680	chemistry	2000	1993	0.811926561755	1.75	1.0	1.4	1	0	0	2.92516373824	2.695	5.2	1.4
100003	121332964	physics	2008	2002	0.683213047703	2.25333333333	3.0	1.2	1	0	0	0.609386845039	1.82952380952	6.4	0.2
16932	185592680	chemistry	2007	1999	0.0	2.0	1.0	0.0	1	0	0	1.24080683439	2.16380952381	5.2	3.6
134	121332964	physics	2011	1987	0.0	0.4	1.0	0.0	1	0	0	0.773952094563	2.9	2.2	4.8
20858	185592680	chemistry	2007	1995	1.21334092816	0.6	2.0	1.0	1	0	0	0.826053905255	1.8	2.2	1.2
15072	185592680	chemistry	2009	1996	1.52426996981	3.225	2.8	3.0	0	1	0	6.15283232174	9.20321589447	14.6	5.0
12410	71924100	medicine	2011	2000	3.32482065603	6.49272556391	9.0	5.2	0	1	0	3.30428302854	7.53911912733	22.0	11.6
10326	185592680	chemistry	2000	1987	0.0	0.0	0.0	0.0	1	0	0	0.0	0.0	0.0	0.0
13053	127313418	geology	2008	1997	0.606633512964	2.56166666667	3.8	3.6	1	0	0	3.34012433395	3.21493839317	11.6	10.0
15292	185592680	chemistry	2011	1998	0.799510578549	1.61714285714	4.4	0.8	1	0	0	2.99452762321	2.90833333333	7.4	1.8
101499	121332964	physics	2012	2001	0.0	0.8	1.0	0.0	1	0	0	0.746639779278	1.76666666667	1.2	0.6
19724	185592680	chemistry	2005	1999	0.475181366934	1.4	1.0	0.2	1	0	0	1.64368341255	7.25173160173	6.4	4.2
12785	185592680	chemistry	2006	1988	2.78175790479	5.41367965368	10.6	2.4	1	0	0	3.73030433984	9.59599777035	17.4	3.8
19804	71924100	medicine	2005	1995	1.40673353704	1.4	2.0	0.8	1	0	0	3.75907605765	4.93380952381	6.8	6.6
100866	71924100	medicine	2004	1989	0.0	0.2	0.4	0.6	1	0	0	0.355672586127	0.6	1.0	3.6
101710	41008148	computer science	2006	2001	0.802379649492	1.0	0.8	2.8	0	1	0	1.41847580039	2.11671152706	6.0	7.8
16639	185592680	chemistry	2012	1998	1.42576610544	1.86825396825	5.0	2.8	1	0	0	2.27002896313	2.63416993464	8.6	13.0
100882	185592680	chemistry	2009	1997	2.50234271537	4.66030982906	10.8	7.8	1	0	0	3.55051731543	11.932740955	31.8	5.8
13393	41008148	computer science	2004	1988	0.831686424583	2.10405789333	6.0	16.6	0	0	1	0.910689427361	3.3479021793	18.6	14.2
100754	121332964	physics	2011	2005	0.451430226539	0.4	0.2	1.2	1	0	0	3.82432066932	3.10333333333	4.2	1.0
101567	185592680	chemistry	2010	2004	1.60467522029	7.04675554331	11.2	9.8	1	0	0	2.47192434612	12.2302317089	24.2	6.4
15339	121332964	physics	2010	1995	4.17171277927	9.09352914828	30.6	24.8	1	0	0	5.03929520436	10.8134743577	59.4	30.2
12285	86803240	biology	2007	2000	1.80920026052	1.0	0.8	0.8	0	1	0	0.0	3.31666666667	3.0	0.2
19533	185592680	chemistry	2007	1999	0.724004382948	1.33666666667	2.2	2.0	1	0	0	1.82524323895	2.28628205128	6.4	5.4
18127	185592680	chemistry	2007	1995	0.922060893084	1.9	2.0	1.4	1	0	0	4.05283566159	6.51686221671	15.0	20.4
100237	127313418	geology	2012	1987	1.73657488346	3.20883449883	6.8	6.2	1	0	0	2.80937854842	3.12972254831	14.2	13.2
100796	121332964	physics	2007	1993	0.538819523269	2.1327725216	6.6	0.2	1	0	0	0.0	1.58650793651	9.0	0.0
100499	185592680	chemistry	2012	2005	4.14061418759	3.98053613054	5.6	5.2	0	0	1	5.75914613959	12.1911039743	25.4	6.0
100377	71924100	medicine	2008	1997	0.0	0.4	1.0	1.2	1	0	0	1.53118495959	1.99111111111	3.8	8.0
1138	185592680	chemistry	2003	1995	1.16009954908	1.54666666667	1.6	3.4	0	1	0	1.37879379064	2.96672077922	6.2	8.2
14450	185592680	chemistry	2008	2000	0.495397721407	3.06	4.0	2.0	1	0	0	0.809761659964	6.6401010101	8.4	0.4
10146	185592680	chemistry	2010	2004	0.0	0.0	0.0	0.6	1	0	0	7.88498001548	11.2344011544	6.8	5.0
100640	185592680	chemistry	2008	2003	2.21795473979	2.8619047619	2.4	2.2	0	1	0	5.43846250971	4.44917748918	8.2	4.8
17650	121332964	physics	2010	1998	0.808853372027	1.55071428571	4.2	3.6	1	0	0	2.07755556875	2.21255357546	8.2	7.4
100409	121332964	physics	2011	2002	0.954493810349	3.53494505495	5.0	3.6	1	0	0	1.56355061614	3.35796703297	11.0	2.4
100269	33923547	mathematics	2005	1997	0.499652537535	2.79285714286	3.8	1.0	1	0	0	0.825090159072	3.6521001221	7.2	2.0
17354	121332964	physics	2007	1999	1.0439156004	1.11666666667	1.8	1.2	1	0	0	0.750528904783	1.45666666667	4.4	1.6
11845	121332964	physics	2006	1998	0.970428984153	2.21590909091	3.8	3.8	1	0	0	1.85879639569	2.46054112554	9.2	5.8
15577	71924100	medicine	2009	2000	1.70606696939	2.28968253968	2.8	3.6	0	1	0	2.42828645773	4.75873015873	14.0	6.4
18870	41008148	computer science	2000	1991	0.466108464401	1.68	2.6	2.8	1	0	0	0.659631048799	3.08086883876	7.6	8.6
12466	121332964	physics	1994	1989	0.667862429105	1.13333333333	1.0	4.0	0	1	0	0.74613018231	1.03333333333	4.0	3.0
12286	185592680	chemistry	2008	1990	1.42142643236	2.83759738713	8.8	2.2	1	0	0	2.28256474357	6.20501296273	15.0	4.0
17771	127313418	geology	2011	1998	1.78760687634	3.07227225673	6.0	6.4	0	1	0	3.02070158412	4.94190502069	17.0	5.2
100276	185592680	chemistry	2011	2005	0.242731735135	2.85476190476	3.2	2.2	1	0	0	2.2344600596	2.630995671	6.4	4.2
14339	71924100	medicine	2005	1998	1.55266190575	2.23333333333	1.8	2.4	0	1	0	7.32413847556	11.1542570473	12.4	5.2
101196	121332964	physics	2004	1996	0.675820692586	2.43495175848	8.2	8.8	1	0	0	1.30843058132	2.57765455959	15.0	7.0
18835	127313418	geology	2009	1998	0.541937184687	3.08095238095	3.6	2.2	1	0	0	1.50565054435	3.42756921441	7.0	3.4
1005	185592680	chemistry	2011	2004	1.36282544657	3.95	2.6	2.6	1	0	0	3.21517863084	7.81785714286	11.0	2.0
17552	185592680	chemistry	2009	1995	0.0	0.2	1.0	0.0	1	0	0	0.910271029232	0.3	1.2	1.2
19512	185592680	chemistry	2005	1998	0.0	0.4	1.0	0.0	1	0	0	0.0	0.4	1.6	0.0
17597	185592680	chemistry	2002	1997	0.755971483137	0.433333333333	0.6	3.0	0	1	0	1.53455573663	2.42444444444	4.8	7.4
101101	86803240	biology	2010	2001	3.1860971858	3.22954545455	4.6	1.6	0	1	0	2.98018120095	3.23585858586	8.4	3.2
15227	185592680	chemistry	2011	2000	0.685187998268	2.84607142857	7.6	1.8	1	0	0	1.2615139533	2.10965146824	12.2	0.6
15989	127313418	geology	2006	2000	0.372620692904	0.7	0.8	1.8	1	0	0	2.27270141497	3.39119541037	8.8	25.2
16143	185592680	chemistry	2004	1997	0.0	1.0	1.0	0.0	1	0	0	0.0	0.6	1.0	0.0
18894	121332964	physics	2009	1991	1.26534590661	1.39666666667	3.0	2.8	1	0	0	0.983645664421	1.92861305361	6.8	1.2
100487	71924100	medicine	2011	2006	3.36739857146	11.7626984127	3.4	3.0	0	1	0	4.37570904022	11.4855555556	10.6	2.2
11583	185592680	chemistry	2010	2000	0.859000180075	1.0	1.2	2.2	1	0	0	2.84282783095	3.03888888889	7.4	6.2
17011	185592680	chemistry	2004	1991	1.36266059289	3.48370623249	17.6	14.2	1	0	0	1.59136359169	3.5989051752	25.4	19.0
17499	185592680	chemistry	2010	1999	0.374398758728	2.4	2.0	0.2	1	0	0	0.435448942594	1.73333333333	2.0	0.6
10088	185592680	chemistry	2011	2005	1.49720651731	0.48	0.6	2.8	0	1	0	7.15041968664	4.86419607843	9.2	5.0
100052	185592680	chemistry	2005	1998	0.0	0.0	0.0	1.2	1	0	0	0.0315186246418	0.6	1.0	0.6
14911	86803240	biology	2012	1999	4.25607307201	7.42555555556	8.0	3.4	0	1	0	4.63263984368	6.54140359175	16.0	4.4
101918	185592680	chemistry	2010	2002	1.87485889982	2.17333333333	5.6	2.0	1	0	0	1.64009561669	2.88574879227	11.8	2.0
100172	185592680	chemistry	2012	2006	2.14066456245	3.66666666667	3.0	1.2	0	1	0	3.94835705307	4.96333333333	8.8	1.4
100711	33923547	mathematics	2012	1998	1.07607472591	4.51447368421	10.0	10.4	1	0	0	1.92184000138	3.95956007482	20.4	13.2
1540	185592680	chemistry	2008	1997	0.466674956536	1.2	2.2	2.8	1	0	0	0.230769230769	2.33857142857	4.8	0.2
21678	185592680	chemistry	2008	1994	2.02351441833	1.66666666667	1.2	5.6	0	0	1	2.83373529594	3.96446292446	12.2	10.4
1089	185592680	chemistry	2006	1994	0.71619737473	1.4	2.4	3.0	1	0	0	0.998231748852	1.9914398368	7.6	3.8
21726	185592680	chemistry	2002	1994	0.0	0.0	0.0	0.0	1	0	0	0.202169981917	0.0	0.0	0.2
23262	185592680	chemistry	2009	1993	1.70055106633	2.66461776123	10.8	27.2	0	0	1	2.64123426801	4.16641238687	25.8	53.6
12566	86803240	biology	2005	1989	2.26420376302	6.43833333333	6.4	6.4	0	1	0	4.91777161139	6.52631366495	21.0	8.6
13753	121332964	physics	2005	1997	0.0444429957989	1.3	1.0	1.8	1	0	0	0.113930348259	1.1	1.6	1.2
100117	185592680	chemistry	2002	1990	0.921081501556	1.34285714286	1.8	4.6	0	1	0	1.44177303378	2.17779362199	6.4	12.2
11073	121332964	physics	2011	2001	0.307043892149	0.8	0.8	2.4	1	0	0	0.0	1.56666666667	2.0	0.2
18185	71924100	medicine	2006	1998	0.08	1.2	1.8	3.2	1	0	0	1.4863495039	3.01060606061	6.2	2.8
16634	127313418	geology	2007	1995	2.05800501592	3.8561038961	8.0	3.0	1	0	0	3.08696408393	6.32020604396	17.2	3.0
19087	185592680	chemistry	2001	1996	0.346962366014	0.6	0.6	0.8	1	0	0	0.0	0.75	2.0	0.0
101221	185592680	chemistry	2009	2003	2.05215269551	3.6	4.4	1.8	1	0	0	3.29721159298	8.16532163743	12.8	1.8
11185	86803240	biology	2012	2003	0.721885995778	4.13666666667	3.8	0.4	1	0	0	0.522711864407	3.69523809524	7.2	0.2
20184	185592680	chemistry	2011	1999	3.0249192102	3.23303030303	5.4	3.4	0	1	0	1.43442358906	3.60733044733	11.2	0.4
101952	71924100	medicine	2009	2004	1.4224667051	1.27619047619	1.8	3.6	0	1	0	2.31260269378	3.17694771242	11.2	7.0
18385	185592680	chemistry	2004	1998	0.535211435496	1.16666666667	2.0	1.4	1	0	0	0.602322199716	1.34714285714	4.0	0.6
18232	71924100	medicine	2012	1998	0.811892490113	1.70666666667	2.6	5.0	0	1	0	2.34174747916	2.47762433416	6.2	9.2
11387	185592680	chemistry	2004	1998	0.0	0.0	0.0	1.2	1	0	0	1.64934711146	2.24089635854	4.2	10.6
19047	185592680	chemistry	2008	1998	0.0	0.0	0.0	0.0	1	0	0	0.294358974359	0.2	0.2	0.4
101249	185592680	chemistry	2008	2002	0.676456045678	1.515	2.2	4.0	1	0	0	1.6778491514	1.91838578089	6.0	5.4
100780	121332964	physics	2011	2003	0.136	1.0	1.4	0.8	1	0	0	0.0	2.05	4.0	0.6
10996	121332964	physics	2007	2001	1.10062739182	2.06428571429	1.6	4.6	0	1	0	2.30815081213	1.92941840768	5.8	4.8
101589	185592680	chemistry	2009	2004	1.303220232	4.20238095238	2.0	8.8	0	0	1	2.49893016742	3.79326334812	9.6	11.2
26772	121332964	physics	2009	1995	2.15888502388	3.02407238714	9.2	25.0	0	0	1	1.59089595929	1.75746971275	15.4	7.8
14242	121332964	physics	2005	2000	0.139574319835	0.0	0.0	1.2	1	0	0	0.0697934520697	0.733333333333	1.2	0.6
11043	185592680	chemistry	2006	1997	0.377906976744	2.0	1.6	0.6	1	0	0	0.660607444098	1.77580752581	3.8	9.6
100471	185592680	chemistry	2008	2001	1.55992711067	2.31581196581	2.6	7.6	0	1	0	1.62898871313	3.00580808081	10.0	1.6
10652	185592680	chemistry	2005	1997	0.519158704022	8.4	0.6	1.2	1	0	0	2.26482184092	6.70666666667	5.6	3.8
101289	185592680	chemistry	2009	2000	0.560791406136	0.733333333333	0.6	0.6	1	0	0	0.31130393852	2.59	4.2	0.4
13402	185592680	chemistry	2005	1997	0.466353467633	1.53333333333	1.4	0.8	1	0	0	0.63778615907	2.12	3.0	2.0
10949	185592680	chemistry	2006	1998	0.214435261708	3.46666666667	3.6	0.2	1	0	0	0.0	3.67333333333	5.8	0.0
100157	185592680	chemistry	2006	2001	0.799477876106	1.4	0.6	1.0	1	0	0	0.806970120464	8.34666666667	3.2	1.0
14527	185592680	chemistry	2007	2000	3.79340135137	4.26956043956	4.2	2.2	0	1	0	3.20905114184	6.29859477124	14.4	8.4
19749	185592680	chemistry	2012	1996	3.39346666278	8.61171804359	29.2	17.6	1	0	0	7.23503117795	9.40013893537	50.0	18.8
15405	185592680	chemistry	2002	1996	1.33481022625	1.38333333333	1.6	2.2	0	1	0	3.21252154771	3.11333333333	4.6	1.2
13654	127413603	engineering	2006	2000	0.0	0.4	1.0	0.0	1	0	0	0.17864476386	2.8	1.0	0.4
10192	86803240	biology	2011	2003	0.982694173044	1.71094060813	3.8	10.2	0	1	0	2.41300752532	3.49056867476	17.2	7.4
100971	185592680	chemistry	2008	2002	1.06297551456	4.65238095238	2.6	10.4	0	0	1	2.08670513874	9.20380701754	15.8	38.8
101150	185592680	chemistry	2010	2004	0.0	0.0	0.0	0.0	1	0	0	4.53463520376	3.49	1.0	1.2
10067	185592680	chemistry	2005	1999	0.430556965834	1.73333333333	1.8	0.8	1	0	0	1.11382414762	3.42166666667	4.0	0.4
15121	121332964	physics	2004	1992	0.936663201326	1.84	2.0	2.6	1	0	0	0.613119346451	2.01384615385	5.0	4.8
101725	185592680	chemistry	2007	2000	0.0	0.4	0.8	0.0	1	0	0	0.238518518519	0.9	1.2	0.2
15118	127313418	geology	2007	1997	0.632346510415	1.3681372549	2.0	7.6	0	1	0	2.26348461706	3.14600198413	11.4	16.2
101232	71924100	medicine	2011	2003	3.68898060067	14.2944444444	5.0	1.6	0	1	0	6.41106242096	12.5095571096	11.2	1.0
15926	185592680	chemistry	2012	2000	0.37273967929	3.91833333333	8.0	0.2	1	0	0	0.277141169522	2.97587301587	9.8	0.2
20007	185592680	chemistry	2009	1999	1.75136285664	2.75840034528	10.6	19.2	0	0	1	4.72778629692	4.52418757032	24.0	21.2
10343	121332964	physics	2007	2002	1.76577442919	2.64523809524	2.0	2.6	0	1	0	1.74162173422	6.86341991342	9.8	1.8
16945	121332964	physics	2010	1995	0.124264663079	2.07777777778	6.8	2.2	1	0	0	0.0	1.64584249084	9.2	0.8
11602	127313418	geology	2008	2000	0.450295339145	2.66	1.8	1.2	1	0	0	0.091	2.52063492063	4.6	0.8
15376	121332964	physics	2008	1994	1.5450278466	3.92345475911	10.0	8.2	1	0	0	2.46052463297	4.89658363433	21.8	8.4
101164	127313418	geology	2011	1999	2.4572434039	4.42828560329	5.8	0.8	1	0	0	0.788130563798	6.70358974359	9.4	0.2
18853	185592680	chemistry	2009	1991	0.0	0.0	1.0	0.0	1	0	0	0.188062522832	0.4	1.0	0.4
15811	185592680	chemistry	2004	1997	0.451167670239	0.483333333333	0.6	4.0	0	1	0	1.60744784665	2.85328299152	7.8	4.4
100130	127313418	geology	2007	2001	1.18838317822	2.88831168831	3.2	2.4	1	0	0	1.4484867941	4.48913419913	8.2	1.8
16496	71924100	medicine	2006	1995	0.240567951318	1.4	0.4	0.8	1	0	0	2.3505698426	1.08441558442	2.2	4.4
14800	121332964	physics	2005	1996	0.176333333333	2.16666666667	2.4	0.4	1	0	0	0.217910455494	1.93428571429	4.4	0.6
17682	185592680	chemistry	2002	1994	0.0	0.0	0.0	0.0	1	0	0	0.0	0.0	0.0	0.0
17338	185592680	chemistry	2003	1997	0.684841143187	1.16	1.2	2.0	1	0	0	1.77590978783	1.67857142857	3.8	0.8
10029	121332964	physics	2012	2000	0.0	0.6	2.0	0.4	1	0	0	0.0	0.6	3.0	0.0
12869	121332964	physics	2012	1999	0.0	4.2	2.0	0.0	1	0	0	0.17757296467	1.16666666667	2.8	0.2
16888	185592680	chemistry	2006	1990	1.60564829286	3.27728974436	11.0	13.6	0	1	0	2.64527977305	4.47789074418	23.8	18.4
17154	121332964	physics	2010	1995	0.902029922655	1.68668831169	7.6	2.4	1	0	0	1.7635634202	2.1451218063	9.6	3.4
13814	185592680	chemistry	1995	1988	0.0	0.0	0.0	0.0	1	0	0	0.0	0.0	0.0	0.0
11080	127313418	geology	2010	1998	2.51472229753	3.18270386696	7.6	10.4	0	1	0	3.41364707777	5.75113180424	18.4	5.2
12610	127313418	geology	2006	1997	0.0	0.2	0.8	0.0	1	0	0	0.113930348259	0.0	1.0	0.2
1301	41008148	computer science	2009	1993	0.462240147772	3.12408702409	6.8	11.6	0	1	0	1.65442920611	8.0915556573	14.4	16.0
101501	121332964	physics	2008	1990	1.45021685888	2.03795454545	8.6	4.6	1	0	0	2.70813432987	3.38454881117	14.0	16.2
12423	127313418	geology	2009	1998	0.308126156344	0.7	1.2	2.0	1	0	0	1.33360076007	2.22893313847	7.0	5.4
10018	121332964	physics	2012	2006	0.0	0.4	1.0	0.0	1	0	0	3.59704559912	8.4232470518	8.0	19.4
17710	121332964	physics	2011	1998	2.13254205505	2.17079365079	5.0	6.4	0	1	0	3.86847050732	3.00576518219	9.8	29.6
10354	185592680	chemistry	2010	2002	2.67997236918	3.5797902541	11.4	13.8	0	1	0	4.24606875181	7.23235013986	33.8	15.2
13132	71924100	medicine	2009	1997	0.190867579909	1.0	0.4	1.4	1	0	0	1.74544425283	2.22142857143	3.6	3.8
100139	185592680	chemistry	2010	2005	1.02714916285	0.8	1.6	0.8	1	0	0	1.68028614361	2.55532976827	5.0	6.6
15503	86803240	biology	2007	2000	0.297777777778	3.7	1.4	0.2	1	0	0	0.487920792079	4.7	2.0	0.6
15510	121332964	physics	2010	1989	1.86276913615	1.67222222222	4.8	4.6	0	1	0	1.32085778669	1.85227688787	9.0	4.2
2239	185592680	chemistry	2003	1994	1.46987693379	1.73333333333	2.2	3.4	0	1	0	1.56419160686	2.46407283538	7.4	6.2
18086	185592680	chemistry	2008	1998	2.07034282409	2.125	2.6	2.2	0	1	0	3.68096498881	4.90151909185	10.8	4.6
16838	185592680	chemistry	2010	1993	0.528703608336	0.8	1.2	0.8	1	0	0	0.0	5.3	2.8	0.2
100908	185592680	chemistry	2005	1996	0.0	0.4	0.8	0.6	1	0	0	1.89336838113	2.47596491228	3.4	11.0
100769	185592680	chemistry	2010	2004	1.56119926112	6.3	2.6	0.6	1	0	0	3.47398163454	6.47311111111	10.8	12.4
10040	121332964	physics	1998	1991	0.0	0.0	0.0	1.2	1	0	0	0.649254374303	1.18095238095	1.6	16.2
100406	121332964	physics	2011	2000	0.0	2.06666666667	1.6	0.0	1	0	0	0.115376226827	0.6	2.2	0.2
13954	127313418	geology	2004	1991	0.728894264303	0.6	0.6	0.8	1	0	0	2.66273855215	2.85167919799	6.4	5.2
10578	185592680	chemistry	2010	2002	1.07721581537	3.8	1.0	1.0	1	0	0	2.06111196056	3.68214285714	6.2	0.8
12093	121332964	physics	2009	1995	1.24844736565	1.78333333333	3.4	4.4	0	1	0	1.25241449695	2.74283216783	7.6	4.6
16047	185592680	chemistry	2009	1997	1.09295650203	1.76355555556	8.8	15.0	0	1	0	1.41019248056	3.07773668504	19.8	51.4
10230	185592680	chemistry	1995	1988	0.290969917096	0.6	1.0	0.4	1	0	0	0.582853129738	0.8	1.6	1.0
100897	121332964	physics	2008	1990	1.89218171269	4.15876219939	15.2	3.0	1	0	0	2.66384742381	10.7846042774	20.8	25.0
12137	185592680	chemistry	2010	1999	1.29260274609	3.21346889952	7.8	26.0	0	0	1	3.01925801916	4.49889215998	20.0	13.2
16794	33923547	mathematics	2006	1991	1.71178981938	1.2	1.2	0.4	0	1	0	4.57989148201	9.60254120879	10.4	12.0
14005	127313418	geology	2002	1993	0.0148148148148	0.2	1.0	0.4	1	0	0	0.116815920398	0.6	1.0	0.2
102034	185592680	chemistry	2012	2001	2.70836866125	4.04533333333	8.2	8.0	0	1	0	3.81984384239	6.19394307125	25.8	14.4
16410	127313418	geology	2005	1992	1.71170874053	2.80333333333	3.2	3.2	0	1	0	1.91644584723	5.70118165457	13.8	9.8
10080	185592680	chemistry	2007	1996	0.0	0.4	0.6	0.0	1	0	0	2.27441589737	3.96592185592	5.4	5.2
12374	71924100	medicine	2003	1992	0.221304347826	0.533333333333	1.2	4.0	1	0	0	1.18630027176	1.63650793651	3.8	8.8
1339	185592680	chemistry	2010	1992	1.24787428707	2.52775472778	21.6	26.8	0	1	0	0.36572882635	2.83954989467	34.0	0.4
12411	127313418	geology	2008	2000	0.924788032038	1.0	1.6	1.2	1	0	0	1.08488539266	3.47571428571	7.0	1.4
100532	127313418	geology	2006	1991	1.69974614768	4.33876612072	13.0	5.0	1	0	0	2.59005542998	4.50717885233	23.6	3.8
17735	185592680	chemistry	2012	1995	0.113930348259	2.08650793651	8.4	0.2	1	0	0	0.0	1.73868686869	9.2	0.0
18492	144133560	business	2010	1992	0.75246521579	2.36772849462	8.6	6.4	1	0	0	0.782580952003	2.62415401802	15.8	2.8
16353	185592680	chemistry	2007	1997	0.874301322875	1.58333333333	1.6	2.6	1	0	0	2.24037721928	3.51277777778	7.6	3.8
25085	127313418	geology	2009	1995	0.223157894737	1.73333333333	3.4	0.2	1	0	0	0.129787234043	2.34642857143	5.4	0.4
14718	185592680	chemistry	2012	1993	0.238724373576	0.4	2.0	0.2	1	0	0	0.0	2.8	3.0	0.0
100704	121332964	physics	2012	2000	0.0275061124694	0.0	1.0	1.4	1	0	0	0.0	0.4	1.0	0.0
100047	71924100	medicine	2001	1992	0.0	0.0	0.0	0.8	1	0	0	1.30113611197	0.9	0.6	1.6
14222	121332964	physics	2011	1989	2.31575234378	2.775	2.8	2.4	0	1	0	2.46033245826	9.10577755578	9.2	0.6
18718	127413603	engineering	1998	1991	1.48725351752	1.81961038961	3.4	2.2	1	0	0	1.73038571572	2.99230566535	10.6	6.8
15814	185592680	chemistry	2005	1990	0.0993421052632	0.933333333333	2.0	1.0	1	0	0	0.393682694937	1.16666666667	3.0	0.6
10077	185592680	chemistry	2003	1994	0.12805627084	0.4	1.0	1.2	1	0	0	0.295351176044	1.33	2.8	1.4
101755	185592680	chemistry	2008	1996	0.475126399924	1.93444444444	2.8	5.4	1	0	0	1.51091427645	2.86517552822	11.6	31.8
1462	121332964	physics	2010	1994	0.944097215249	2.62074655221	7.4	2.6	1	0	0	2.7479337975	3.9713621661	12.4	24.2
101429	185592680	chemistry	2009	2001	0.931633493369	1.15833333333	1.6	3.0	0	1	0	0.79060028086	2.70294871795	7.2	1.6
101036	71924100	medicine	2010	2004	1.28663625713	2.95	1.8	0.8	1	0	0	3.41389506242	2.5819047619	4.4	0.6
19612	185592680	chemistry	2012	1991	0.0	3.13356551394	18.0	0.0	1	0	0	0.0	2.11768398268	22.0	0.0
101609	127313418	geology	2012	2001	0.104628099174	0.9	1.6	0.4	1	0	0	0.339240506329	1.15	3.4	0.2
12379	185592680	chemistry	2009	1999	0.0	1.2	1.0	0.0	1	0	0	0.737365467179	0.8	1.0	1.0
21825	86803240	biology	2005	1995	2.235141315	6.5	4.6	0.6	1	0	0	5.50785124863	17.2862032086	14.0	3.6
18888	185592680	chemistry	2003	1995	0.0	0.4	0.2	0.0	1	0	0	0.283823529412	0.0	1.0	0.4
1226	185592680	chemistry	2012	1988	2.06392585086	3.8055372866	23.6	36.2	0	0	1	5.10521253825	5.24200231141	47.4	10.2
23128	121332964	physics	2012	1993	0.813760646794	1.91712121212	6.6	3.0	1	0	0	1.3569231822	1.98555555556	9.6	0.6
13512	185592680	chemistry	2012	1996	1.52376543827	3.28554621849	8.6	3.2	1	0	0	1.58870754132	3.98326959035	17.2	7.4
11623	185592680	chemistry	2011	1996	0.354031145279	0.0	0.0	1.2	1	0	0	2.86734309046	3.25666666667	2.4	1.2
100543	185592680	chemistry	2012	2003	1.59613836307	4.16555555556	5.6	2.0	1	0	0	3.03906306823	3.60766290727	10.2	3.8
17724	185592680	chemistry	2011	1995	1.28582651721	6.63798076923	11.6	11.8	1	0	0	0.896887042679	7.32999681478	26.6	1.4
1340	185592680	chemistry	2002	1990	0.597205862232	1.01	1.6	3.4	1	0	0	0.537879812624	2.53463203463	4.4	3.2
100494	86803240	biology	2012	2005	1.42765957447	5.3	1.4	1.6	0	1	0	1.44930156678	4.32380952381	2.8	0.8
101566	185592680	chemistry	2009	2004	2.32509695979	2.9	1.6	4.0	0	1	0	7.01231532231	14.8000684649	25.6	16.4
1856	185592680	chemistry	2003	1992	4.16430390705	24.1878398584	12.4	2.4	1	0	0	6.80788314743	8.51047930144	20.8	6.0
100022	185592680	chemistry	2008	2002	0.42109230125	3.46666666667	1.6	0.4	1	0	0	2.7706677926	6.35275030525	6.4	5.2
11882	185592680	chemistry	2008	1999	1.56584813925	2.16848484848	4.0	5.6	0	1	0	3.52909098044	3.22507183519	11.8	7.2
21835	86803240	biology	2011	1995	1.83526166282	3.86610644258	7.4	3.2	1	0	0	1.22797076116	4.68513071895	12.6	0.4
101165	185592680	chemistry	2009	1997	0.0	0.0	1.0	0.0	1	0	0	1.58075986175	2.6974025974	3.6	3.6
100306	185592680	chemistry	2009	2001	2.18447646324	3.14084126984	6.4	8.8	0	1	0	4.25604151129	4.48810796724	18.8	19.8
101603	185592680	chemistry	2011	1996	0.00117725846815	4.21666666667	6.0	1.2	1	0	0	0.0	2.64166666667	6.0	0.0
101556	121332964	physics	2003	1997	0.465488336746	0.6	0.6	1.0	1	0	0	1.09248345493	2.34015873016	3.8	6.6
12859	185592680	chemistry	2007	1994	2.96336991609	4.60160815314	13.6	5.4	1	0	0	2.35374671325	6.50273465305	23.4	8.0
14765	121332964	physics	2012	1996	1.86094759283	1.61	3.6	1.6	1	0	0	0.178947368421	2.91785714286	6.2	0.2
1737	185592680	chemistry	2003	1992	0.749213299796	1.62031746032	4.2	6.0	1	0	0	1.31825266144	3.26046013325	11.8	15.2
10947	185592680	chemistry	2007	2001	1.15976905604	2.82545454545	3.2	5.6	0	1	0	1.22506898368	2.01541311949	9.2	3.0
19209	185592680	chemistry	2003	1992	0.210368139224	1.4	2.2	0.4	1	0	0	0.576881764545	8.88	4.4	1.0
10003	71924100	medicine	2000	1987	1.33178294574	4.15444444444	7.4	0.8	1	0	0	5.14049704517	3.96981792717	12.0	2.0
100425	71924100	medicine	2006	1988	0.0	0.8	1.0	0.0	1	0	0	0.205249343832	1.2	1.2	0.6
15348	41008148	computer science	2006	1992	0.0	1.0	1.4	1.0	1	0	0	0.603387164556	2.22494200315	5.0	9.0
100427	185592680	chemistry	2006	1993	1.95301819192	1.55714285714	1.8	2.8	0	1	0	3.08719529334	4.43791208791	9.0	0.6
100788	185592680	chemistry	2005	1995	1.04133986936	2.79393939394	4.0	4.6	1	0	0	2.19766626259	3.94175325523	12.0	6.6
24242	71924100	medicine	2010	1995	2.50717346082	1.64166666667	2.4	3.0	0	1	0	1.39958928118	1.98825396825	7.2	5.2
1843	185592680	chemistry	2001	1996	0.324585635359	6.6	0.8	0.8	1	0	0	0.0	4.62166666667	2.4	2.0
17123	127313418	geology	2006	1999	0.0	2.4	1.0	0.0	1	0	0	0.917490300754	5.63333333333	1.8	0.8
10581	121332964	physics	2010	2001	0.0	0.6	0.6	0.8	1	0	0	0.0	1.96666666667	2.0	0.4
19760	121332964	physics	2008	1991	2.2311897399	3.82739584145	18.2	120.0	0	0	1	2.0200972933	3.41298398547	30.6	3.6
100355	41008148	computer science	2009	2002	0.474574802088	2.47917350848	3.8	17.6	0	0	1	0.811055968037	3.26711935071	12.8	10.8
14936	185592680	chemistry	2001	1993	0.0	1.2	1.0	0.2	1	0	0	0.255	0.8	1.2	0.6
13342	185592680	chemistry	2003	1988	0.0	0.0	1.0	0.0	1	0	0	0.0	0.0	1.0	0.0
17471	185592680	chemistry	2005	1999	0.457328893161	1.61217948718	2.8	5.2	1	0	0	0.00117725846815	1.30666666667	6.6	0.2
18615	185592680	chemistry	2007	1992	1.79057388901	3.04547619048	6.6	2.4	1	0	0	2.49202027828	5.06064935065	15.0	3.4
100360	185592680	chemistry	2007	2002	0.553655837757	2.1	1.6	0.8	1	0	0	3.43295090806	4.11057109557	5.8	2.8
2288	185592680	chemistry	2005	1995	0.336837172594	0.6	1.2	1.8	1	0	0	0.838573060466	1.33333333333	3.8	1.8
100010	71924100	medicine	2006	1993	2.20592747593	14.38	6.0	1.6	1	0	0	0.659743954481	8.29318181818	9.6	0.4
25124	185592680	chemistry	2011	1995	1.05375967703	2.38819397993	4.8	8.8	0	1	0	1.90311705945	2.91983312474	14.2	11.4
101015	185592680	chemistry	2011	2004	2.75413633825	3.015	4.4	3.2	0	1	0	2.63034604367	7.63923853924	9.6	2.2
22299	71924100	medicine	2006	1995	0.0	0.6	0.4	0.0	1	0	0	2.01572880832	4.11666666667	4.4	2.4
10456	127313418	geology	2006	2001	0.0297872340426	0.666666666667	0.8	0.6	1	0	0	0.0722222222222	1.43333333333	2.2	0.2
17262	185592680	chemistry	2012	1998	1.1844957505	4.0	3.0	1.4	1	0	0	2.92393735751	3.82737931598	11.4	7.0
11554	185592680	chemistry	2008	1997	0.980560268125	2.22	2.8	1.2	1	0	0	0.53667953668	3.24476190476	5.4	0.2
101988	185592680	chemistry	2007	1995	1.79118052496	3.40423976608	7.2	7.6	0	1	0	2.89504433529	6.04219648829	14.6	8.8
25116	71924100	medicine	2012	1993	2.85792015578	3.15335648847	9.0	17.8	0	0	1	3.35664114898	4.39238538863	25.0	10.6
16327	127313418	geology	2011	1999	1.15174210783	1.9896969697	4.0	4.2	1	0	0	1.80579373722	2.75198233139	12.2	2.8
15605	185592680	chemistry	2006	1991	0.156914535816	0.95	1.2	6.4	0	1	0	0.0434666666667	1.33333333333	2.8	0.8
101034	127313418	geology	2010	1996	0.484422436614	0.333333333333	1.2	1.6	1	0	0	2.19173469201	2.75267399267	6.2	3.2
13013	185592680	chemistry	2006	1993	0.730606192769	1.25714285714	2.6	1.4	1	0	0	1.3107665143	2.10825396825	8.0	5.2
21587	185592680	chemistry	2011	1991	0.091	0.4	1.2	1.0	1	0	0	0.0356020942408	1.1	2.0	0.2
26247	185592680	chemistry	2010	1995	0.709565866453	0.88	1.2	2.2	1	0	0	1.16623766804	2.42547619048	4.0	0.6
15402	121332964	physics	2007	2000	0.0	6.8	1.4	0.0	1	0	0	0.0	3.3	2.0	0.0
