dzFxID	dzAssumeAwardYear	aveCIIBF	aveCIIAF
100003	2008	0.045454545454545456	0.047619047619047616
100007	2009	0.007644072644072644	0.001024562591420672
100010	2006	0.004032258064516129	0.004166666666666667
100021	2009	0.006035348144397684	0.003835773033512861
100022	2008	0.01818181818181818	0.006348020911127707
100024	2006	0.07236227824463118	0.021800825593395256
10003	2000	0.06064739080364081	0.01107004445613862
100030	2006	0.027492559523809523	0.007986542443064182
100047	2001	0.25	0.0625
100052	2005	0.12777777777777777	0.1419753086419753
100062	2008	0.0239223337049424	0.024997702417057257
100074	2009	0.04328935103128651	0.016942703305569833
100084	2011	0.02631578947368421	0.2
100091	2010	0.3333333333333333	1.0
100113	2010	0.07916666666666666	0.05512820512820513
100114	2009	0.01836734693877551	0.00808080808080808
100117	2002	0.029522017837235227	0.010112468360419182
100121	2005	0.011296847827112105	0.01384348833328425
100127	2010	0	0
100130	2007	0.025709081446786363	0.0326371609704943
100132	2012	0.029185992578849723	0.09651360544217687
100138	2010	0	0
100139	2010	0.03172839506172839	0.0022757216433105763
100152	2012	0.01460253023124325	0.003469809467754709
100154	2011	0	0
100157	2006	0.021739130434782608	0.0035398230088495575
100160	2011	0.13333333333333333	0.1
100166	2009	0.012492848681373273	0.05477182539682539
100167	2002	0.07559523809523809	0.02537492165816098
100168	2007	0	0
100171	2012	0.050170068027210885	0.14772727272727273
100172	2012	0.05296990591108238	0.026908541194255477
100175	2002	0.14285714285714285	0.07692307692307693
10018	2012	0	0
100185	2012	0.046245827984595644	0.02253168547385035
100187	2009	0.013333478909911978	0.011233831369963445
100205	2011	0.01692541092336691	0.007241400389805857
10021	2005	0	0
100218	2008	0.04142786561264822	0.1484848484848485
100219	2012	0.012564281235375781	0.009206288376594656
10022	2012	0.0625	0.012765957446808512
100223	2008	0.011751825176750387	0.007105722267932815
100237	2012	0.018890959349289433	0.007745052580377106
100242	2012	0	0
100253	2003	0	0
100258	2002	0.0020072628567665133	0.005165197054702131
100269	2005	0.047058823529411764	0.0175
100271	2003	0.5357142857142857	0.02169898430286242
100272	2012	0.5714285714285714	0.05714285714285714
100276	2011	0.044756524400793175	0.034392503440122485
100281	2007	0.07142857142857142	1.0
100283	2009	0	0
10029	2012	0	0
100296	2006	0	0
100299	2012	0	0
100306	2009	0.0029727866535843106	0.0014830637093412797
100308	2005	0.125	0.02291666666666667
100310	2004	0	0
100313	2009	0.10978835978835977	0.024050285209658618
100355	2009	0.007686803165799065	0.0070172977116177045
100360	2007	0.14285714285714285	0.04285714285714286
100367	2004	0	0
100370	2002	0	0
100372	2010	0.008023521167305266	0.003228790634027292
100377	2008	0.10449090638044126	0.018238196988196988
100391	2001	0.09876543209876543	0.04034391534391534
10040	1998	0.015151515151515152	0.0012345679012345679
100406	2011	0	0
100408	2012	0.004912706700037016	0.005469680792258935
100409	2011	0.022481406355645706	0.03146581411366132
100417	2002	0.20833333333333331	0.017439406318082787
100425	2006	0	0
100426	2008	0.03349068022270637	0.007483818770226536
100427	2006	0.03666666666666667	0.023399014778325122
100435	2007	0	0
100455	2012	0.05144032921810699	0.029868197278911563
100467	2003	0.01456782817620256	0.01976123748953543
100471	2008	0.016555966168607585	0.04052284917010945
100475	2009	0	0
10048	2011	0.18783068783068782	0.058812260536398465
100487	2011	0.024369358830722623	0.039111074150499456
100494	2012	0.06465126811594203	0.10145372645372645
100499	2012	0.004621226231395724	0.006570574101071483
1005	2011	0.020491779333416157	0.03130593226114216
100509	2009	0.008360973730576931	0.007499450250901362
100510	2010	0	0
100513	2009	0.250814332247557	0.501004016064257
100526	2012	0.013278992097015071	0.02605107199462333
100532	2006	0.01268627450980392	0.030657918054039935
100542	2006	0.13970588235294118	0.19047619047619047
100543	2012	0.05082819021923062	0.024770579001266606
100553	2010	0.009846573583154173	0.02864868735001032
100560	2011	0.21967032967032968	0.03134120567877374
100567	2012	0.05474095796676442	0.05197772657450077
100579	2011	0.007314198862397977	0.015421364621208503
100608	2012	0	0
100611	2012	0	0
100619	2004	0.005594171087128834	0.026477146042363436
10064	2010	0.03571428571428571	0.016483516483516484
100640	2008	0	0
100642	2011	0.050676394588843286	0.015443376068376067
100658	2007	0.03483267188807544	0.03853169856459329
100662	2011	0	0
10067	2005	0.015669856459330143	0.007450674974039459
100683	2005	0.02007562079938089	0.02349714165881463
100684	2011	0.013953488372093023	0.038461538461538464
100699	2010	0.0015026296018031556	0.0014619883040935672
100704	2012	0	0
100711	2012	0.014423687423687421	0.010241301907968575
10072	2002	0.005586469004500691	0.008059533698232027
100722	2008	0.03853485400222727	0.008565467042163561
100727	2002	0.013924873913178006	0.09200878266248913
100732	2002	0.25	0.06666666666666667
10074	2010	0.008365170209603093	0.005327137285426433
100740	2006	0.025078369905956112	0.009523809523809525
100754	2011	0	0
100767	2003	0.017857142857142856	0.0058823529411764705
100769	2010	0	0
10077	2003	0.09259259259259259	0.028066528066528068
100775	2010	0.025969101893578064	0.018334809130263675
100778	2007	0.16666666666666666	0.1
100780	2011	0.10471222247538038	0.07096715648966688
100781	2007	0.04758201257798682	0.0006830012713472916
100782	2011	0.09615384615384615	0.01283068783068783
100788	2005	0.02881864988558352	0.017706326767331554
100791	2011	0.009874767787555862	0.01534199770674117
100796	2007	0	0
10080	2007	0	0
10083	2010	0	0
100833	2010	0	0
10084	2010	0.09444444444444447	0.14107142857142857
100853	2001	0.08333333333333333	0.009569377990430622
100866	2004	0.3095238095238095	0.038888888888888896
10088	2011	0.01707328087294805	0.013189444078640207
100882	2009	0.015520696631642152	0.008354063145562746
100891	2010	0.03416854738747132	0.013403703596673705
100895	2000	0.14285714285714285	0.06818181818181818
100896	2003	0	0
100897	2008	0.01950883084874818	0.0022372251896564843
100900	2011	0.04714285714285714	0.05113636363636363
100908	2005	0.3333333333333333	0.01818181818181818
100914	2012	0	0
100915	2011	0.31340909090909086	0.08440746753246753
100926	2012	0.01746779725177606	0.024593994238881856
100929	2010	0.03506936163443394	0.019788763764615164
100948	2010	0	0
100960	2012	0.005944655951738673	0.004131277494425702
100962	2007	0	0
100966	2009	0.04457002549107812	0.007422030350601778
100971	2008	0.020465389317629496	0.004430278168242049
10099	2012	0.012740211143452664	0.010179285448291936
101015	2011	0.024657083522529603	0.030097991288657845
101017	2012	0.012724575989236686	0.0038505646452491145
101018	2010	0	0
101026	2004	0	0
101034	2010	0.07606359649122807	0.02826366341991342
101036	2010	0.14403841041998935	0.05266356107660455
101039	2012	0.011301829169983237	0.004192374423707839
101046	2002	0.06585240156668727	0.0455330617095323
10105	2005	0.036762155842729245	0.0035535011008498755
101057	2007	0.0033518682662092444	0.0034369917031871903
10106	2003	0.027815525248560964	0.006419401622430129
101080	2011	0.06469298245614034	0.03776190476190476
101096	2006	0.045165659315835514	0.22948572180921345
101099	2007	0.05853778939819326	0.05897856430352053
101100	2012	0.03125	0.009615384615384616
101101	2010	0.016169942929613188	0.00244140625
101129	2009	0.06427240611691831	0.015286963036963036
101138	2003	0	0
101150	2010	0	0
101152	2007	0.0625	0.01896551724137931
101154	2008	0	0
101164	2011	0	0
101165	2009	0	0
101187	2011	0.021856201893266383	0.011595590256304541
101190	2002	0.018145009292020425	0.002140351266892723
101194	2010	0.04191247349142087	0.014462164199198402
101196	2004	0.009293307750788569	0.012977070756648149
101201	2009	0.005849358974358974	0.004323899371069182
101212	2006	0	0
101221	2009	0.01272980001793561	0.014162257495590828
101230	2003	0.0414021164021164	0.03265306122448979
101232	2011	0.0045696244599534724	0.009673852957435048
101239	2009	0.03978149551066217	0.027501887376857177
101249	2008	0.03237123745819398	0.019400149145290323
101259	2012	0	0
101289	2009	0.08333333333333333	0.04
10133	2006	0.5	0.05208333333333333
101373	2008	0.009810126582278481	0.002413515687851971
101376	2010	0.019238437001594895	0.010540203878845068
101391	2009	0	0
101399	2010	0.03482551487414188	0.011104265359584508
101425	2009	0.02093311323144513	0.016801368539645208
101429	2009	0.0625	0.07695997807017543
10143	2011	0.003717602393697329	0.0021629775945515056
10145	2012	0.008743178752384544	0.005028639312855724
101453	2012	0.01595238095238095	0.005996110619766534
101459	2004	0.5	0.25
10146	2010	0.023809523809523808	0.002758620689655172
101481	2007	0	0
101499	2012	0	0
101501	2008	0.01434051881622214	0.0012891679558346225
101502	2002	0	0
101505	2012	0.009109394565608398	0.002569154263830519
101507	2011	0	0
101513	2012	0	0
101514	2010	0.0290786795267306	0.041268178236263345
101528	2005	0.027777777777777776	0.004629629629629629
101536	2006	0.1611111111111111	0.1884920634920635
101548	2003	0.014979161830221426	0.016124750137277773
101555	2006	0.12081128747795412	0.04022410091250671
101556	2003	0.03042924114557906	0.0059065828950680115
101561	2005	0	0
101566	2009	0.020129690944058344	0.006249349376443636
101567	2010	0.005643699040169679	0.009238295744074854
101570	2004	0.3333333333333333	0.2
101579	2003	0.052676923076923086	0.04720735785953177
101589	2009	0.02166761059744192	0.013088547655175014
101595	2011	0.048690476190476194	0.01200121785228168
101596	2008	0.019702884172992867	0.005215802799741094
101597	2010	0.0043249449859543865	0.00015883261547872067
101603	2011	0	0
101609	2012	0.12897727272727272	0.4021164021164021
101611	2010	0.01459505824760214	0.00945202372298147
101631	2005	0.09523809523809523	1.0
101633	2009	0.17460317460317457	0.03670634920634921
101647	2000	0	0
101665	2010	0.004947011651544327	0.003886106490327956
101672	2002	0.11925837320574163	0.04213224296810923
101678	2012	0	0
101689	2010	0.012951783238594717	0.008013640323034428
101703	2011	0.014412385047249007	0.01126156532450366
101710	2006	0.038174603174603174	0.01590158417081494
101725	2007	0	0
101727	2005	0	0
101730	2003	0	0
101733	2011	0.0029424778256056036	0.0017989428508329065
101742	2002	0.033108252707437495	0.012484705514659432
101755	2008	0.023734672760969848	0.004251621324899078
101785	2008	0.02018263570203495	0.005562756472408028
101789	2008	0	0
101797	2003	0.051190476190476196	0.025242718446601944
101800	2005	0.125	1.0
101806	2002	0.031115502854633287	0.018990865865865864
101815	2008	0	0
101841	2010	0.01957749766573296	0.0037095280915243603
101842	2003	0.01036905990466362	0.0048174944368716
101855	2007	0.026205607556735285	0.03119927998269012
101862	2008	0.04086498297024612	0.02454780361757106
101865	2002	0.020177103099304237	0.011022613139548625
101880	2012	0	0
101890	2007	0.008415642007659745	0.004687089571841344
101907	2011	0	0
101915	2003	0.0323076923076923	0.010150537634408601
101918	2010	0.06944444444444445	0.0909090909090909
10192	2011	0.016085407990903883	0.015938821965600963
101932	2007	0	0
10194	2011	0.016721286415380406	0.007882694347620359
101945	2011	0.06203067084367652	0.001069847390258646
101952	2009	0.04183018046630222	0.014459146136759712
101974	2012	0.08319571865443424	0.0680409648203529
101982	2006	0.04099771167048055	0.01452789994502474
101985	2011	0.011027479332579054	0.005080887132785398
101986	2011	0	0
101988	2007	0.01731398300947173	0.01829446201666447
102019	2010	0.015719710924452304	0.003926670701700619
102034	2012	0.006811292441014032	0.0020444600988584857
10205	2004	0	0
10230	1995	0.046153846153846156	0.0246875
10242	2011	0.10416666666666666	0.008333333333333333
1027	2006	0.0768939393939394	0.012173121266114664
10270	2010	0	0
10289	2010	0.01936936936936937	0.008565891472868218
10319	2010	0	0
10325	2002	0	0
10326	2000	0	0
10339	2009	0	0
10343	2007	0.005233770858770859	0.038392424549073
10344	2008	0.01578368297428391	0.011789998687698307
10354	2010	0.009552245938941866	0.005479330388347173
10361	2003	0	0
10378	2008	0	0
1038	2010	0.04765052556457019	0.023897766484782448
10387	2012	0.0077096891270213306	0.0056875212813133945
10388	2010	0.012116717554172906	0.008278582196386317
10393	2001	0.013318603303390323	0.011436328917531926
10400	2009	0.010588624608289418	0.015269380617471432
10430	2001	0	0
10439	2012	0	0
10442	2007	0.012011054421768705	0.0033882783882783884
10456	2006	0.25	0.6666666666666666
1047	2006	0.16666666666666666	0.16666666666666666
10478	2003	0	0
10496	2008	0.0031277817738691845	0.0016317003405656502
10502	2004	0.1111111111111111	0.0045045045045045045
10504	2007	0	0
10519	2008	0.40559440559440557	0.021510577915376673
10536	2011	0.027320261437908496	0.010306372549019609
10542	2011	0.003928279384807373	0.006280667739572499
10555	2012	0.1676190476190476	0.04613330885560707
10571	2009	0.06785714285714287	0.0430672268907563
10578	2010	0.08758833508833508	0.10149147727272728
10581	2010	0	0
10589	2007	0.008178604319193842	0.002058366797744864
10634	2008	0.05598954959442575	0.005385282248320527
10652	2005	0.09651806526806526	0.020191807317181624
10658	2010	0.018434973473238782	0.017454384993318996
10666	2002	0	0
1067	2012	0.03840579710144927	0.03774928774928775
10679	2012	0	0
107	2001	0.011537975116397436	0.008199899805436138
1070	2007	0.011091305208952268	0.008382642998027613
10707	2004	0	0
10708	1994	0.14464285714285713	0.017731375942812114
10728	2007	0.005826972641052321	0.016202854319880666
10742	2002	0.0787202380952381	0.013263374490809233
10765	2011	0	0
10776	2002	0.006739883768592522	0.009236246973985788
10780	2009	0.01514036459136898	0.005757354025620145
10791	2008	0.04419266336671655	0.016429523379232085
10808	2008	0.5	0.04
10828	2002	0.007135145993866557	0.004775103421209686
10830	2006	0.019230769230769232	0.006993006993006993
10836	2008	0.03570549995182348	0.015831133816867512
10861	2002	0.11499118165784832	0.02494388327721661
10862	2007	0.08333333333333333	0.1111111111111111
10866	2007	0.0342955700798838	0.02074357713096773
10874	2006	0.017257799671592775	0.018885166006701187
10879	2007	0.18196476038581302	0.05941108844795497
1089	2006	0.022800187617260787	0.013699970222813286
10890	2012	0.020009426337551338	0.022176642494388915
10892	2002	0.07575757575757576	0.09166666666666667
10898	2007	0	0
1090	2011	0	0
10903	2008	0.14	0.1
10908	2007	0.02854995090819833	0.09885916016350799
10915	2008	0	0
10921	2011	0.16264568764568765	0.006007178907787427
10947	2007	0.03571428571428571	0.0625
10949	2006	0	0
10952	2010	0.05693121693121692	0.06012416851441242
10965	2006	0.16666666666666666	0.021604938271604937
10966	2009	0.009137124245664967	0.003389822762559558
10990	2011	0	0
10994	2005	0.19444444444444445	0.10289115646258504
10996	2007	0.025909822866344606	0.007429217924845082
11004	2011	0.013179496786531835	0.013866183767499556
11012	2009	0.03571428571428571	0.1111111111111111
11015	2006	0.04247875745577951	0.0061522357626738805
11018	2005	0.012289901132928719	0.004781616119673137
11021	2012	0	0
11034	2009	0.027777777777777776	0.034482758620689655
11043	2006	0.25370370370370365	0.01417688611589214
11070	2012	0.006734006734006734	0.0008928571428571428
11071	2003	0.02054335695226938	0.021670038958023736
11073	2011	0.029166666666666667	0.29166666666666663
11080	2010	0.015710010128608586	0.025834369443289595
11119	2008	0	0
11120	2002	0.2766666666666666	0.036056068544458635
11137	2002	0	0
11160	2004	0	0
11185	2012	0.05357142857142857	0.04353741496598639
11200	2004	0	0
11211	2009	0.008436213991769546	0.016700583367250034
11250	2005	0.030768136141252903	0.010875281539813335
11259	2005	0.025	0.02197802197802198
11271	2012	0	0
11296	2012	0.04041666666666667	0.04878571428571428
11316	2010	0.08333333333333333	0.05
11318	2002	0	0
11326	2011	0.036027687590187596	0.07552049228782422
11331	2011	0.021755344973970813	0.0010618069661617118
11364	2008	0.01277145266708834	0.007816908542902498
11367	2011	0.0448989898989899	0.029618889809444902
1138	2003	0.007880420724027235	0.007356375587234958
11384	2005	0.05776300616212898	0.01962728937728938
11387	2004	0	0
11416	2011	0.003683388268844041	0.0038114243188373327
1142	2003	0.005683331758411964	0.0029641610809079794
11428	2000	0	0
1146	2001	0.016550862103082993	0.05392320892320891
11478	2009	0	0
11482	2010	0.00803188059164606	0.0033353965498914744
11498	2002	0	0
11499	2012	0.06837606837606838	0.08333333333333333
11521	2008	0.02043943054581352	0.03866761758466827
11546	2009	0.017799972766884532	0.0045707601209525614
11554	2008	0.01072857236540101	0.03835470085470086
11583	2010	0.04803503787878788	0.01677719224286212
11587	2006	0	0
11602	2008	0.06106701940035273	0.07896825396825397
11622	2005	0.04922734806868339	0.027295918367346933
11623	2011	0.0639354266987694	0.011837533722872008
11651	2011	0	0
11656	2009	0.007049805188335578	0.006248628255268788
11691	2001	0	0
11703	2002	0	0
11715	2003	0.01630556011086742	0.011996850533833757
11749	2007	0	0
11754	2010	0	0
11781	2010	0	0
11782	2000	0	0
118	2010	0	0
1184	2005	0.03571428571428571	0.1019047619047619
11842	2003	0.03207210401891253	0.004639972464548549
11845	2006	0.016939870634030692	0.021108897744960515
11882	2008	0.027491055946187996	0.019840689687180914
11902	2005	0	0
11920	2007	0.013803156348337068	0.003896936866265775
11993	2012	0.032191448007774535	0.024064791608651253
12008	2009	0.005390835579514825	0.001443001443001443
12009	2009	0.09955357142857144	0.07033475783475783
12014	2010	0.007893047914128183	0.002431721481917113
12019	2002	0	0
12036	2002	0	0
12039	2007	0.007914162322368436	0.05807922584238373
12081	2007	0	0
12093	2009	0.021557033752155702	0.00975473801560758
12109	2005	0.06584161098749959	0.00444361036140079
1213	2002	0.14285714285714285	0.021739130434782608
12133	2011	0	0
12137	2010	0.012339366982224124	0.015577228425310322
12146	2008	0.048625792811839326	0.02290985838779956
12153	2010	0.11851851851851852	0.03864734299516908
12165	2007	0.009615384615384616	0.0035460992907801418
12175	2005	0	0
12186	2011	0.011494252873563218	0.17
12203	2007	0	0
12219	2012	0	0
12245	2012	0.01352821230759713	0.007210712516113724
1226	2012	0.0021105956526740687	0.003857716719819029
12271	2011	0.03962124955441543	0.01306519207171232
12285	2007	0.205	0.5713178294573643
12286	2008	0.03256096421939994	0.022926843834475172
123	2007	0.037706252811515975	0.033095876744202106
12316	2005	0	0
12340	2001	0	0
12348	2004	0.01776973026973027	0.011162429884234397
12366	2005	0.16666666666666666	0.010467980295566502
12374	2003	0.036791762159409214	0.010773859967516073
12379	2009	0	0
12398	2008	0.010407998637948777	0.007913888544573625
12403	2006	0	0
12410	2011	0.009426222101224842	0.004751121677337655
12411	2008	0.06805555555555555	0.02704135737009544
12421	2004	0.07201646090534979	0.011013974069928158
12423	2009	0.07303050252359009	0.024846018179351514
12435	2008	0.02376543209876543	0.062380952380952384
12466	1994	0.05	0.06666666666666667
12495	2010	0.04198851257674787	0.03777777777777778
12505	2010	0	0
12527	1997	0	0
12530	2007	0.008286389146418105	0.010554915963401343
12540	1995	0	0
12557	2000	0.02210831447963801	0.014013343281635964
12566	2005	0.01853774211114024	0.010867971180315397
12576	2012	0.1238997113997114	0.006386636619194759
12594	2011	0.011667117837548905	0.007488404412544037
12603	2010	0.07706349206349206	0.019824016563146994
12610	2006	0	0
12642	2004	0.02303186582809224	0.018926604088875892
12647	2012	0.6	0.13690476190476192
12652	2006	0	0
12654	2000	0.030860277052033327	0.03180638227513228
12686	2003	0.1284722222222222	0.05892857142857143
12703	2003	0.10223407544836118	0.0069195814772039805
12728	2010	0	0
12738	2004	0	0
12771	2004	0	0
12785	2006	0.02022646665503808	0.008342931392628806
12789	2000	0.022222222222222223	0.014925373134328358
12859	2007	0.009682922334672283	0.004838946639956821
12863	2006	0.041722870966568446	0.007582092131724484
12869	2012	0	0
12885	2004	0.02053270803270803	0.012568788969651037
12888	2011	0.02907935156178716	0.02912325769468627
12906	2009	0.02313834575683686	0.03469506511773727
12964	2011	0.019865112957218226	0.13381633909334742
12985	2001	0.014632021144436996	0.00986238331127786
12993	2009	0.03860854250581262	0.0318223093966801
1301	2009	0.012406162349447287	0.008016450804293857
13013	2006	0.012550295990322945	0.012321200669616958
13033	2008	0.048017429193899785	0.02166429249762583
13046	2007	0	0
13053	2008	0.04198595146871009	0.014469387755102042
13069	2010	0	0
13071	2012	0.0740876211050013	0.007979603385435593
13091	2010	0.014262863709058979	0.0043604922975363685
13094	2011	0.09206349206349206	0.04993704212454213
13132	2009	0.09845724003887267	0.025711256162383983
13137	2006	0	0
13139	1996	0.29166666666666663	0.013927977462545083
13146	1999	0.125	0.058823529411764705
13157	2005	0	0
13165	2001	0	0
13182	2002	0.005817585714586279	0.003113042590480664
13184	2000	0.00512934617015728	0.002200857272083571
1319	2005	0	0
132	2006	0.027525925925925922	0.01447093421841618
13216	2000	0.5	0.5
1322	2006	0.03333333333333333	0.042735042735042736
13238	2005	0.07920702179176756	0.005484751824464744
1327	2006	0.03571428571428571	0.03333333333333333
13290	1994	0	0
13326	2009	0.0037330447634784914	0.005124306977633234
13342	2003	0	0
13344	2012	0.007524547058569759	0.006534939643561333
1339	2010	0.003789788308500844	0.033438859625875124
13393	2004	0.00732657238681335	0.008298237560468045
134	2011	0	0
1340	2002	0.014414343300390474	0.01668531874968499
13402	2005	0	0
13460	2010	0.014994199172206195	0.007110397870128669
1350	2005	0.0562259686483289	0.03279012654012654
13506	2006	0	0
13510	2012	0.027469499924224598	0.011176201002404212
13512	2012	0.0625	0.02702702702702703
13522	2006	0.08488247863247862	0.027830066024510467
13527	2005	0.010869565217391304	0.00024752475247524753
13535	1998	0.5555555555555555	0.04139051332033788
13536	2007	0.002905534681886671	0.0029128380087832307
13569	2012	0.02024341778440139	0.013700963944421036
13599	2012	0.2	1.0
13630	2006	0.026041666666666668	0.04503367003367003
13639	2000	0	0
13642	1999	0	0
13654	2006	0	0
13661	2006	0	0
13662	2000	0.12321428571428572	0.04423013427250715
13684	2009	0.05730534348310406	0.010163103443210161
13753	2005	0.10185185185185185	0.15277777777777776
13757	2002	0.07777777777777778	0.029411764705882353
13774	2006	0.1484126984126984	0.08144110275689223
13801	2012	0.08571428571428572	0.029411764705882353
13803	2012	0.0658008658008658	0.275
13804	2006	0	0
13807	2000	0.006606969963854348	0.005503954821440563
13812	2012	0.6	0.07142857142857142
13814	1995	0	0
13877	2001	0.3333333333333333	0.5
13915	2001	0.1625	0.0506993006993007
13923	2011	0.024712643678160916	0.04017857142857143
13946	2006	0.015866262224509348	0.003129381721872404
13954	2004	0.1594228927203065	0.01780904878965224
13957	2011	0.01552285714330535	0.009033594204417824
14005	2002	0	0
14011	2012	0	0
14061	2007	0.5888888888888889	0.09348370927318296
14117	2007	0.028985507246376812	0.00967741935483871
14128	2000	0.06666666666666667	0.5
14132	2011	0.014136904761904762	0.02472527472527472
14142	2009	0	0
14148	2004	0.5	0.00034965034965034965
1415	2011	0	0
14153	2003	0.012729468599033816	0.007096302573316909
14179	2001	0.11111111111111112	0.025641025641025637
14188	2010	0.12230639730639731	0.06841809559200863
14189	2010	0.004371342231577596	0.0023395497501681028
14217	2006	0.00752887281843273	0.004419667633974872
14220	2003	0	0
14222	2011	0.023281697784830954	0.08230717372651823
14242	2005	0.16666666666666666	0.3333333333333333
14251	2008	0	0
14261	2004	0.12430555555555556	0.003840136396748715
1428	2007	0.221875	0.023115530303030304
14285	2011	0.005759424290806082	0.010254624304543788
14298	2008	0.3333333333333333	0.034782608695652174
143	2004	0.048500881834215165	0.023930002108370232
1430	2008	0.1010841836734694	0.011862843729040912
14321	2012	0	0
14325	2007	0.02816073096943542	0.008643945077741542
14339	2005	0.009022644022644022	0.0017794171640325488
14413	2011	0.033135856883588284	0.021964073382028198
14421	2006	0	0
14430	2004	0.35000000000000003	0.1983204134366925
14450	2008	0.03680555555555556	0.02854122621564482
14468	2003	0.016218517070031933	0.006698664922750551
14472	2009	0.0006260487890582407	0.000761668890961198
14499	2010	0.02691615226337448	0.1074710648148148
14521	2010	0.00649772579597141	0.01991421568627451
14527	2007	0.029954461123292295	0.006626019341027071
14530	2010	0.019669700773307944	0.01996043232704818
14533	2004	0.04114518983800029	0.012942225601994317
14562	2005	0.03437875654490814	0.009618783313553236
14571	2001	0	0
14613	2008	0.012756729008514003	0.004533739298943759
1462	2010	0.015222521747848498	0.0032825115810924997
14638	2008	0.02421517578221353	0.0021587159777768893
14644	2006	0.015575267644233157	0.011260617258169948
14700	2007	0	0
14715	2004	0.022852212993058067	0.03153391676821388
14717	2006	0.04113305241124789	0.01135986607111227
14718	2012	0	0
14725	2005	0.07030303030303031	0.022016290726817045
14744	2003	0.16137566137566137	0.07201646090534979
1475	2003	0.023748473748473747	0.028395061728395062
14752	2003	0	0
14765	2012	0.010725957049486461	0.22348864994026285
14800	2005	0	0
1484	2004	0	0
14911	2012	0.031669654112109355	0.031107531251209415
14936	2001	1.0	0.017543859649122806
14983	2001	0.03881987577639751	0.008903133903133903
14986	1999	0.036610637317008206	0.0529930277542959
15010	2011	0.09545454545454546	0.04318181818181818
15018	2008	0.001955504382991307	0.0009387843850986009
15035	2010	0	0
15072	2009	0.02600296047906342	0.008093754329009438
1510	2007	0	0
15107	2011	0	0
15110	2011	0.0030698545076402912	0.0018688144818322593
15118	2007	0.016213742622674915	0.004386055501445903
15121	2004	0.005494505494505495	0.005952380952380952
15151	2008	0.20833333333333331	0.018334173387096774
15152	2007	0	0
15159	2007	0.018374741200828156	0.17101449275362318
1516	2006	0.14285714285714285	0.031746031746031744
15174	2010	0	0
15193	2009	0.2	0.5
15223	2008	0.11020408163265306	0.0076339431178140855
15227	2011	0.010101010101010102	0.09090909090909091
15229	2010	0.25223214285714285	0.06336206896551724
1523	2011	0.1	1.0
15233	2009	0	0
15292	2011	0	0
15294	2008	0	0
15316	2010	0.0057492877492877495	0.01200154858691444
15339	2010	0.0009634849175101066	0.0009638882742469143
15348	2006	0.18	0.021587301587301592
15356	2003	0.1093073593073593	0.03848484848484848
15363	2006	0.01282051282051282	0.25
15376	2008	0.008538656877861204	0.005928348726799373
1540	2008	0.031439716297477896	0.06968225634369059
15402	2007	0	0
15405	2002	0.009828009828009828	0.006613756613756613
15408	2008	0.030303030303030304	0.01214349376114082
15455	2007	0.0275435264485116	0.00609923720618285
15503	2007	0.14285714285714285	0.07407407407407407
15510	2010	0.02276374317843079	0.01686522866152613
15519	2010	0.010525179970886468	0.010271605175817761
15523	2010	0	0
1553	2012	0	0
15531	2008	0.03224380901947211	0.011951078402227826
15543	2007	0	0
15577	2009	0.04440004440004441	0.01861613413627705
15600	2012	0.011265187924171164	0.005832884517358842
15605	2006	0.057291666666666664	0.35416666666666663
15626	2006	0.016013552032812173	0.007297137058497417
15632	2012	0.06058405488765796	0.019340848094471286
15635	2010	0.02689570142641725	0.017106834963977816
15640	2002	0.041490255376344085	0.039508388101003114
15655	2012	0.07477614977614977	0.018712018140589568
15690	2005	0	0
15751	2007	0.05	0.043478260869565216
15752	2011	0.024130710884029037	0.003954016788940725
15755	2012	0.029674344112263582	0.008943394276530096
15756	2011	0.010963166411345681	0.005927554272550428
15764	2011	0.04529059829059828	0.012772250230095107
15765	2009	0.004998503894971457	0.005502939487475413
15791	2008	0.014532506669055582	0.007756444070065758
1581	2003	0.06298481223720458	0.0066837203256917615
15811	2004	0.037500000000000006	0.011742424242424243
15814	2005	0	0
15820	2009	0.032670111972437556	0.007628651835968909
15825	2006	0.1358695652173913	0.01206140350877193
15827	2001	0	0
15837	2007	0.0015432098765432098	0.006060606060606061
15843	2005	0.03129470819068534	0.02749816965354268
15861	2005	0	0
15891	2006	0	0
15896	2003	0.04329144566962105	0.04053606078103948
15915	2006	0.015090511124860569	0.010809697859278333
15926	2012	0	0
15937	2005	0.016666666666666666	0.00625
1598	1998	0.027840439130761712	0.020680408915703035
15986	2012	0.006627396194273552	0.006326148941140433
15989	2006	0.09372637944066516	0.005486182016794261
15992	2008	0.3333333333333333	0.003968253968253968
15993	1999	0.01938589313828523	0.0037861580326153934
16002	2002	0.02688884258156704	0.002492013169440958
16047	2009	0.011033367690510542	0.0033079172035399428
1605	2012	0	0
16064	2011	0	0
16143	2004	0	0
16194	2009	0.0072064220357261335	0.006478442277768888
16196	2005	0.04549319727891157	0.027598135511441968
16206	2008	0	0
16227	2006	0	0
1623	2004	0	0
16296	2012	0.013327877408946708	0.0041143389007709035
16327	2011	0.03273809523809523	0.04592670401493931
16330	2002	0	0
16353	2007	0.03274456855982478	0.019013626150068994
16366	2010	0.05168455297558296	0.09335114249725254
1637	2004	0	0
16393	2010	0.02475071225071225	0.03137860082304527
16396	2005	0.036576704545454544	0.006870040500668903
16401	2011	0.02182017543859649	0.023275078830634385
16410	2005	0.02059775551583781	0.005414029498392574
16456	2006	0	0
16496	2006	0.09292517006802721	0.032188114915387644
16508	2007	0.011173968459430111	0.005231401296195104
16522	2007	0.05508870214752569	0.035873015873015876
16528	2003	0.020082416045148967	0.01495328016263977
16540	2011	0.012150842459430988	0.006136447811954904
16602	2011	0.010672047183615961	0.004791648776994608
16603	2012	0	0
16634	2007	0.01061736288718386	0.010997596153846155
16637	2004	0.12916666666666665	0.030595813204508854
16639	2012	0.04608843537414966	0.011666666666666667
16659	2008	0	0
16663	2001	0	0
16694	2007	0.06216772993088782	0.013853662257984211
16714	2010	0.025397423025435073	0.05333322876801138
16716	2006	0.06686369186369186	0.013049762029353864
16735	2007	0.09946236559139784	0.004583651642475171
1678	2006	0	0
16787	2002	0	0
16794	2006	0.0691998892580288	0.00518354038468981
1680	2008	0.0036974573935265854	0.002704077862118466
1683	2004	0.10191362359550561	0.021022169172044212
16838	2010	0.05	0.2
16839	2007	0	0
16888	2006	0.010319444595712724	0.005953887835485792
16932	2007	0	0
16945	2010	0	0
16954	2003	0	0
1696	2001	0	0
17011	2004	0.002298345514121086	0.0017323031598265532
17044	2004	0.018728274426408963	0.0022981179941984793
17056	2004	0.019993006290474645	0.0030331817494362867
17109	2010	0.2542016806722689	0.08982732732732733
17111	2007	0.027132925697162136	0.004646992884826478
17121	2012	0.015800318455490875	0.009444813120812528
17123	2006	0	0
17124	2003	0.02447998430141287	0.005055080485040605
17144	2012	0.006725210111777189	0.008028873052913806
17154	2010	0.04916712809154669	0.026273585593999445
17160	2004	0.007733585858585858	0.00022875504059072
17170	2012	0.027779024490931805	0.012238139308041214
17177	2007	0.05317460317460317	0.032071128046360246
17188	2003	0.18333333333333335	0.396969696969697
17262	2012	0.03822766127326619	0.009492278410694933
17338	2003	0.006923685289069904	0.0015997210521510056
17354	2007	0.03517086455727429	0.020418482485956537
17359	2006	0.014705882352941176	0.2
17361	2010	0.007523047992695823	0.004066664756385266
1737	2003	0.019743688882444863	0.008808030518556833
1738	2002	0.002531157199248819	0.010068068806728109
17399	2003	0	0
17444	2005	0.25	0.058333333333333334
17461	2004	0	0
17463	2004	0	0
17471	2005	0.01977354701273713	0.5256446083910872
17499	2010	0.025450596395228838	0.004108562413204311
17529	2012	0.016610614987896934	0.02698714237468037
17545	2006	0	0
17552	2009	0	0
17589	2011	0	0
17597	2002	0.02309527918723321	0.011656540071295804
176	2011	0.011627906976744186	0.015384615384615385
17604	2004	0.31833333333333336	0.04065355163679067
17650	2010	0.03672349598275524	0.01872920623286441
1766	2002	0.145679012345679	0.014521598112929383
17682	2002	0	0
17710	2011	0.024992559523809525	0.004645666364416365
17720	2012	0.01527468963643354	0.012854358801049109
17724	2011	0.010890051992895227	0.027337763223266216
17735	2012	0	0
17737	2001	0.05637254901960784	0.004316816816816817
17753	2004	0.026847215275037837	0.006630180559888521
17771	2011	0.016618957239912805	0.01903673685819236
17819	2005	0.03846153846153846	0.025106837606837608
17847	2007	0.19692460317460314	0.02860278925619835
17886	2011	0	0
17896	2007	0	0
17918	2006	0	0
17931	2009	0.18273148148148144	0.022612671502474136
17989	2003	0.01749812109187109	0.010876894400711535
17992	2008	0.003331482649186582	0.005983379796540742
18032	2010	0	0
18033	2003	0	0
18051	2005	0	0
18076	2004	0.026533333333333332	0.014053678513968115
18086	2008	0.06163911845730028	0.010869565217391304
18127	2007	0.013342190274427698	0.0019882651289221255
18149	2011	0.004885570384931352	0.0033134643216814804
1815	2011	0.01174622387857682	0.007082601157741355
18185	2006	0.014501194186072144	0.007236681189098309
18202	2008	0.1111344537815126	0.055456349206349204
18227	2003	0	0
18232	2012	0.01961490037044991	0.007733923360756421
18294	2007	0	0
18299	2008	0.03491114149008886	0.011496938379048135
18311	2001	0.04400510204081633	0.03232863393291201
18341	2002	0.008402651224690168	0.0024251740593499633
18350	2012	0.01066953097028285	0.04064327485380117
18359	2010	0.00912339820142882	0.008510332584283143
18385	2004	0.04635258358662614	0.043137254901960784
18394	2011	0.015305736673689698	0.004207336484585591
18414	2012	0.045054945054945054	0.2361111111111111
1843	2001	0.19583333333333333	0.0704248366013072
18445	2002	0.02016428654359689	0.0021246035070919865
18461	2011	0	0
18492	2010	0.014346089738910384	0.01673534798534798
18521	2000	0.019197436766034328	0.02040824401935513
18529	2007	0.037037037037037035	0.002849002849002849
1856	2003	0.061312399355877616	0.02326875194522253
1857	2003	0	0
18575	2009	0.1111111111111111	0.13333333333333333
18615	2007	0.02815012368583797	0.028748180123113077
18694	2008	0	0
18718	1998	0.014081847406622761	0.00529289067069952
18835	2009	0.0593568951777907	0.03552114130588714
1884	2011	0	0
18841	2003	0.019250816365972912	0.02903670957800183
18853	2009	0	0
18870	2000	0.008102297522782697	0.0045179514340282795
18882	2012	0.010416666666666666	0.06944444444444443
18888	2003	0	0
18894	2009	0.05133928571428571	0.08771929824561403
18944	2007	0.1	0.3333333333333333
18965	2009	0.1007799671592775	0.004588779956427015
19001	2012	0.010234023301635684	0.01614222862159664
19043	2008	0.008879392212725545	0.03607843137254902
19047	2008	0	0
19063	2008	0.026360573298092535	0.012572676681093742
19075	2007	0.03585427286684478	0.013450237422691849
19081	2005	0.03242998348764794	0.009999238061018616
19087	2001	0	0
19120	2004	0.1	0.005874499332443258
19147	2002	0	0
19152	2007	0.5	0.25
19197	2010	0.03426015376564827	0.015357529121239426
19202	2000	0.125	0.005291005291005291
19209	2003	0	0
19213	2004	0.035612219908438394	0.010746507368417004
1922	2000	0	0
19320	2012	0	0
19333	2010	0	0
19357	2004	0.03415532879818594	0.01770630279402209
19378	2010	0.015312170644580616	0.027255571328640496
19442	2005	0	0
19448	2003	0.011539727001911875	0.029874175777537124
19468	2005	0	0
19495	2007	0	0
19512	2005	0	0
19533	2007	0.09	0.033950617283950615
19599	2002	0	0
19609	2008	0.012523672395957919	0.010047046580434442
19612	2012	0	0
1963	2008	0.011627906976744186	0.016666666666666666
1972	2001	0.010555555555555556	0.005291005291005291
19724	2005	0.1286264596123751	0.019316368522717727
19745	2002	0	0
19749	2012	0.005179410480032834	0.0041794187384782576
19760	2008	0.0008257622818564405	0.010433692170018223
19779	2005	0.009966160548432067	0.010518260482280335
19804	2005	0.12685322156476003	0.01164524492193773
1981	2007	0.0909090909090909	0.0322039072039072
19853	2004	0.00994457193552216	0.005069019869019869
19888	2005	0.2	0.038461538461538464
19893	2011	0	0
19897	2007	0.09734848484848485	0.054315476190476185
19956	2002	0	0
20007	2009	0.008872796059504447	0.00547396470198429
20016	2009	0.031955013797119056	0.018597463070574756
20050	2005	0.12805555555555553	0.054056357493857496
20145	2012	0.03851254480286738	0.03253968253968254
20163	2007	0.01723939478325443	0.04937548562548562
20184	2011	0.025307516894703553	0.11531925387857592
20546	1998	0	0
2057	2000	0.024790184272942894	0.04602004602004602
20586	2005	0.005492395970216364	0.0015476983989524068
2063	2006	0.04103347477548534	0.010101046295705612
20633	2012	0.06918564527260179	0.004791288496074759
20697	2007	0.01865361514560468	0.003724605942981469
20858	2007	0.05990989152173362	0.0565025017474848
21038	2004	0.013410572562358275	0.04508547008547009
21052	2001	0.012611697789311111	0.003458320109941205
21150	2002	0	0
21231	2010	0.026882102272727273	0.009921162171162172
21394	2007	0	0
21438	2007	0	0
21587	2011	0	0
21678	2008	0.017352185651537524	0.009002097517560089
21726	2002	0	0
21783	2006	0.010752688172043012	0.0021645021645021645
21825	2005	0.0965580600363209	0.005625384002902561
21835	2011	0.0023148148148148147	0.016666666666666666
21979	2002	0.02224556489262372	0.03138984235952199
22195	2007	0.04627326625094483	0.016899656230013372
22223	2002	0	0
22230	2002	0.01948051948051948	0.005319148936170213
22234	2009	0.016944008258554213	0.010711671694876227
22299	2006	0	0
2236	2009	0.008190733983596895	0.0031623811481782706
2239	2003	0.033729575163398695	0.016176470588235296
22448	2005	0.04666666666666667	0.037037037037037035
22486	2007	0.003344643051332526	0.0013466074205597685
22503	2009	0.20000000000000004	0.14285714285714285
22653	2008	0.06090144230769231	0.021507191205038634
2266	2012	0.023296734234234236	0.10357142857142856
22662	2004	0.009686195170607913	0.0023503614088423394
22809	2006	0	0
2288	2005	0.06735036284844713	0.0360338696387212
23128	2012	0.01395881895881896	0.04937771953266866
23262	2009	0.005538676599384554	0.002391422716846308
23560	2001	0	0
24242	2010	0.011025796262246817	0.008197918992173963
24388	2004	0.055396935923404805	0.024584310820934274
24486	2003	0.05504372171038837	0.005491833572837714
24715	2003	0	0
25085	2009	1.0	0.5
25116	2012	0.006002056596734904	0.0049258338729433245
25124	2011	0.010237421958214926	0.00810049125209261
25306	2004	0	0
25882	2012	0.004241709912497559	0.0019585511475475603
25915	2009	0.2168110243193935	0.03179859317178421
2622	2000	0	0
26247	2010	0.051677489177489176	0.17889087656529518
26253	2000	0	0
26530	2007	0.024177786751382893	0.0058828798399960785
26630	2004	0.08403508771929824	0.015708403524756543
26772	2009	0.005349156976619482	0.00469204956417353
26842	2004	0.015069455684780766	0.021296454556070297
27227	2004	0	0
