dzFxID	dzAwardYear	dzCoAuthorsNumBF	dzCoAuthorsNumAF
100003	2008	6	2
100007	2009	9	60
100010	2006	36	7
100021	2009	52	79
100022	2008	3	55
100024	2006	11	243
10003	2000	15	33
100030	2006	24	37
100047	2001	14	36
100052	2005	9	10
100062	2008	9	10
100074	2009	30	62
100084	2011	9	4
100091	2010	14	3
100113	2010	28	42
100114	2009	15	27
100117	2002	67	118
100121	2005	40	40
100127	2010	0	1375
100130	2007	40	38
100132	2012	53	19
100138	2010	4	7
100139	2010	9	55
100152	2012	40	97
100154	2011	5	0
100157	2006	10	16
100160	2011	8	20
100166	2009	83	30
100167	2002	5	20
100168	2007	4	4
100171	2012	13	8
100172	2012	13	35
100175	2002	4	7
10018	2012	0	1162
100185	2012	25	53
100187	2009	75	73
100205	2011	81	149
10021	2005	4	7
100218	2008	35	27
100219	2012	80	66
10022	2012	26	49
100223	2008	120	162
100237	2012	68	141
100242	2012	0	12
100253	2003	1	0
100258	2002	149	131
100269	2005	7	7
100271	2003	3	30
100272	2012	3	15
100276	2011	31	80
100281	2007	16	2
100283	2009	4	0
10029	2012	4	0
100296	2006	12	0
100299	2012	0	19
100306	2009	46	180
100308	2005	6	20
100310	2004	0	15
100313	2009	14	60
100355	2009	69	59
100360	2007	4	51
100367	2004	16	0
100370	2002	4	61
100372	2010	133	157
100377	2008	16	97
100391	2001	14	31
10040	1998	9	129
100406	2011	0	9
100408	2012	145	78
100409	2011	18	11
100417	2002	5	24
100425	2006	0	6
100426	2008	18	17
100427	2006	29	19
100435	2007	0	8
100455	2012	12	50
100467	2003	65	42
100471	2008	51	39
100475	2009	12	20
10048	2011	4	26
100487	2011	83	68
100494	2012	39	44
100499	2012	42	58
1005	2011	38	40
100509	2009	90	119
100510	2010	0	6
100513	2009	25	11
100526	2012	213	108
100532	2006	33	58
100542	2006	15	8
100543	2012	43	73
100553	2010	200	152
100560	2011	10	40
100567	2012	72	91
100579	2011	122	29
100608	2012	0	2
100611	2012	3	0
100619	2004	11	7
10064	2010	3	47
100640	2008	36	78
100642	2011	24	22
100658	2007	21	12
100662	2011	4	0
10067	2005	16	21
100683	2005	448	93
100684	2011	20	5
100699	2010	22	9
100704	2012	31	0
100711	2012	91	74
10072	2002	123	205
100722	2008	97	386
100727	2002	78	23
100732	2002	6	22
10074	2010	30	23
100740	2006	23	40
100754	2011	12	30
100767	2003	2	5
100769	2010	8	106
10077	2003	4	11
100775	2010	41	41
100778	2007	7	18
100780	2011	30	22
100781	2007	11	154
100782	2011	15	46
100788	2005	37	42
100791	2011	81	72
100796	2007	2	0
10080	2007	0	90
10083	2010	0	32
100833	2010	0	7
10084	2010	29	25
100853	2001	3	55
100866	2004	16	50
10088	2011	31	62
100882	2009	42	48
100891	2010	18	62
100895	2000	17	32
100896	2003	0	8
100897	2008	2895	11457
100900	2011	23	27
100908	2005	12	89
100914	2012	14	92
100915	2011	12	27
100926	2012	66	41
100929	2010	77	121
100948	2010	6	8
100960	2012	299	477
100962	2007	328	0
100966	2009	23	73
100971	2008	30	243
10099	2012	88	169
101015	2011	16	31
101017	2012	105	729
101018	2010	4	20
101026	2004	5	0
101034	2010	16	59
101036	2010	15	14
101039	2012	75	128
101046	2002	20	35
10105	2005	19	57
101057	2007	43	105
10106	2003	43	73
101080	2011	8	16
101096	2006	9	7
101099	2007	13	9
101100	2012	10	15
101101	2010	15	49
101129	2009	28	106
101138	2003	0	0
101150	2010	0	82
101152	2007	49	113
101154	2008	0	73
101164	2011	5	4
101165	2009	0	20
101187	2011	31	46
101190	2002	56	576
101194	2010	18	55
101196	2004	72	48
101201	2009	33	5
101212	2006	16	19
101221	2009	19	49
101230	2003	17	55
101232	2011	24	32
101239	2009	39	70
101249	2008	28	68
101259	2012	8	15
101289	2009	8	10
10133	2006	4	23
101373	2008	41	47
101376	2010	24	20
101391	2009	5	7
101399	2010	40	71
101425	2009	3258	1077
101429	2009	22	17
10143	2011	68	83
10145	2012	120	194
101453	2012	10	94
101459	2004	12	8
10146	2010	7	303
101481	2007	28	1
101499	2012	0	7
101501	2008	44	192
101502	2002	0	0
101505	2012	228	944
101507	2011	0	29
101513	2012	0	38
101514	2010	20	14
101528	2005	17	33
101536	2006	12	27
101548	2003	36	9
101555	2006	28	54
101556	2003	36	81
101561	2005	0	26
101566	2009	45	137
101567	2010	129	80
101570	2004	15	4
101579	2003	21	39
101589	2009	33	62
101595	2011	11	54
101596	2008	7	21
101597	2010	50	112
101603	2011	7	0
101609	2012	12	8
101611	2010	77	80
101631	2005	22	3
101633	2009	6	971
101647	2000	4	29
101665	2010	258	265
101672	2002	21	32
101678	2012	0	13
101689	2010	72	83
101703	2011	67	57
101710	2006	10	49
101725	2007	0	3
101727	2005	11	0
101730	2003	2	16
101733	2011	165	271
101742	2002	48	60
101755	2008	50	234
101785	2008	45	113
101789	2008	4	0
101797	2003	25	70
101800	2005	24	2
101806	2002	41	51
101815	2008	0	2
101841	2010	22	80
101842	2003	25	19
101855	2007	22	17
101862	2008	39	56
101865	2002	71	85
101880	2012	0	21
101890	2007	23	29
101907	2011	10	22
101915	2003	16	57
101918	2010	19	18
10192	2011	75	91
101932	2007	0	5
10194	2011	161	102
101945	2011	2915	11827
101952	2009	51	125
101974	2012	11	24
101982	2006	39	55
101985	2011	77	138
101986	2011	0	52
101988	2007	75	53
102019	2010	13	62
102034	2012	126	313
10205	2004	3	11
10230	1995	2	12
10242	2011	18	42
1027	2006	20	68
10270	2010	0	0
10289	2010	19	26
10319	2010	7	0
10325	2002	3	28
10326	2000	0	0
10339	2009	0	41
10343	2007	27	19
10344	2008	63	78
10354	2010	100	83
10361	2003	5	5
10378	2008	0	0
1038	2010	22	29
10387	2012	130	749
10388	2010	60	94
10393	2001	57	111
10400	2009	93	73
10430	2001	3	16
10439	2012	12	0
10442	2007	8	30
10456	2006	8	4
1047	2006	7	4
10478	2003	0	11
10496	2008	354	2254
10502	2004	4	20
10504	2007	5	32
10519	2008	5	44
10536	2011	80	157
10542	2011	156	87
10555	2012	14	10
10571	2009	15	9
10578	2010	16	16
10581	2010	0	1
10589	2007	23	55
10634	2008	73	390
10652	2005	23	50
10658	2010	88	175
10666	2002	3	0
1067	2012	13	19
10679	2012	11	9
107	2001	66	99
1070	2007	26	123
10707	2004	0	29
10708	1994	12	48
10728	2007	59	69
10742	2002	14	83
10765	2011	0	10
10776	2002	177	115
10780	2009	65	239
10791	2008	100	145
10808	2008	11	44
10828	2002	139	191
10830	2006	3	63
10836	2008	26	121
10861	2002	11	75
10862	2007	12	10
10866	2007	59	101
10874	2006	25	33
10879	2007	23	41
1089	2006	33	59
10890	2012	36	48
10892	2002	22	10
10898	2007	0	3
1090	2011	0	4
10903	2008	14	15
10908	2007	13	1586
10915	2008	0	7
10921	2011	20	162
10947	2007	30	17
10949	2006	5	0
10952	2010	34	13
10965	2006	16	49
10966	2009	240	553
10990	2011	13	0
10994	2005	11	22
10996	2007	22	35
11004	2011	162	52
11012	2009	16	6
11015	2006	18	129
11018	2005	119	236
11021	2012	21	24
11034	2009	14	2
11043	2006	19	130
11070	2012	18	27
11071	2003	90	118
11073	2011	18	5
11080	2010	66	114
11119	2008	7	0
11120	2002	6	14
11137	2002	11	45
11160	2004	4	6
11185	2012	6	4
11200	2004	0	13
11211	2009	76	15
11250	2005	36	85
11259	2005	16	34
11271	2012	0	31
11296	2012	27	27
11316	2010	9	5
11318	2002	4	53
11326	2011	97	38
11331	2011	7056	18130
11364	2008	37	52
11367	2011	19	44
1138	2003	51	125
11384	2005	55	140
11387	2004	32	117
11416	2011	170	233
1142	2003	50	75
11428	2000	11	0
1146	2001	54	26
11478	2009	0	26
11482	2010	138	196
11498	2002	0	0
11499	2012	4	1
11521	2008	16	18
11546	2009	55	148
11554	2008	20	7
11583	2010	27	54
11587	2006	4	20
11602	2008	17	16
11622	2005	30	51
11623	2011	31	28
11651	2011	0	17
11656	2009	93	57
11691	2001	0	4
11703	2002	0	28
11715	2003	112	135
11749	2007	16	40
11754	2010	10	0
11781	2010	0	57
11782	2000	2	11
118	2010	0	7
1184	2005	85	10
11842	2003	28	124
11845	2006	42	77
11882	2008	34	57
11902	2005	8	4
11920	2007	86	260
11993	2012	20	24
12008	2009	19	114
12009	2009	11	12
12014	2010	299	759
12019	2002	0	0
12036	2002	0	0
12039	2007	143	16
12081	2007	0	29
12093	2009	9	26
12109	2005	76	419
1213	2002	9	40
12133	2011	24	0
12137	2010	86	53
12146	2008	21	19
12153	2010	20	7
12165	2007	3	7
12175	2005	2	2
12186	2011	110	18
12203	2007	10	5
12219	2012	9	0
12245	2012	143	182
1226	2012	248	187
12271	2011	40	125
12285	2007	14	20
12286	2008	65	128
123	2007	57	31
12316	2005	0	4
12340	2001	0	0
12348	2004	35	46
12366	2005	9	87
12374	2003	68	125
12379	2009	0	18
12398	2008	97	178
12403	2006	0	3
12410	2011	138	211
12411	2008	6	23
12421	2004	7	15
12423	2009	26	41
12435	2008	43	20
12466	1994	11	13
12495	2010	11	26
12505	2010	5	57
12527	1997	4	0
12530	2007	60	75
12540	1995	3	0
12557	2000	34	40
12566	2005	152	274
12576	2012	9	64
12594	2011	45	62
12603	2010	26	1339
12610	2006	0	5
12642	2004	57	75
12647	2012	4	5
12652	2006	0	6
12654	2000	45	90
12686	2003	33	35
12703	2003	11	99
12728	2010	0	0
12738	2004	0	0
12771	2004	5	46
12785	2006	60	136
12789	2000	4	13
12859	2007	111	121
12863	2006	18	53
12869	2012	0	16
12885	2004	20	36
12888	2011	26	47
12906	2009	54	53
12964	2011	134	36
12985	2001	38	79
12993	2009	25	17
1301	2009	37	95
13013	2006	21	89
13033	2008	7	42
13046	2007	7	31
13053	2008	26	83
13069	2010	0	0
13071	2012	17	156
13091	2010	24	122
13094	2011	20	23
13132	2009	67	81
13137	2006	4	0
13139	1996	12	39
13146	1999	7	32
13157	2005	8	2
13165	2001	3	0
13182	2002	75	178
13184	2000	92	171
1319	2005	0	15
132	2006	35	76
13216	2000	3	5
1322	2006	14	33
13238	2005	28	136
1327	2006	3	19
13290	1994	3	0
13326	2009	48	44
13342	2003	0	0
13344	2012	149	89
1339	2010	172	7
13393	2004	63	78
134	2011	0	32
1340	2002	41	52
13402	2005	17	13
13460	2010	18	56
1350	2005	32	32
13506	2006	21	0
13510	2012	85	247
13512	2012	21	52
13522	2006	19	36
13527	2005	7	31
13535	1998	4	30
13536	2007	252	312
13569	2012	11	22
13599	2012	14	2
13630	2006	4	7
13639	2000	0	22
13642	1999	0	19
13654	2006	0	1
13661	2006	0	5
13662	2000	10	15
13684	2009	83	185
13753	2005	22	18
13757	2002	11	8
13774	2006	12	9
13801	2012	5	12
13803	2012	65	9
13804	2006	16	0
13807	2000	104	198
13812	2012	5	15
13814	1995	0	0
13877	2001	3	2
13915	2001	4	11
13923	2011	34	34
13946	2006	47	145
13954	2004	22	114
13957	2011	89	180
14005	2002	3	6
14011	2012	6	994
14061	2007	6	24
14117	2007	9	34
14128	2000	12	3
14132	2011	64	11
14142	2009	0	17
14148	2004	3	1434
1415	2011	0	49
14153	2003	34	27
14179	2001	21	50
14188	2010	13	23
14189	2010	92	101
14217	2006	246	250
14220	2003	2	20
14222	2011	44	14
14242	2005	16	2
14251	2008	4	6
14261	2004	17	281
1428	2007	17	80
14285	2011	39	51
14298	2008	7	62
143	2004	16	30
1430	2008	43	1126
14321	2012	7	0
14325	2007	49	139
14339	2005	40	183
14413	2011	27	52
14421	2006	0	37
14430	2004	4	6
14450	2008	22	19
14468	2003	59	93
14472	2009	436	425
14499	2010	105	30
14521	2010	18	7
14527	2007	62	165
14530	2010	28	40
14533	2004	21	41
14562	2005	33	61
14571	2001	9	89
14613	2008	84	136
1462	2010	353	1129
14638	2008	26	82
14644	2006	149	148
14700	2007	8	0
14715	2004	31	18
14717	2006	32	62
14718	2012	4	0
14725	2005	13	68
14744	2003	11	15
1475	2003	22	26
14752	2003	0	9
14765	2012	44	9
14800	2005	6	17
1484	2004	5	0
14911	2012	71	71
14936	2001	2	8
14983	2001	6	31
14986	1999	30	16
15010	2011	21	46
15018	2008	2723	13147
15035	2010	6	28
15072	2009	16	64
1510	2007	5	3
15107	2011	12	34
15110	2011	217	253
15118	2007	53	106
15121	2004	11	21
15151	2008	11	105
15152	2007	0	99
15159	2007	66	10
1516	2006	5	24
15174	2010	4	0
15193	2009	23	6
15223	2008	3	35
15227	2011	29	10
15229	2010	4	12
1523	2011	31	4
15233	2009	15	40
15292	2011	27	22
15294	2008	0	15
15316	2010	58	30
15339	2010	506	1015
15348	2006	6	46
15356	2003	16	29
15363	2006	5	5
15376	2008	81	130
1540	2008	35	13
15402	2007	0	0
15405	2002	9	32
15408	2008	21	53
15455	2007	74	233
15503	2007	4	12
15510	2010	78	74
15519	2010	71	133
15523	2010	0	0
1553	2012	11	0
15531	2008	47	96
15543	2007	0	0
15577	2009	51	103
15600	2012	73	263
15605	2006	38	8
15626	2006	64	88
15632	2012	23	69
15635	2010	64	107
15640	2002	26	22
15655	2012	24	42
15690	2005	0	0
15751	2007	10	140
15752	2011	32	201
15755	2012	83	176
15756	2011	69	103
15764	2011	30	75
15765	2009	36	59
15791	2008	140	207
1581	2003	77	178
15811	2004	16	26
15814	2005	16	4
15820	2009	27	167
15825	2006	3	23
15827	2001	0	0
15837	2007	24	44
15843	2005	26	23
15861	2005	6	0
15891	2006	12	3
15896	2003	7	8
15915	2006	57	80
15926	2012	6	1
15937	2005	4	19
1598	1998	18	32
15986	2012	160	249
15989	2006	17	146
15992	2008	10	92
15993	1999	38	117
16002	2002	74	138
16047	2009	105	234
1605	2012	0	7
16064	2011	0	924
16143	2004	0	0
16194	2009	121	155
16196	2005	30	88
16206	2008	12	182
16227	2006	22	17
1623	2004	0	7
16296	2012	132	308
16327	2011	62	32
16330	2002	35	12
16353	2007	53	78
16366	2010	106	51
1637	2004	9	0
16393	2010	24	40
16396	2005	21	72
16401	2011	61	51
16410	2005	29	82
16456	2006	8	11
16496	2006	10	95
16508	2007	56	81
16522	2007	24	35
16528	2003	40	50
16540	2011	60	136
16602	2011	61	78
16603	2012	0	6
16634	2007	40	34
16637	2004	9	22
16639	2012	45	107
16659	2008	0	0
16663	2001	15	0
16694	2007	10	52
16714	2010	59	58
16716	2006	23	96
16735	2007	2	53
1678	2006	0	77
16787	2002	1	24
16794	2006	11	173
1680	2008	409	557
1683	2004	10	58
16838	2010	17	5
16839	2007	0	5
16888	2006	143	172
16932	2007	0	33
16945	2010	8	3
16954	2003	0	25
1696	2001	3	10
17011	2004	183	325
17044	2004	28	149
17056	2004	126	75
17109	2010	12	19
17111	2007	70	214
17121	2012	81	106
17123	2006	0	10
17124	2003	5	24
17144	2012	190	180
17154	2010	20	30
17160	2004	28	188
17170	2012	194	522
17177	2007	34	29
17188	2003	13	6
17262	2012	27	93
17338	2003	26	28
17354	2007	100	92
17359	2006	5	2
17361	2010	190	290
1737	2003	54	114
1738	2002	189	992
17399	2003	2	1
17444	2005	7	3
17461	2004	11	8
17463	2004	0	0
17471	2005	44	6
17499	2010	4	12
17529	2012	7	21
17545	2006	0	913
17552	2009	0	12
17589	2011	53	10
17597	2002	44	91
176	2011	8	9
17604	2004	8	38
17650	2010	24	37
1766	2002	8	48
17682	2002	0	0
17710	2011	34	1243
17720	2012	183	280
17724	2011	81	21
17735	2012	5	0
17737	2001	4	15
17753	2004	27	186
17771	2011	58	57
17819	2005	15	11
17847	2007	12	54
17886	2011	90	0
17896	2007	0	4
17918	2006	0	388
17931	2009	9	97
17989	2003	31	87
17992	2008	225	199
18032	2010	23	0
18033	2003	6	3
18051	2005	0	12
18076	2004	27	65
18086	2008	11	54
18127	2007	23	243
18149	2011	82	181
1815	2011	128	224
18185	2006	71	63
18202	2008	5	11
18227	2003	0	22
18232	2012	47	145
18294	2007	0	11134
18299	2008	86	227
18311	2001	19	47
18341	2002	64	311
18350	2012	22	5
18359	2010	60	69
18385	2004	19	16
18394	2011	1763	1488
18414	2012	11	13
1843	2001	19	36
18445	2002	26	34
18461	2011	0	51
18492	2010	26	25
18521	2000	15	28
18529	2007	20	18
1856	2003	24	126
1857	2003	7	12
18575	2009	9	6
18615	2007	31	56
18694	2008	9	0
18718	1998	7	43
18835	2009	26	41
1884	2011	0	0
18841	2003	81	49
18853	2009	0	6
18870	2000	12	29
18882	2012	38	20
18888	2003	0	21
18894	2009	20	25
18944	2007	11	6
18965	2009	9	85
19001	2012	95	45
19043	2008	67	3
19047	2008	0	11
19063	2008	37	44
19075	2007	46	114
19081	2005	70	173
19087	2001	10	0
19120	2004	2	62
19147	2002	0	0
19152	2007	8	8
19197	2010	46	165
19202	2000	10	49
19209	2003	1	6
19213	2004	27	119
1922	2000	0	4
19320	2012	0	202
19333	2010	0	27
19357	2004	20	64
19378	2010	86	41
19442	2005	3	72
19448	2003	40	34
19468	2005	0	0
19495	2007	0	1528
19512	2005	0	0
19533	2007	17	43
19599	2002	0	0
19609	2008	37	44
19612	2012	0	0
1963	2008	13	4
1972	2001	31	72
19724	2005	3	34
19745	2002	0	0
19749	2012	230	318
19760	2008	4833	1271
19779	2005	30	38
19804	2005	31	165
1981	2007	14	41
19853	2004	20	86
19888	2005	3	6
19893	2011	4	0
19897	2007	25	15
19956	2002	26	50
20007	2009	98	138
20016	2009	55	125
20050	2005	5	42
20145	2012	58	79
20163	2007	119	26
20184	2011	52	16
20546	1998	4	9
2057	2000	9	27
20586	2005	86	119
2063	2006	10	37
20633	2012	18	32
20697	2007	61	326
20858	2007	68	104
21038	2004	23	48
21052	2001	53	161
21150	2002	15	0
21231	2010	34	60
21394	2007	0	33
21438	2007	0	0
21587	2011	3	3
21678	2008	69	106
21726	2002	0	6
21783	2006	23	20
21825	2005	11	68
21835	2011	89	9
21979	2002	56	55
22195	2007	37	81
22223	2002	0	0
22230	2002	20	18
22234	2009	62	102
22299	2006	0	58
2236	2009	177	306
2239	2003	15	53
22448	2005	11	20
22486	2007	224	821
22503	2009	28	28
22653	2008	22	74
2266	2012	58	13
22662	2004	51	180
22809	2006	20	524
2288	2005	24	43
23128	2012	54	12
23262	2009	115	164
23560	2001	0	6
24242	2010	76	128
24388	2004	58	41
24486	2003	27	179
24715	2003	7	11
25085	2009	3	3
25116	2012	300	266
25124	2011	57	85
25306	2004	0	33
25882	2012	284	787
25915	2009	11	28
2622	2000	7	0
26247	2010	18	9
26253	2000	15	0
26530	2007	104	251
26630	2004	9	42
26772	2009	478	791
26842	2004	76	72
27227	2004	0	26
