842037	2009	0.2	3.4	0.0	3.0	2	3	3	3	3	3	3	3	3	3	3
8167851	2011	0.3	3.5	0.0	3.0	2	2	3	3	3	3	3	3	3	3	3
12088164	2010	1.7	10.5	0.0	9.0	1	4	7	7	8	9	9	9	9	9	9
23695802	2011	0.0	1.0	0.0	1.0	1	1	1	1	1	1	1	1	1	1	1
72047946	2005	0.3	1.3	0.3	1.5	0	0	0	1	1	1	2	2	2	3	3
125694532	2010	0.2	2.8	0.3	3.5	2	2	2	2	3	4	4	4	4	5	5
134072846	2013	0.0	4.0	0.0	4.0	4	4	4	4	4	4	4	4	4	4	4
241592301	2001	0.0	0.0	0.0	0.0	0	0	0	0	0	0	0	0	0	0	0
259118630	2003	0.0	0.0	3.7	-3.7	0	0	0	0	0	0	0	4	7	11	15
336991397	2008	0.0	1.0	0.4	2.8	1	1	1	1	1	2	3	4	4	4	5
680543339	2002	0.0	0.0	0.0	0.0	0	0	0	0	0	0	0	0	0	0	0
719783363	2007	0.9	4.1	0.2	5.2	0	0	1	3	3	4	5	6	6	6	6
1126371583	2004	0.0	0.0	0.8	-1.2	0	0	0	0	0	0	0	0	1	2	3
1225317958	2005	1.0	4.2	1.5	6.9	0	0	0	2	4	5	9	10	10	13	15
1236973206	2006	0.6	3.0	0.3	1.5	0	0	2	2	2	2	2	2	2	3	3
1342033561	2003	0.0	1.0	0.5	1.9	1	1	1	1	1	1	2	3	4	4	4
1384196968	2014	0.0	2.0	0.0	2.0	2	2	2	2	2	2	2	2	2	2	2
1637265637	2011	1.0	6.4	0.0	6.0	1	3	3	5	5	5	6	6	6	6	6
1770419413	2006	0.0	0.0	1.0	1.0	0	0	0	0	0	0	0	5	5	5	5
1811820982	2001	0.0	0.0	0.7	1.5	0	0	0	0	0	1	2	3	4	4	5
1858722361	2008	0.0	2.0	0.0	2.0	2	2	2	2	2	2	2	2	2	2	2
1880976219	2011	0.8	4.4	0.0	5.0	1	1	1	3	4	4	5	5	5	5	5
1881842846	2009	0.5	3.1	0.2	4.2	1	1	1	2	3	3	4	5	5	5	5
1910347612	2002	0.0	0.0	0.0	1.0	0	0	0	0	0	1	1	1	1	1	1
1945329861	2009	0.6	7.0	0.0	6.0	4	4	6	6	6	6	6	6	6	6	6
1968812139	2004	0.2	0.8	1.4	3.6	0	0	0	0	1	2	4	7	9	9	10
1968948896	2011	0.0	4.0	0.0	4.0	4	4	4	4	4	4	4	4	4	4	4
1972320896	2009	0.0	0.0	2.4	-3.4	0	0	0	0	0	0	0	0	4	6	9
1972562975	2014	0.2	3.8	0.0	4.0	3	3	3	3	4	4	4	4	4	4	4
1975294417	2011	0.2	2.8	0.0	6.0	2	2	2	2	3	6	6	6	6	6	6
1979207691	2002	0.0	0.0	0.0	0.0	0	0	0	0	0	0	0	0	0	0	0
1988031962	2012	0.0	1.0	0.2	3.2	1	1	1	1	1	3	3	4	4	4	4
1993688379	2009	0.0	0.0	0.8	-0.2	0	0	0	0	0	0	1	1	2	3	4
1995952108	2014	0.2	0.8	0.0	5.0	0	0	0	0	1	5	5	5	5	5	5
1999704061	2014	0.3	4.3	0.0	4.0	3	3	3	4	4	4	4	4	4	4	4
2003165644	2013	0.3	2.5	0.0	2.0	1	1	2	2	2	2	2	2	2	2	2
2003632787	2008	0.4	3.2	0.0	3.0	1	2	2	2	3	3	3	3	3	3	3
2004954964	2000	0.0	0.0	0.2	0.6	0	0	0	0	0	0	1	1	1	1	2
2007547991	2002	0.4	1.6	0.3	1.5	0	0	0	0	2	2	2	2	2	3	3
2012674138	2013	0.3	8.5	0.0	8.0	7	7	8	8	8	8	8	8	8	8	8
2016189893	2001	0.0	0.0	0.3	-0.5	0	0	0	0	0	0	0	0	0	1	1
2016451659	2014	1.0	7.4	0.8	13.8	3	3	4	5	7	9	13	17	17	17	17
2017396131	2007	0.0	0.0	0.2	-0.4	0	0	0	0	0	0	0	0	0	0	1
2021996926	2010	1.5	13.9	0.0	15.0	7	7	9	12	12	15	15	15	15	15	15
2025763354	2014	0.0	3.0	0.0	3.0	3	3	3	3	3	3	3	3	3	3	3
2031479677	2010	2.4	31.6	0.4	29.4	18	23	26	27	28	29	29	31	31	31	31
2032104448	2014	0.4	9.8	0.0	9.0	7	9	9	9	9	9	9	9	9	9	9
2036025750	2007	0.0	1.0	0.0	1.0	1	1	1	1	1	1	1	1	1	1	1
2039801083	2013	0.7	2.9	0.7	9.1	0	0	0	1	3	8	9	11	12	12	12
2046677457	2011	0.0	3.0	0.0	3.0	3	3	3	3	3	3	3	3	3	3	3
2047517919	2014	0.0	8.0	0.0	8.0	8	8	8	8	8	8	8	8	8	8	8
2051112775	2011	1.4	9.8	0.6	10.2	3	4	5	8	8	10	11	11	12	13	13
2059994571	2001	0.2	0.8	0.8	2.6	0	0	0	0	1	2	3	4	6	6	6
2071998504	2008	4.0	22.0	2.1	25.5	3	6	8	14	19	24	28	30	31	33	37
2072159334	2009	1.4	6.2	0.0	5.0	0	0	1	4	5	5	5	5	5	5	5
2077703186	2011	0.0	5.0	0.0	5.0	5	5	5	5	5	5	5	5	5	5	5
2081130532	2013	0.5	7.3	0.0	7.0	5	5	6	6	7	7	7	7	7	7	7
2081450660	2007	1.1	5.7	0.5	5.9	0	1	3	4	4	4	6	7	8	8	8
2086581877	2008	0.7	8.5	0.2	9.2	5	6	6	7	8	9	9	10	10	10	10
2086965096	2010	0.2	0.8	0.2	1.2	0	0	0	0	1	1	1	2	2	2	2
2089222651	2009	1.1	9.7	0.0	13.0	4	6	6	7	9	11	13	13	13	13	13
2094052010	2010	0.3	1.3	2.2	-0.6	0	0	0	1	1	1	1	4	7	8	10
2095885832	2008	1.7	10.1	5.3	1.5	2	3	4	8	8	8	8	10	17	25	27
2095892170	2007	1.4	8.2	0.0	7.0	2	2	3	6	7	7	7	7	7	7	7
2095926508	2007	1.3	5.3	1.6	8.4	0	0	0	1	6	10	10	11	14	15	16
2095940946	2008	0.0	0.0	1.1	-1.9	0	0	0	0	0	0	0	0	0	3	4
2095973066	2000	0.2	0.8	0.0	2.0	0	0	0	0	1	2	2	2	2	2	2
2095987900	2011	1.2	6.2	2.9	5.5	1	1	2	3	6	8	9	10	14	19	19
2096042674	2008	0.7	4.1	0.0	4.0	1	1	2	2	4	4	4	4	4	4	4
2096072814	2007	0.0	0.0	0.2	-0.4	0	0	0	0	0	0	0	0	0	0	1
2096130056	2002	0.0	0.0	0.2	0.6	0	0	0	0	0	1	1	1	1	1	2
2096224780	2006	0.9	7.9	1.9	17.9	4	4	5	5	8	13	18	23	25	26	26
2096225661	2012	3.6	21.4	0.5	20.7	4	6	10	16	17	18	21	22	22	23	23
2096236940	2011	0.0	0.0	2.0	-2.8	0	0	0	0	0	0	0	1	2	5	8
2096256243	2009	5.9	46.7	2.8	45.4	17	22	31	35	40	44	47	52	54	58	58
2096264089	2013	0.8	12.2	0.0	11.0	8	9	10	11	11	11	11	11	11	11	11
2096271176	2003	1.6	15.2	2.7	17.5	8	9	9	11	15	18	21	22	25	29	31
2096300312	2007	1.3	5.3	3.5	9.3	0	0	0	1	6	9	13	17	19	22	28
2096321700	2014	2.4	26.0	0.0	26.0	14	16	19	22	23	25	26	26	26	26	26
2096383815	2011	0.2	0.8	0.6	1.4	0	0	0	0	1	2	2	2	4	4	4
2096386199	2007	0.4	1.6	1.4	4.2	0	0	0	0	2	2	4	8	10	10	10
2096504552	2009	0.0	0.0	1.1	-0.1	0	0	0	0	0	0	0	3	4	4	5
2096543976	2015	0.0	7.0	0.0	7.0	7	7	7	7	7	7	7	7	7	7	7
2096593387	2004	0.7	4.1	0.9	7.7	0	2	2	3	3	4	8	10	11	11	12
2096658368	2011	0.0	2.0	0.0	7.0	2	2	2	2	2	4	7	7	7	7	7
2096883221	2005	0.0	0.0	2.2	1.0	0	0	0	0	0	4	4	5	7	9	13
2097059535	2001	0.0	0.0	1.9	-2.3	0	0	0	0	0	1	1	1	2	4	9
2097076567	2013	1.0	8.2	0.0	7.0	3	4	6	6	7	7	7	7	7	7	7
2097093281	2013	3.8	33.8	0.0	35.0	15	18	23	26	30	32	35	35	35	35	35
2097207902	2005	0.0	0.0	1.2	0.6	0	0	0	0	0	0	2	3	4	5	7
2097346130	2010	1.0	5.2	0.3	6.7	1	1	1	3	5	5	7	7	8	8	8
2097470770	2000	0.0	2.0	0.6	2.6	2	2	2	2	2	2	2	5	5	5	5
2097630498	2012	0.5	8.9	0.0	8.0	6	7	8	8	8	8	8	8	8	8	8
2097649935	2011	0.0	0.0	0.7	6.1	0	0	0	0	0	2	6	8	9	9	9
2097784377	2006	0.0	0.0	0.0	0.0	0	0	0	0	0	0	0	0	0	0	0
2098219782	2013	0.7	3.7	0.4	8.4	0	1	2	2	3	8	8	10	10	10	10
2098350942	2001	0.0	0.0	0.0	0.0	0	0	0	0	0	0	0	0	0	0	0
2098491570	2009	0.0	13.0	0.0	13.0	13	13	13	13	13	13	13	13	13	13	13
2098712983	2014	0.0	3.0	0.0	3.0	3	3	3	3	3	3	3	3	3	3	3
2099020214	2007	2.9	14.3	1.0	18.8	0	3	5	8	12	18	20	21	21	23	24
2099033448	2014	0.9	9.5	0.0	9.0	4	7	7	8	8	9	9	9	9	9	9
2099094270	2014	1.6	9.2	0.0	7.0	1	3	4	7	7	7	7	7	7	7	7
2099094960	2008	0.6	2.4	0.0	5.0	0	0	0	0	3	3	5	5	5	5	5
2099250567	2014	0.0	5.0	0.0	5.0	5	5	5	5	5	5	5	5	5	5	5
2099254133	2008	0.3	3.3	0.2	4.2	2	2	2	3	3	4	4	5	5	5	5
2099460795	2006	0.2	3.4	1.3	4.9	2	3	3	3	3	4	5	9	9	10	11
2099480643	2012	0.2	1.8	0.0	3.0	1	1	1	1	2	3	3	3	3	3	3
2099536266	2009	0.2	8.4	0.0	8.0	7	8	8	8	8	8	8	8	8	8	8
2099898379	2013	2.9	16.3	1.0	18.8	2	5	7	10	14	17	19	21	23	23	23
2100051933	2014	0.8	11.8	0.0	12.0	8	9	9	9	12	12	12	12	12	12	12
2100161364	2013	1.2	20.4	0.0	19.0	14	16	17	18	19	19	19	19	19	19	19
2100570559	2005	0.5	3.1	2.8	2.0	1	1	1	2	3	4	6	7	9	13	17
2100858094	2013	0.0	7.0	0.0	8.0	7	7	7	7	7	8	8	8	8	8	8
2101240970	2007	0.8	13.4	2.5	10.1	10	10	10	12	13	13	14	14	16	21	23
2101266726	2003	0.0	0.0	0.0	0.0	0	0	0	0	0	0	0	0	0	0	0
2101308751	2012	0.5	2.1	0.0	4.0	0	0	0	1	2	3	4	4	4	4	4
2101336747	2004	0.0	0.0	6.3	-9.5	0	0	0	0	0	0	0	0	8	15	24
2101476622	2004	0.0	0.0	0.3	-0.3	0	0	0	0	0	0	0	0	1	1	1
2101519778	2000	0.0	0.0	1.2	1.0	0	0	0	0	0	2	3	3	3	7	7
2101658581	2012	1.7	8.7	0.9	8.1	1	1	3	6	7	8	9	9	12	12	12
2101729186	1999	0.0	0.0	0.2	-0.4	0	0	0	0	0	0	0	0	0	0	1
2101740809	2003	0.0	0.0	0.5	-0.9	0	0	0	0	0	0	0	0	0	1	2
2101790054	2006	1.4	11.2	1.1	9.1	4	6	7	8	10	10	10	12	12	13	15
2101867916	2006	0.6	3.8	0.3	2.7	1	1	2	3	3	3	3	3	4	4	4
2101881875	2012	1.2	5.6	0.0	10.0	0	1	1	3	5	7	10	10	10	10	10
2101921658	2014	1.0	5.2	0.8	6.8	0	1	3	3	4	4	6	10	10	10	10
2102037186	2002	0.0	0.0	1.2	-2.2	0	0	0	0	0	0	0	0	0	2	5
2102216805	2010	1.2	15.0	1.3	19.9	9	10	12	12	14	18	21	23	23	26	26
2102243677	2014	1.0	8.6	0.0	10.0	4	5	5	5	9	10	10	10	10	10	10
2102270311	2006	1.3	6.3	2.9	4.9	0	1	2	4	5	5	7	10	16	17	18
2102380888	2002	0.3	1.3	3.6	-4.2	0	0	0	1	1	1	1	3	4	9	16
2102715665	2001	0.2	0.8	2.7	-1.5	0	0	0	0	1	1	2	4	5	9	13
2102960998	2014	1.9	13.5	0.0	10.0	2	7	10	10	10	10	10	10	10	10	10
2103116688	2003	0.9	4.3	0.2	5.2	0	0	2	3	3	4	5	6	6	6	6
2103130315	2011	3.9	20.5	1.1	16.9	2	3	9	14	16	16	17	20	21	21	22
2103274962	2012	2.0	22.0	0.6	25.6	12	14	16	18	20	21	25	28	28	28	28
2103451196	2010	2.3	16.5	1.0	19.6	5	8	9	11	15	18	20	22	23	24	24
2103584406	2009	1.4	8.0	0.9	8.7	1	3	3	5	7	8	9	11	12	12	13
2104117573	2004	0.0	0.0	0.9	-1.1	0	0	0	0	0	0	0	1	1	2	4
2104169870	2012	1.4	12.8	0.5	11.7	5	8	9	10	11	11	12	13	13	14	14
2104259714	2012	0.8	16.2	0.0	16.0	12	13	14	15	15	16	16	16	16	16	16
2104412229	2014	3.0	21.0	0.0	18.0	6	9	12	15	18	18	18	18	18	18	18
2104415777	2004	0.5	2.7	0.5	1.9	0	1	1	2	2	2	2	3	4	4	4
2104423096	2009	3.2	28.8	1.4	26.4	12	15	22	23	24	25	27	30	31	32	33
2104594067	2001	0.0	0.0	0.0	2.0	0	0	0	0	0	1	2	2	2	2	2
2104810978	2003	0.0	0.0	2.2	-3.4	0	0	0	0	0	0	0	0	2	6	8
2104873046	2004	2.9	16.1	1.6	23.2	1	5	8	10	13	15	24	27	29	29	31
2104879825	2014	0.5	2.7	0.0	2.0	0	1	1	2	2	2	2	2	2	2	2
2104908036	2000	0.0	0.0	0.3	-0.5	0	0	0	0	0	0	0	0	0	1	1
2105004084	2007	2.0	10.4	1.3	8.3	0	3	4	7	8	8	9	12	12	13	15
2105015565	2000	0.0	1.0	0.3	0.5	1	1	1	1	1	1	1	1	1	2	2
2105269132	2006	0.8	3.4	0.2	3.6	0	0	0	2	3	4	4	4	4	4	5
2105361934	2011	0.2	5.4	0.6	7.4	4	5	5	5	5	8	8	8	10	10	10
2105591820	2006	0.4	1.6	1.2	2.2	0	0	0	0	2	2	3	5	6	7	8
2105634974	2014	0.2	6.4	0.2	7.2	5	6	6	6	6	6	7	8	8	8	8
2105781040	2000	0.2	0.8	1.6	1.6	0	0	0	0	1	2	4	4	6	8	10
2105823394	2005	0.9	3.9	1.7	4.3	0	0	0	3	3	4	7	7	8	12	13
2105946567	1996	0.2	0.8	0.8	2.2	0	0	0	0	1	1	2	5	5	5	6
2106156992	2013	1.5	6.5	0.2	7.2	0	0	1	3	6	6	7	8	8	8	8
2106228171	2009	2.0	19.0	0.8	22.8	9	11	13	15	17	21	22	26	26	26	26
2106233588	2004	2.9	16.9	0.0	14.0	1	6	10	11	13	13	14	14	14	14	14
2106281576	2012	1.4	12.4	0.3	11.5	6	6	8	10	11	11	12	12	12	13	13
2106340623	2015	0.8	7.8	0.0	8.0	4	4	6	6	7	8	8	8	8	8	8
2106348166	2012	1.2	10.2	1.1	12.9	5	5	6	7	10	11	14	15	16	18	18
2106520669	2002	0.2	7.4	0.5	6.3	6	7	7	7	7	7	7	7	8	8	9
2106659691	2015	1.4	7.8	0.0	6.0	0	3	4	5	6	6	6	6	6	6	6
2106917834	2009	0.9	4.1	1.4	6.4	0	0	1	3	3	8	8	9	10	13	13
2106974805	2012	0.4	7.8	0.2	11.2	5	7	7	7	7	10	11	12	12	12	12
2106980268	2014	0.8	15.2	0.0	16.0	11	12	13	14	14	15	16	16	16	16	16
2106989669	2012	0.5	4.1	0.0	4.0	2	2	2	3	4	4	4	4	4	4	4
2107094063	2008	1.7	8.9	0.3	9.7	1	1	4	6	7	10	10	10	11	11	11
2107184605	2003	0.0	0.0	0.8	-1.4	0	0	0	0	0	0	0	0	0	2	3
2107490671	2010	1.3	5.5	1.5	14.1	0	0	1	1	6	10	16	16	19	21	21
2107521940	2011	4.2	28.4	0.8	32.6	8	11	15	21	24	28	33	34	36	36	36
2107573700	2004	0.5	2.1	1.1	2.9	0	0	0	1	2	3	3	6	7	7	8
2107726642	2004	0.7	4.3	0.0	3.0	0	2	3	3	3	3	3	3	3	3	3
2107803903	2000	0.0	0.0	3.6	-3.6	0	0	0	0	0	0	0	3	8	11	14
2107811228	2001	0.0	0.0	0.3	0.5	0	0	0	0	0	1	1	1	1	2	2
2108034294	2000	0.0	0.0	0.0	0.0	0	0	0	0	0	0	0	0	0	0	0
2108134994	2008	1.4	11.8	1.3	9.7	5	6	7	10	10	11	11	12	14	15	16
2108375291	2009	2.1	16.5	0.0	14.0	6	8	10	13	14	14	14	14	14	14	14
2108499568	2011	1.2	7.6	0.5	8.9	2	3	3	5	7	9	9	10	11	11	11
2108581453	2014	0.0	3.0	0.0	3.0	3	3	3	3	3	3	3	3	3	3	3
2108626641	2012	1.0	4.4	0.0	6.0	0	0	1	2	4	5	6	6	6	6	6
2108691189	2010	1.7	10.5	2.6	14.0	3	3	4	8	9	14	15	19	25	25	25
2108708388	2006	0.0	0.0	0.2	-0.4	0	0	0	0	0	0	0	0	0	0	1
2108896006	2010	0.0	16.0	0.0	16.0	16	16	16	16	16	16	16	16	16	16	16
2109042203	2008	1.4	6.6	0.5	6.1	0	0	3	4	5	5	7	7	7	8	9
2109064762	2008	0.9	4.3	0.0	6.0	0	1	1	2	4	6	6	6	6	6	6
2109099773	2014	4.3	23.7	0.0	21.0	3	5	11	16	19	20	21	21	21	21	21
2109137159	2010	1.5	7.9	1.6	11.0	0	3	3	4	7	9	12	14	17	18	18
2109351857	2014	1.0	29.6	0.0	29.0	24	26	27	28	28	29	29	29	29	29	29
2109376833	2005	0.0	4.0	2.4	8.8	4	4	4	4	4	6	10	14	18	18	20
2109636682	2004	0.0	0.0	0.0	0.0	0	0	0	0	0	0	0	0	0	0	0
2109788877	1997	0.0	0.0	1.8	-2.0	0	0	0	0	0	0	0	2	3	4	8
2109797586	2014	2.5	11.7	0.0	13.0	0	1	3	8	9	10	13	13	13	13	13
2110091597	2013	1.9	28.9	0.2	29.2	19	22	23	25	27	27	29	30	30	30	30
2110349578	2005	2.9	14.9	0.4	12.8	1	2	7	9	12	12	13	14	14	14	15
2110473235	2010	0.5	3.3	0.0	3.0	1	1	2	2	3	3	3	3	3	3	3
2110705915	2010	1.2	12.0	0.0	11.0	6	7	9	9	11	11	11	11	11	11	11
2110707874	2012	0.3	12.5	0.0	17.0	11	11	12	12	12	14	17	17	17	17	17
2110753830	2008	0.9	8.3	0.0	7.0	4	4	6	7	7	7	7	7	7	7	7
2110775846	2015	1.6	15.6	0.0	14.0	7	9	12	13	13	14	14	14	14	14	14
2110797574	2006	0.0	1.0	0.0	1.0	1	1	1	1	1	1	1	1	1	1	1
2110809243	2009	0.8	5.0	0.2	4.2	1	2	2	4	4	4	4	5	5	5	5
2110984307	2013	0.9	5.9	0.3	9.7	2	2	3	3	6	9	10	10	11	11	11
2111175337	2012	0.4	1.6	0.6	5.0	0	0	0	0	2	4	6	6	6	8	8
2111276463	2008	0.0	1.0	0.3	1.7	1	1	1	1	1	2	2	2	3	3	3
2111332042	2010	0.6	2.4	0.8	2.4	0	0	0	0	3	3	3	4	5	6	6
2111405469	2014	1.3	23.3	0.0	22.0	16	19	20	20	22	22	22	22	22	22	22
2111471200	2001	0.6	2.8	2.4	3.2	0	0	1	2	2	3	5	8	11	14	14
2111599228	2011	0.0	12.0	0.7	14.1	12	12	12	12	12	14	14	16	17	17	17
2111754571	2013	1.3	15.9	0.0	15.0	8	12	13	13	14	15	15	15	15	15	15
2111757033	2014	1.6	12.0	0.0	12.0	2	7	9	9	9	11	12	12	12	12	12
2111894757	2009	0.3	1.3	2.0	5.8	0	0	0	1	1	3	8	9	12	15	15
2112004371	2003	0.0	2.0	0.3	7.7	2	2	2	2	2	4	8	8	9	9	9
2112126268	2002	0.0	0.0	0.0	0.0	0	0	0	0	0	0	0	0	0	0	0
2112187811	2007	1.2	8.6	0.0	7.0	3	3	5	7	7	7	7	7	7	7	7
2112273716	2006	0.3	3.3	0.0	3.0	2	2	2	3	3	3	3	3	3	3	3
2112394150	2007	1.7	7.5	1.5	11.9	0	1	1	2	8	9	11	17	18	18	18
2112451192	2008	1.1	5.3	1.2	6.4	0	0	3	3	4	5	8	9	9	11	13
2112621182	2012	0.7	2.9	0.0	3.0	0	0	0	1	3	3	3	3	3	3	3
2112651016	2014	0.0	2.0	0.0	2.0	2	2	2	2	2	2	2	2	2	2	2
2112722258	2009	2.8	12.4	0.7	11.5	0	0	2	8	10	12	12	13	14	14	15
2113043869	2000	0.0	0.0	0.0	0.0	0	0	0	0	0	0	0	0	0	0	0
2113185932	2011	4.0	28.0	0.5	26.9	9	11	15	21	24	27	27	28	29	29	29
2113264552	2014	3.4	20.4	0.0	19.0	4	6	10	14	17	19	19	19	19	19	19
2113277774	2012	0.0	1.0	0.5	3.9	1	1	1	1	1	2	4	5	6	6	6
2113319397	2008	0.0	0.0	0.6	0.0	0	0	0	0	0	0	0	2	2	2	3
2113496154	2010	2.5	22.9	0.9	24.7	10	13	16	18	20	23	25	27	28	28	29
2113542901	2014	0.2	4.4	0.0	4.0	3	4	4	4	4	4	4	4	4	4	4
2113648768	2011	0.9	4.1	0.9	7.1	0	0	1	3	3	4	7	10	10	11	11
2113707818	2010	0.5	2.9	0.3	1.7	0	1	2	2	2	2	2	2	3	3	3
2113871370	2012	0.2	7.4	0.3	7.5	6	7	7	7	7	8	8	8	8	9	9
2113950879	2002	0.0	0.0	0.0	0.0	0	0	0	0	0	0	0	0	0	0	0
2114072197	2011	1.2	18.8	0.0	17.0	11	16	16	16	17	17	17	17	17	17	17
2114173801	2002	0.2	2.4	0.2	3.2	1	2	2	2	2	3	3	4	4	4	4
2114268393	2006	0.0	0.0	0.8	-1.6	0	0	0	0	0	0	0	0	0	0	4
2114317941	2002	0.9	4.3	0.0	3.0	0	0	2	3	3	3	3	3	3	3	3
2114361230	2007	1.0	8.0	0.7	12.1	3	4	5	6	7	10	12	14	15	15	15
2114362624	2014	0.5	11.3	0.0	11.0	9	9	10	10	11	11	11	11	11	11	11
2114795606	2008	0.0	3.0	0.6	3.6	3	3	3	3	3	3	3	6	6	6	6
2114975082	2014	0.9	13.5	0.2	15.2	8	11	11	12	12	15	15	16	16	16	16
2115034244	2012	5.4	25.6	0.9	38.3	2	2	7	12	24	30	38	41	42	42	42
2115039528	2003	2.7	18.5	1.3	21.7	6	7	9	14	16	21	23	24	26	27	28
2115096685	1994	0.0	0.0	0.0	0.0	0	0	0	0	0	0	0	0	0	0	0
2115208004	2013	2.9	26.9	0.2	31.2	13	15	17	22	24	30	31	32	32	32	32
2115440492	2014	0.0	2.0	0.0	2.0	2	2	2	2	2	2	2	2	2	2	2
2115863081	2000	0.0	0.0	0.0	1.0	0	0	0	0	0	0	1	1	1	1	1
2115955933	2013	0.0	10.0	0.0	10.0	10	10	10	10	10	10	10	10	10	10	10
2115979104	2010	0.9	4.3	0.3	2.7	0	0	2	3	3	3	3	3	4	4	4
2116004973	2012	1.0	7.4	0.2	9.2	3	3	4	5	7	9	9	10	10	10	10
2116008615	2011	0.9	9.5	0.7	11.5	5	6	7	7	9	10	12	13	14	14	15
2116119152	2014	1.2	25.6	0.0	25.0	20	21	21	23	25	25	25	25	25	25	25
2116122190	2012	0.6	12.8	0.0	12.0	10	10	11	12	12	12	12	12	12	12	12
2116209495	2005	0.0	0.0	1.5	3.3	0	0	0	0	0	1	5	6	8	9	11
2116375788	2011	2.3	9.5	0.4	15.4	0	0	0	3	10	14	15	17	17	17	17
2116466705	2013	2.4	41.2	1.0	47.8	30	32	33	34	41	43	48	50	52	52	52
2116559141	2008	2.8	35.6	1.6	40.8	22	24	27	30	33	38	42	45	45	47	49
2116873136	2008	0.0	0.0	0.0	0.0	0	0	0	0	0	0	0	0	0	0	0
2117054624	2011	0.0	6.0	0.0	6.0	6	6	6	6	6	6	6	6	6	6	6
2117310676	2005	0.0	0.0	1.3	-2.1	0	0	0	0	0	0	0	0	1	3	5
2117485077	2003	1.1	5.7	6.9	4.3	1	1	2	2	6	10	13	16	24	33	39
2117553164	2011	0.0	0.0	0.6	2.6	0	0	0	0	0	0	2	5	5	5	5
2117568215	2006	0.0	0.0	1.2	-1.4	0	0	0	0	0	0	0	0	3	4	4
2117615860	2012	2.3	20.9	0.0	17.0	7	14	15	17	17	17	17	17	17	17	17
2117626141	2010	0.3	10.3	0.4	11.4	9	9	9	10	10	11	11	13	13	13	13
2117647565	2009	0.3	1.3	0.6	2.4	0	0	0	1	1	3	3	3	5	5	5
2117715968	2006	0.0	0.0	0.5	-0.3	0	0	0	0	0	0	0	1	1	2	2
2117782603	2003	0.0	2.0	1.6	4.6	2	2	2	2	2	4	6	8	10	10	13
2118137145	2000	0.0	2.0	0.0	2.0	2	2	2	2	2	2	2	2	2	2	2
2118214211	2008	0.9	5.1	0.3	7.7	1	1	2	4	4	6	8	8	9	9	9
2118257724	2011	0.6	2.8	0.7	6.1	0	0	1	2	2	3	6	8	9	9	9
2118298011	2000	0.0	0.0	0.0	0.0	0	0	0	0	0	0	0	0	0	0	0
2118299508	2011	0.0	0.0	1.9	3.9	0	0	0	0	0	2	4	9	11	12	12
2118371760	2011	1.3	9.5	0.6	16.6	4	4	4	7	9	11	16	19	19	19	19
2118483151	2005	0.0	1.0	0.5	1.7	1	1	1	1	1	1	2	3	3	4	4
2118779695	2014	0.0	2.0	0.0	2.0	2	2	2	2	2	2	2	2	2	2	2
2119012425	2013	1.1	4.7	0.0	7.0	0	0	0	3	4	6	7	7	7	7	7
2119380415	2003	0.8	5.6	2.4	3.4	2	2	3	4	5	5	5	8	12	14	14
2119394733	2011	0.0	0.0	1.8	5.4	0	0	0	0	0	0	5	11	12	13	13
2119546815	2005	0.2	2.8	2.4	5.0	2	2	2	2	3	4	7	10	13	14	17
2119571818	2011	2.6	20.8	0.2	19.2	5	12	16	16	16	17	19	20	20	20	20
2119748216	2007	1.5	6.3	1.6	11.8	0	0	0	3	6	10	13	16	16	18	20
2119763375	2010	2.8	50.8	0.5	48.3	36	40	43	46	47	48	49	49	50	50	51
2119846317	2014	2.0	17.2	0.0	17.0	7	9	12	13	15	16	17	17	17	17	17
2119972174	2006	1.0	7.4	0.0	6.0	2	4	4	6	6	6	6	6	6	6	6
2120048231	2005	2.4	15.2	1.4	12.2	3	5	9	11	12	14	14	15	16	17	20
2120140305	2004	0.5	6.9	0.2	11.2	4	5	6	6	6	8	11	12	12	12	12
2120162492	2008	0.0	0.0	0.2	-0.4	0	0	0	0	0	0	0	0	0	0	1
2120207348	2014	1.1	15.5	0.0	15.0	10	11	12	14	14	15	15	15	15	15	15
2120317704	2004	1.2	7.6	0.4	13.8	2	2	4	6	6	9	14	15	15	15	16
2120394816	2002	0.0	0.0	2.0	11.6	0	0	0	0	0	7	11	18	19	20	20
2120965470	2010	0.0	5.0	0.0	5.0	5	5	5	5	5	5	5	5	5	5	5
2120971950	2014	0.8	13.0	0.0	12.0	9	10	10	12	12	12	12	12	12	12	12
2120979678	2014	0.0	0.0	0.0	2.0	0	0	0	0	0	1	2	2	2	2	2
2121069363	2000	0.3	1.3	3.6	-3.0	0	0	0	1	1	2	3	4	4	10	18
2121215760	2012	2.1	9.7	0.0	7.0	0	0	3	7	7	7	7	7	7	7	7
2121262826	2014	0.0	4.0	0.0	4.0	4	4	4	4	4	4	4	4	4	4	4
2121376638	2007	0.0	0.0	2.0	4.6	0	0	0	0	0	5	7	9	9	13	15
2121403715	2005	1.7	8.5	2.0	11.8	1	1	3	4	8	10	13	16	19	20	21
2121443691	2011	1.0	27.0	0.7	25.5	22	23	24	25	26	26	26	27	28	28	29
2121523516	2006	0.2	1.8	0.2	3.2	1	1	1	1	2	3	3	4	4	4	4
2121799127	2009	1.7	15.1	0.5	13.9	7	8	10	11	14	14	14	15	16	16	16
2121991166	2003	2.6	13.2	6.2	13.8	0	2	7	8	10	11	17	28	36	38	43
2122010476	2008	0.6	3.0	0.7	2.5	0	0	2	2	2	2	3	4	5	5	6
2122177297	2013	1.5	8.1	0.0	6.0	0	3	3	6	6	6	6	6	6	6	6
2122193271	2013	4.3	26.3	0.2	30.2	6	7	14	18	22	26	30	31	31	31	31
2122210000	2013	1.8	32.4	0.0	29.0	21	27	29	29	29	29	29	29	29	29	29
2122303705	2002	0.0	0.0	0.6	1.6	0	0	0	0	0	0	1	4	4	4	4
2122451041	2003	0.8	11.2	0.4	12.8	7	8	9	10	10	10	13	14	14	14	15
2122576518	2013	1.2	5.6	0.2	7.2	0	1	1	3	5	6	7	8	8	8	8
2122710088	2011	0.4	3.2	1.1	1.3	1	2	2	2	3	3	3	3	4	6	7
2122739653	2014	5.1	40.3	0.0	39.0	12	22	27	31	33	37	39	39	39	39	39
2122751853	2014	1.1	13.3	0.0	16.0	8	8	11	11	12	16	16	16	16	16	16
2122921279	2002	0.0	0.0	0.0	0.0	0	0	0	0	0	0	0	0	0	0	0
2122960772	2013	0.7	2.9	0.3	7.7	0	0	0	1	3	6	8	8	9	9	9
2123182407	2005	0.2	1.4	2.6	-2.8	0	1	1	1	1	1	1	1	4	9	10
2123306026	2012	1.2	8.2	0.2	9.2	3	3	4	5	8	9	9	10	10	10	10
2123485745	2012	0.8	6.2	0.4	11.4	3	3	3	3	7	9	11	13	13	13	13
2123557187	2014	0.3	3.5	0.0	3.0	2	2	3	3	3	3	3	3	3	3	3
2123838230	2003	0.0	0.0	1.4	-2.0	0	0	0	0	0	0	0	0	2	4	5
2123910355	2003	0.0	1.0	1.8	2.8	1	1	1	1	1	2	5	6	8	10	12
2123985438	2014	0.4	3.2	0.0	4.0	1	2	2	2	3	3	4	4	4	4	4
2123995904	2002	0.5	2.7	3.1	-2.1	0	1	1	2	2	2	3	3	5	10	15
2124222436	2011	0.2	0.8	1.2	9.0	0	0	0	0	1	4	9	12	14	14	14
2124225101	2006	1.0	4.2	0.3	4.7	0	0	0	2	4	4	5	5	6	6	6
2124403451	2006	0.0	0.0	4.0	-1.8	0	0	0	0	0	2	3	4	11	16	17
2124457473	2004	2.2	13.8	3.7	12.7	3	4	8	10	11	12	15	21	25	28	30
2124458555	2009	0.0	0.0	1.7	-1.5	0	0	0	0	0	0	0	1	5	6	6
2124468905	2012	2.2	17.8	0.2	14.2	5	10	13	14	14	14	14	15	15	15	15
2124613142	2006	0.6	7.0	0.2	6.2	4	4	6	6	6	6	6	7	7	7	7
2124707982	2013	0.0	3.0	0.0	3.0	3	3	3	3	3	3	3	3	3	3	3
2124841962	2003	0.0	1.0	0.2	3.2	1	1	1	1	1	2	3	4	4	4	4
2124980087	2010	0.8	5.6	0.6	5.4	2	2	3	4	5	6	6	7	7	7	9
2125009864	2007	0.0	4.0	0.0	5.0	4	4	4	4	4	4	5	5	5	5	5
2125050832	2008	0.3	2.5	0.0	2.0	1	1	2	2	2	2	2	2	2	2	2
2125086336	2009	2.5	15.9	0.9	14.5	3	6	9	11	13	13	15	17	17	18	19
2125201152	2013	1.9	17.1	0.3	18.7	7	9	13	14	14	19	19	19	20	20	20
2125492118	2006	0.0	0.0	2.0	-3.6	0	0	0	0	0	0	0	0	0	4	8
2125682841	2003	0.0	0.0	1.4	-0.6	0	0	0	0	0	0	1	2	4	4	7
2125785075	2014	0.2	9.8	0.0	12.0	9	9	9	9	10	11	12	12	12	12	12
2125868245	2007	0.3	1.5	1.5	-0.9	0	0	1	1	1	1	1	2	3	5	7
2125874394	2013	0.0	19.0	0.0	19.0	19	19	19	19	19	19	19	19	19	19	19
2126121460	2000	0.0	0.0	1.8	-2.6	0	0	0	0	0	0	0	0	3	4	7
2126386058	2009	0.0	0.0	1.3	-0.7	0	0	0	0	0	0	0	2	4	5	5
2126664890	2006	3.6	34.0	0.0	30.0	16	19	24	27	30	30	30	30	30	30	30
2126670394	2011	4.0	24.8	0.2	21.2	5	8	13	18	20	21	21	22	22	22	22
2126887540	2004	0.0	0.0	1.0	-0.4	0	0	0	0	0	0	1	1	3	3	5
2126968285	2011	2.3	23.9	0.3	21.7	12	14	19	19	21	21	22	22	23	23	23
2126971597	2012	2.7	14.5	0.2	11.2	1	3	7	10	11	11	11	12	12	12	12
2127181958	2011	0.0	2.0	0.0	2.0	2	2	2	2	2	2	2	2	2	2	2
2127389950	2009	1.1	19.3	2.8	22.6	14	15	16	16	19	21	23	30	33	34	35
2127412708	2010	0.0	0.0	5.6	1.6	0	0	0	0	0	0	3	15	23	25	26
2127628539	2009	2.2	30.4	1.1	33.9	19	22	24	26	28	32	35	36	37	39	39
2127909259	2004	0.2	1.4	0.5	0.1	0	1	1	1	1	1	1	1	1	2	3
2128005576	2012	0.0	17.0	0.0	17.0	17	17	17	17	17	17	17	17	17	17	17
2128273557	2013	2.8	38.2	0.0	34.0	23	27	32	33	34	34	34	34	34	34	34
2128406112	2003	0.3	1.3	0.0	2.0	0	0	0	1	1	2	2	2	2	2	2
2128505437	2005	0.0	0.0	0.0	0.0	0	0	0	0	0	0	0	0	0	0	0
2128579718	2010	0.0	0.0	0.6	2.6	0	0	0	0	0	1	2	5	5	5	5
2128684847	2011	0.2	5.8	0.5	6.7	5	5	5	5	6	6	7	8	8	9	9
2128836615	2005	0.2	2.8	2.3	8.1	2	2	2	2	3	5	10	13	15	18	19
2128961535	2015	0.0	16.0	0.0	16.0	16	16	16	16	16	16	16	16	16	16	16
2128988761	2010	0.0	1.0	1.9	0.1	1	1	1	1	1	1	1	5	6	8	9
2129031682	2014	1.2	9.0	0.0	9.0	4	4	4	6	9	9	9	9	9	9	9
2129036690	2006	0.5	3.1	0.8	2.6	1	1	1	2	3	3	4	4	4	6	7
2129285711	2012	0.3	4.3	0.3	3.7	3	3	3	4	4	4	4	4	5	5	5
2129315804	2015	0.7	5.7	0.0	8.0	2	3	4	4	5	7	8	8	8	8	8
2129418036	1998	0.0	1.0	1.3	-0.5	1	1	1	1	1	1	1	2	3	5	6
2129438427	2009	0.2	3.8	0.0	5.0	3	3	3	3	4	4	5	5	5	5	5
2129452128	2009	1.1	7.9	0.3	6.7	3	3	4	6	7	7	7	7	8	8	8
2129456769	2013	0.0	0.0	0.9	0.3	0	0	0	0	0	0	0	3	4	4	4
2129572409	2009	0.0	0.0	2.6	-3.6	0	0	0	0	0	1	1	1	2	5	12
2129593249	2012	0.7	18.9	0.0	19.0	16	16	16	17	19	19	19	19	19	19	19
2129696040	2009	0.5	3.9	0.0	3.0	1	2	3	3	3	3	3	3	3	3	3
2129707538	2011	5.5	30.3	0.5	23.7	2	8	16	19	24	24	24	25	25	26	26
2129840949	2008	2.5	23.3	0.6	22.4	11	13	16	18	21	22	23	23	25	25	25
2130006258	2011	0.2	1.8	0.0	6.0	1	1	1	1	2	4	6	6	6	6	6
2130233059	2014	1.9	10.7	0.2	11.2	2	2	5	7	9	10	11	12	12	12	12
2130371764	2004	1.2	5.4	1.8	9.8	0	0	2	2	5	11	12	13	15	17	19
2130446888	2009	3.4	22.4	4.2	26.0	5	9	13	15	19	23	29	35	40	43	46
2130533168	2006	0.0	0.0	0.5	0.3	0	0	0	0	0	0	1	1	2	2	3
2130638385	2008	2.4	23.8	0.0	20.0	11	14	18	20	20	20	20	20	20	20	20
2130647009	2005	0.0	0.0	5.1	-5.7	0	0	0	0	0	1	2	2	9	13	22
2130687195	2009	2.9	28.1	0.5	28.7	14	16	19	23	25	26	29	30	30	31	31
2130779389	2010	0.4	2.6	0.9	4.7	1	1	1	1	3	4	5	7	8	8	9
2130877461	2011	1.1	7.9	1.3	7.3	2	3	6	6	6	7	8	10	12	13	13
2130924367	2014	0.7	4.9	0.0	6.0	2	2	2	3	5	6	6	6	6	6	6
2130968869	2002	0.0	0.0	0.0	0.0	0	0	0	0	0	0	0	0	0	0	0
2131075225	2012	0.0	7.0	0.0	7.0	7	7	7	7	7	7	7	7	7	7	7
2131079553	2008	1.6	8.0	0.0	13.0	0	2	3	4	7	11	13	13	13	13	13
2131274496	2012	0.3	5.5	0.0	5.0	4	4	5	5	5	5	5	5	5	5	5
2131378765	2015	0.6	5.6	0.0	6.0	3	3	3	5	5	5	6	6	6	6	6
2131442170	2013	0.8	11.2	0.0	12.0	7	8	9	10	10	11	12	12	12	12	12
2131464134	2011	0.7	3.7	1.2	1.6	0	1	2	2	3	3	3	3	6	7	7
2131688799	2004	0.0	0.0	0.0	1.0	0	0	0	0	0	0	1	1	1	1	1
2131706324	2010	0.2	0.8	1.2	7.8	0	0	0	0	1	2	8	11	12	13	13
2131759505	2013	1.2	6.6	0.0	5.0	1	1	3	5	5	5	5	5	5	5	5
2131857602	2005	4.1	31.5	1.1	36.1	11	16	19	21	29	35	37	38	40	41	41
2132032762	2002	0.0	0.0	0.0	0.0	0	0	0	0	0	0	0	0	0	0	0
2132053256	2009	0.2	6.4	0.2	5.6	5	6	6	6	6	6	6	6	6	6	7
2132056394	2013	1.2	9.0	0.0	12.0	2	5	6	7	7	11	12	12	12	12	12
2132229286	2010	0.0	5.0	0.0	5.0	5	5	5	5	5	5	5	5	5	5	5
2132246969	2014	0.0	4.0	0.0	4.0	4	4	4	4	4	4	4	4	4	4	4
2132371958	2002	0.8	3.4	1.2	3.0	0	0	0	2	3	3	5	5	6	7	10
2132452411	2011	2.4	19.6	0.0	20.0	9	9	11	15	18	20	20	20	20	20	20
2132499049	2014	0.3	24.5	0.0	24.0	23	23	24	24	24	24	24	24	24	24	24
2132852458	2013	2.1	33.3	0.0	37.0	24	25	25	28	33	36	37	37	37	37	37
2132908064	2014	2.6	23.0	0.3	23.7	10	13	14	19	20	24	24	24	25	25	25
2132946446	2000	0.0	0.0	0.2	-0.4	0	0	0	0	0	0	0	0	0	0	1
2132966298	2012	3.3	15.9	0.2	13.2	0	2	5	11	12	12	13	14	14	14	14
2133024693	2011	3.1	17.9	1.6	17.0	3	5	8	12	15	18	19	20	21	24	25
2133263018	2011	5.3	25.7	0.2	27.2	1	2	9	17	20	23	27	28	28	28	28
2133344717	2013	0.8	9.4	0.0	10.0	5	6	8	8	8	10	10	10	10	10	10
2133458302	2010	0.8	24.4	0.0	23.0	20	21	23	23	23	23	23	23	23	23	23
2133738430	2007	0.2	0.8	1.0	4.0	0	0	0	0	1	3	5	6	7	8	9
2133938339	2013	0.5	10.3	0.0	10.0	8	8	9	9	10	10	10	10	10	10	10
2134062735	2010	0.4	2.8	0.0	2.0	0	2	2	2	2	2	2	2	2	2	2
2134359195	2015	1.2	13.6	0.0	12.0	8	8	10	12	12	12	12	12	12	12	12
2134475986	2015	3.2	19.6	0.0	14.0	1	8	13	14	14	14	14	14	14	14	14
2134507548	2003	0.0	0.0	0.0	0.0	0	0	0	0	0	0	0	0	0	0	0
2134593789	2002	0.6	3.0	0.8	3.4	0	0	2	2	2	2	4	5	6	7	7
2134835601	2010	0.0	0.0	0.2	-0.4	0	0	0	0	0	0	0	0	0	0	1
2135098536	1995	0.0	0.0	0.7	-1.3	0	0	0	0	0	0	0	0	0	1	3
2135189109	2006	2.3	18.5	0.2	17.6	7	9	12	14	16	18	18	18	18	18	19
2135471349	2005	0.0	0.0	0.7	-0.7	0	0	0	0	0	0	0	1	1	2	3
2135487126	2004	0.4	3.6	2.8	5.0	2	2	2	2	4	5	8	11	12	17	19
2135920179	2010	0.4	1.6	1.1	2.3	0	0	0	0	2	3	4	4	5	7	8
2135927516	2009	3.2	23.0	0.3	21.7	7	10	13	18	19	20	22	22	23	23	23
2135958607	2008	0.3	1.3	1.4	0.4	0	0	0	1	1	1	1	4	5	6	7
2136036615	2012	0.2	11.4	0.0	11.0	10	11	11	11	11	11	11	11	11	11	11
2136115836	2011	4.2	23.4	1.5	24.3	4	5	11	13	21	24	25	28	29	31	31
2136179193	2013	1.2	13.4	0.0	14.0	7	9	10	11	12	13	14	14	14	14	14
2136266794	2014	0.4	9.8	0.0	10.0	7	9	9	9	9	10	10	10	10	10	10
2136549642	2011	1.3	12.1	0.6	11.6	5	7	9	10	10	11	11	14	14	14	14
2136575268	2010	1.4	13.8	0.8	12.4	7	7	11	11	12	12	13	14	15	16	16
2136696627	2011	2.4	31.0	0.5	27.9	17	23	25	27	27	27	28	29	30	30	30
2136816253	2001	0.0	0.0	1.2	-2.2	0	0	0	0	0	0	0	0	0	2	5
2136933829	2000	0.0	0.0	0.0	0.0	0	0	0	0	0	0	0	0	0	0	0
2136953855	2012	0.3	5.5	0.3	6.7	4	4	5	5	5	5	7	7	8	8	8
2137005904	2011	0.7	2.9	0.9	4.5	0	0	0	1	3	4	5	7	7	8	9
2137165949	2003	0.5	9.1	0.0	11.0	7	7	7	8	9	9	11	11	11	11	11
2137266704	2004	0.8	3.8	5.1	1.5	0	0	2	2	3	3	7	10	19	21	27
2137467464	2009	0.7	3.1	0.4	5.8	0	0	1	1	3	4	6	7	7	7	8
2137543114	2014	2.1	10.5	0.0	9.0	1	2	2	7	9	9	9	9	9	9	9
2137721112	2012	1.4	8.2	0.4	9.4	1	3	4	5	7	7	9	11	11	11	11
2137787012	2011	0.0	2.0	0.0	2.0	2	2	2	2	2	2	2	2	2	2	2
2137872106	2001	0.4	1.6	0.0	2.0	0	0	0	0	2	2	2	2	2	2	2
2137888961	2012	0.5	3.3	0.2	5.2	1	1	2	2	3	3	5	6	6	6	6
2137930062	2006	0.0	0.0	3.6	4.0	0	0	0	0	0	1	7	12	15	18	22
2138250145	2012	2.4	38.0	0.0	37.0	26	29	30	33	36	36	37	37	37	37	37
2138515857	2003	0.0	0.0	1.2	-2.0	0	0	0	0	0	0	0	0	1	2	5
2138623437	2008	0.9	5.3	0.2	7.2	1	1	3	4	4	7	7	8	8	8	8
2138694383	2008	2.5	12.5	0.0	9.0	0	1	7	8	9	9	9	9	9	9	9
2138730132	2006	3.4	27.4	0.0	22.0	10	12	20	22	22	22	22	22	22	22	22
2138774193	2010	0.0	4.0	0.3	4.7	4	4	4	4	4	5	5	5	6	6	6
2138788641	2012	2.9	35.1	1.1	31.1	19	25	27	30	31	31	32	33	35	36	36
2138812682	2002	0.0	0.0	1.7	-1.9	0	0	0	0	0	0	0	1	3	6	6
2138942620	2006	0.2	4.8	0.8	7.6	4	4	4	4	5	6	8	9	11	11	11
2139359872	2004	2.0	14.0	0.3	12.5	4	6	8	10	12	13	13	13	13	14	14
2139383353	2002	0.0	0.0	0.0	1.0	0	0	0	0	0	0	1	1	1	1	1
2139563917	2011	2.4	17.8	0.7	22.5	6	8	11	12	16	18	23	24	25	25	26
2140139299	2014	0.5	5.7	0.0	5.0	3	4	4	5	5	5	5	5	5	5	5
2140142482	2014	0.3	11.5	0.0	11.0	10	10	11	11	11	11	11	11	11	11	11
2140193922	2013	1.4	22.4	0.0	23.0	16	16	18	20	21	21	23	23	23	23	23
2140246466	2014	1.7	25.5	0.2	28.2	17	19	20	22	24	26	28	29	29	29	29
2140299053	2011	1.6	7.0	2.1	4.7	0	0	1	4	6	6	6	9	12	14	14
2140415916	2006	1.4	7.0	1.1	9.1	1	1	1	5	6	8	10	11	13	14	14
2140420991	2000	0.0	1.0	0.5	2.3	1	1	1	1	1	2	3	3	4	4	5
2140835453	2002	0.0	0.0	0.3	-0.5	0	0	0	0	0	0	0	0	0	1	1
2141043845	2013	1.2	9.2	0.4	10.4	3	5	5	7	8	9	10	12	12	12	12
2141044430	2014	1.6	15.2	0.0	13.0	7	9	10	13	13	13	13	13	13	13	13
2141239370	2011	1.8	15.2	0.0	12.0	4	10	11	12	12	12	12	12	12	12	12
2141240247	2014	5.5	57.5	0.0	51.0	28	36	43	49	49	49	51	51	51	51	51
2141557542	2006	0.4	2.6	1.8	5.8	1	1	1	1	3	7	8	8	12	14	14
2141591688	2006	0.0	0.0	0.6	-0.6	0	0	0	0	0	0	0	0	2	2	2
2141739943	2008	0.2	0.8	6.3	-3.5	0	0	0	0	1	1	1	10	17	23	26
2141859088	2006	3.0	15.2	0.2	14.2	2	2	4	10	13	14	14	15	15	15	15
2141917321	2001	0.0	0.0	0.0	0.0	0	0	0	0	0	0	0	0	0	0	0
2141922035	2012	0.8	4.0	0.6	2.4	0	1	1	3	3	3	3	3	5	5	5
2141954396	2010	0.2	3.4	0.0	3.0	2	3	3	3	3	3	3	3	3	3	3
2142144324	2011	2.3	25.9	0.3	22.5	13	17	21	22	22	23	23	23	23	24	24
2142236357	2014	0.5	2.1	0.0	4.0	0	0	0	1	2	4	4	4	4	4	4
2142251200	2001	0.0	0.0	0.0	0.0	0	0	0	0	0	0	0	0	0	0	0
2142476884	2004	2.4	20.4	1.5	15.7	8	10	15	16	17	17	17	19	20	22	23
2142477919	2010	5.2	34.0	1.3	37.1	8	12	20	24	28	33	37	41	42	42	43
2142521509	2004	0.2	0.8	0.0	3.0	0	0	0	0	1	2	3	3	3	3	3
2142528260	2007	0.0	0.0	1.0	-0.2	0	0	0	0	0	0	1	2	2	4	5
2142540666	2008	4.9	33.5	0.3	30.5	10	13	18	24	29	30	31	31	31	32	32
2142600833	2010	4.7	42.9	0.8	41.6	17	27	30	32	38	40	42	43	45	45	45
2142603089	2003	0.5	3.9	0.6	1.8	1	2	3	3	3	3	3	3	3	3	6
2142606130	2009	0.0	0.0	1.9	-3.1	0	0	0	0	0	0	0	0	1	5	7
2142834820	2007	0.9	12.7	0.5	11.9	7	10	11	11	11	11	12	13	14	14	14
2143249676	2007	1.7	9.1	2.3	11.9	1	2	4	5	8	10	13	18	19	21	23
2143414206	2009	3.7	18.3	0.2	15.2	1	2	6	13	14	15	15	16	16	16	16
2143517294	2006	0.0	0.0	1.8	-1.0	0	0	0	0	0	1	1	3	4	5	9
2143560452	2012	1.2	5.8	0.0	6.0	0	0	3	4	4	5	6	6	6	6	6
2143737760	2001	0.0	0.0	0.3	-0.5	0	0	0	0	0	0	0	0	0	1	1
2143804335	2014	2.8	25.6	0.0	21.0	9	16	20	20	21	21	21	21	21	21	21
2143875236	2012	0.3	7.3	0.0	7.0	6	6	6	7	7	7	7	7	7	7	7
2143875278	2008	2.2	16.2	0.0	13.0	4	8	11	12	13	13	13	13	13	13	13
2144161069	2006	0.0	0.0	2.7	-3.1	0	0	0	0	0	0	1	2	3	7	12
2144244693	2010	1.2	12.6	0.0	13.0	6	8	10	10	11	11	13	13	13	13	13
2144399546	2015	0.0	4.0	0.0	4.0	4	4	4	4	4	4	4	4	4	4	4
2144806485	2010	1.6	9.0	0.0	7.0	1	2	5	6	7	7	7	7	7	7	7
2144857100	2011	0.0	0.0	1.4	-2.2	0	0	0	0	0	0	0	0	1	4	5
2144967616	2004	1.8	8.6	0.3	10.7	0	1	3	5	7	10	11	11	12	12	12
2144983540	2011	0.0	0.0	1.1	0.1	0	0	0	0	0	0	1	3	3	4	6
2145303506	2008	1.9	15.9	0.0	13.0	6	8	11	13	13	13	13	13	13	13	13
2145588887	2012	0.6	12.4	0.5	12.7	10	10	10	10	13	13	13	14	14	15	15
2145699650	2012	2.0	12.0	0.0	10.0	2	4	6	8	10	10	10	10	10	10	10
2145801676	2003	0.0	0.0	1.3	-2.1	0	0	0	0	0	0	0	0	1	3	5
2145801772	2010	0.3	2.5	2.5	-1.7	1	1	2	2	2	2	2	2	5	9	11
2145805884	2006	0.0	0.0	0.7	2.9	0	0	0	0	0	2	4	4	5	5	7
2146048256	2007	1.3	13.9	4.7	14.9	6	10	11	11	12	17	19	24	31	33	38
2146306046	2014	0.6	5.0	0.0	5.0	2	2	4	4	4	5	5	5	5	5	5
2146436343	2003	0.0	0.0	3.1	-2.9	0	0	0	0	0	0	0	4	6	9	13
2147008306	2009	0.0	0.0	0.7	-0.3	0	0	0	0	0	0	1	1	1	2	4
2147119203	2014	0.2	5.4	0.0	7.0	4	5	5	5	5	7	7	7	7	7	7
2147182381	2013	0.0	0.0	0.0	1.0	0	0	0	0	0	0	1	1	1	1	1
2147468748	2005	1.2	5.8	3.0	7.8	0	0	3	4	4	6	9	15	18	21	21
2147469531	2004	0.7	6.1	0.0	5.0	2	4	4	5	5	5	5	5	5	5	5
2147480086	2013	1.2	9.0	0.0	9.0	3	4	6	6	8	9	9	9	9	9	9
2147533149	2011	0.4	34.6	0.5	36.9	33	33	33	33	35	37	37	38	39	39	39
2147835917	2010	0.0	0.0	0.5	-0.9	0	0	0	0	0	0	0	0	0	1	2
2147856635	2005	1.4	8.8	1.2	6.6	2	3	4	7	7	8	8	8	11	12	12
2147887109	2013	1.2	5.0	0.0	7.0	0	0	0	2	5	6	7	7	7	7	7
2148219056	2001	0.0	0.0	0.2	0.6	0	0	0	0	0	0	1	1	1	1	2
2148252713	2013	0.7	9.9	0.0	10.0	7	7	7	8	10	10	10	10	10	10	10
2148269573	2012	0.0	0.0	0.8	2.6	0	0	0	0	0	1	3	4	6	6	6
2148571677	2010	0.6	3.0	0.5	2.9	0	0	2	2	2	2	3	4	5	5	5
2148692915	2009	1.9	16.1	0.3	16.5	6	9	11	12	14	14	17	17	17	18	18
2148887477	2003	0.8	6.8	1.3	6.5	3	4	4	4	7	8	8	9	10	12	13
2149179121	2005	0.0	6.0	0.0	6.0	6	6	6	6	6	6	6	6	6	6	6
2149466897	2013	0.8	3.8	0.0	7.0	0	0	2	2	3	5	7	7	7	7	7
2149890508	2005	0.2	1.4	0.0	1.0	0	1	1	1	1	1	1	1	1	1	1
2149967164	2003	0.3	1.3	1.9	-0.5	0	0	0	1	1	2	3	3	3	6	11
2150041333	2015	0.7	17.7	0.0	17.0	14	15	16	16	17	17	17	17	17	17	17
2150143441	2007	3.9	22.5	0.6	21.0	1	8	13	15	17	18	21	23	23	23	24
2150238559	2006	0.3	1.3	0.6	0.2	0	0	0	1	1	1	1	1	2	3	3
2150321504	2011	0.3	12.5	0.0	12.0	11	11	12	12	12	12	12	12	12	12	12
2150413527	2013	3.0	17.6	0.3	13.7	2	6	9	12	14	14	14	14	15	15	15
2150448886	2007	1.2	26.2	0.0	24.0	19	22	24	24	24	24	24	24	24	24	24
2150645749	2005	3.9	23.5	1.0	25.2	5	7	11	16	20	23	26	27	29	29	30
2150662063	2008	2.0	16.0	0.4	20.8	6	8	10	12	14	17	21	22	22	22	23
2150814619	2004	0.4	1.6	0.5	3.7	0	0	0	0	2	3	4	5	5	6	6
2150822877	2007	0.0	0.0	2.1	-1.1	0	0	0	0	0	0	2	2	5	7	10
2150860615	2003	2.9	13.1	2.2	18.0	0	0	4	7	11	15	19	23	26	27	28
2150962668	2002	0.0	0.0	1.3	0.7	0	0	0	0	0	0	0	5	6	6	6
2151071109	2010	0.0	5.0	0.0	5.0	5	5	5	5	5	5	5	5	5	5	5
2151084988	2005	0.0	2.0	0.6	3.6	2	2	2	2	2	2	3	6	6	6	6
2151090628	2014	2.6	12.0	0.2	17.2	0	1	3	7	10	15	17	18	18	18	18
2151111624	2009	1.6	10.4	0.0	8.0	2	4	6	8	8	8	8	8	8	8	8
2151150107	2011	1.9	15.1	0.9	18.1	5	8	10	11	13	14	18	21	21	22	22
2151338004	2010	0.0	0.0	0.2	4.2	0	0	0	0	0	3	4	5	5	5	5
2151411149	2013	2.9	19.5	0.0	16.0	3	9	13	14	15	15	16	16	16	16	16
2151467832	2005	0.0	4.0	0.0	4.0	4	4	4	4	4	4	4	4	4	4	4
2151497270	2002	0.4	2.8	0.0	4.0	0	2	2	2	2	2	4	4	4	4	4
2151841224	2007	0.8	5.8	0.5	6.3	2	3	3	3	6	7	7	7	8	8	9
2151882070	2011	0.0	0.0	0.5	3.3	0	0	0	0	0	3	4	4	5	5	6
2152129726	2014	4.2	64.8	0.2	59.2	43	47	55	57	59	59	59	60	60	60	60
2152263836	2010	1.2	4.8	0.5	16.7	0	0	0	0	6	14	17	18	18	19	19
2152742497	2009	0.0	0.0	2.2	-0.4	0	0	0	0	0	0	0	5	8	9	9
2152746768	2009	1.7	13.7	3.2	23.4	6	7	8	8	14	20	26	30	34	36	39
2152759239	2002	0.0	0.0	1.3	0.5	0	0	0	0	0	0	1	4	5	5	7
2152922038	2003	0.0	0.0	0.6	3.6	0	0	0	0	0	1	3	6	6	6	6
2152986995	2003	1.9	9.3	1.5	6.5	0	2	3	5	8	9	9	9	10	12	15
2153093055	2005	0.2	1.4	2.0	-2.4	0	1	1	1	1	1	1	2	2	2	11
2153333472	2005	0.6	3.0	0.8	0.4	0	0	2	2	2	2	2	2	2	2	6
2153403073	2015	1.2	9.0	0.0	9.0	3	4	6	6	8	9	9	9	9	9	9
2153464239	2011	3.1	16.3	0.0	16.0	2	2	7	11	13	16	16	16	16	16	16
2153729420	2003	0.0	1.0	3.4	-3.6	1	1	1	1	1	1	1	1	7	11	13
2154038270	2014	0.9	14.5	0.0	13.0	9	12	12	13	13	13	13	13	13	13	13
2154120132	2001	0.0	0.0	1.3	-2.1	0	0	0	0	0	0	0	0	1	3	5
2154147473	2006	3.8	18.2	1.4	20.0	0	2	6	12	14	16	21	23	25	25	27
2154367007	2002	0.9	3.9	0.5	2.3	0	0	0	3	3	3	3	3	4	4	5
2154459738	2015	0.0	27.0	0.0	27.0	27	27	27	27	27	27	27	27	27	27	27
2154473071	2010	1.6	10.6	0.0	11.0	3	4	6	6	10	11	11	11	11	11	11
2154538814	2008	7.5	55.1	1.3	57.5	19	26	29	39	50	54	58	60	63	63	63
2154642950	2011	0.2	7.4	0.0	7.0	6	7	7	7	7	7	7	7	7	7	7
2154690304	2004	2.0	16.0	0.0	21.0	5	8	12	12	13	21	21	21	21	21	21
2154701305	2013	1.7	23.9	0.0	22.0	16	16	19	21	22	22	22	22	22	22	22
2154799673	2002	0.0	0.0	0.0	0.0	0	0	0	0	0	0	0	0	0	0	0
2154845982	2008	0.0	0.0	0.0	0.0	0	0	0	0	0	0	0	0	0	0	0
2154940096	2012	2.1	17.5	0.0	16.0	5	11	12	14	14	16	16	16	16	16	16
2154970772	2014	1.1	26.5	0.0	25.0	21	22	23	25	25	25	25	25	25	25	25
2155024381	2014	0.0	3.0	0.0	3.0	3	3	3	3	3	3	3	3	3	3	3
2155053817	2010	3.3	24.5	3.2	30.8	7	13	14	18	21	26	33	38	41	44	46
2155077995	2012	0.2	1.4	2.0	0.8	0	1	1	1	1	1	3	4	7	10	10
2155203226	2009	4.2	22.4	1.0	18.2	3	5	7	15	19	19	19	20	22	22	23
2155241416	2009	1.9	11.3	0.0	13.0	1	4	7	7	9	11	13	13	13	13	13
2155410336	2006	0.2	0.8	2.9	1.1	0	0	0	0	1	1	5	6	9	13	16
2155500052	2012	0.0	10.0	0.2	10.2	10	10	10	10	10	10	10	11	11	11	11
2155508843	2005	0.0	0.0	0.3	0.7	0	0	0	0	0	1	1	1	2	2	2
2155560721	2013	0.3	4.5	0.0	4.0	3	3	4	4	4	4	4	4	4	4	4
2155752892	2007	0.6	2.4	0.9	6.9	0	0	0	0	3	5	8	9	9	10	12
2156048252	2010	1.1	10.5	0.0	9.0	4	7	8	8	9	9	9	9	9	9	9
2156057592	2013	0.3	5.3	0.0	5.0	4	4	4	5	5	5	5	5	5	5	5
2156061973	2009	0.0	0.0	0.7	-1.3	0	0	0	0	0	0	0	0	0	1	3
2156070389	2008	2.9	33.3	0.3	29.7	18	22	26	27	30	30	30	30	31	31	31
2156395590	2015	0.2	10.4	0.0	11.0	9	10	10	10	10	11	11	11	11	11	11
2156431734	2009	3.2	18.2	3.1	11.7	3	4	9	12	15	15	15	18	21	23	28
2156498571	2008	2.6	25.2	0.6	24.2	13	14	17	20	23	24	25	25	26	27	27
2156872840	2008	1.3	6.3	0.5	8.3	1	1	1	2	7	8	9	9	10	10	11
2157101960	2006	0.4	4.8	0.0	4.0	2	4	4	4	4	4	4	4	4	4	4
2157204938	2012	0.0	15.0	0.0	15.0	15	15	15	15	15	15	15	15	15	15	15
2157213243	2011	0.0	0.0	1.5	4.9	0	0	0	0	0	0	4	10	11	11	11
2157274563	2011	2.0	13.0	2.4	14.0	3	5	7	9	11	15	16	19	21	25	25
2157655962	2005	0.2	0.8	0.4	11.8	0	0	0	0	1	9	12	13	13	13	14
2157899901	2011	3.7	15.3	0.0	34.0	0	0	0	5	16	27	34	34	34	34	34
2157960410	2000	0.7	3.1	0.6	4.4	0	0	1	1	3	3	5	6	6	6	8
2158149647	2002	0.5	2.1	3.1	-0.3	0	0	0	1	2	2	4	6	7	11	17
2158255297	2011	1.0	8.4	0.3	7.7	2	6	6	6	7	7	8	8	9	9	9
2158260898	2012	1.1	5.7	0.0	5.0	0	2	2	3	5	5	5	5	5	5	5
2158269646	2014	0.0	7.0	0.0	7.0	7	7	7	7	7	7	7	7	7	7	7
2158302723	2014	1.0	8.8	0.0	8.0	4	5	5	7	8	8	8	8	8	8	8
2158637162	2011	1.8	8.2	1.4	10.0	0	1	1	5	7	12	12	12	14	16	17
2158768696	2011	0.4	7.8	1.0	8.2	5	7	7	7	7	8	9	10	12	12	13
2158783344	2012	0.0	2.0	0.0	2.0	2	2	2	2	2	2	2	2	2	2	2
2159011737	2004	0.0	0.0	4.1	-5.899999999999999	0	0	0	0	0	0	0	1	5	10	16
2159206680	2014	1.8	7.6	0.4	9.4	0	0	0	4	7	9	9	11	11	11	11
2159209699	2014	1.2	9.4	0.2	8.2	3	5	6	7	8	8	8	9	9	9	9
2159641247	2001	0.0	0.0	1.0	-1.0	0	0	0	0	0	0	0	1	2	3	4
2160041688	2007	1.5	6.5	1.4	7.6	0	0	1	3	6	6	8	11	13	13	14
2160530418	2003	0.3	1.5	0.2	2.2	0	0	1	1	1	2	2	3	3	3	3
2160587199	2005	0.0	0.0	0.8	-1.4	0	0	0	0	0	0	0	0	0	2	3
2160785160	2010	1.9	16.3	1.4	15.8	7	8	11	13	14	14	18	18	19	22	23
2160966931	2009	2.6	15.0	1.2	17.8	3	3	7	11	12	14	18	21	22	23	23
2161096072	2010	1.5	8.7	0.6	12.6	2	3	3	4	9	11	12	15	15	15	15
2161122016	2004	0.6	4.0	4.5	3.5	1	2	2	2	4	5	6	13	20	22	24
2161281631	2008	0.6	3.6	0.0	3.0	0	2	2	2	3	3	3	3	3	3	3
2161282059	2004	1.6	9.0	1.5	6.1	1	2	5	6	7	7	8	9	10	12	14
2161289470	2011	0.8	4.4	0.5	6.9	1	1	1	3	4	6	7	8	9	9	9
2161294656	2012	1.4	8.2	0.4	9.4	1	3	4	5	7	7	9	11	11	11	11
2161344787	2004	0.6	2.4	1.2	4.0	0	0	0	0	3	3	4	7	9	9	9
2161348131	2011	0.0	1.0	0.2	1.6	1	1	1	1	1	2	2	2	2	2	3
2161364670	2009	0.6	2.4	1.3	4.5	0	0	0	0	3	3	5	7	10	10	10
2161572675	2002	4.0	20.2	2.7	17.5	1	3	8	13	16	19	20	22	27	29	30
2161630513	2012	0.3	6.3	0.0	6.0	5	5	5	6	6	6	6	6	6	6	6
2161639598	2009	0.0	7.0	0.0	7.0	7	7	7	7	7	7	7	7	7	7	7
2161735462	2000	0.0	0.0	0.0	0.0	0	0	0	0	0	0	0	0	0	0	0
2161752117	2013	3.0	27.8	0.2	26.2	13	15	19	23	24	26	26	27	27	27	27
2162116654	2010	0.0	1.0	1.2	0.4	1	1	1	1	1	2	2	2	4	6	6
2162608454	2003	0.0	0.0	0.0	0.0	0	0	0	0	0	0	0	0	0	0	0
2162670899	2009	1.9	12.7	0.8	13.0	4	5	5	10	11	12	14	14	16	16	17
2162991425	2013	0.0	6.0	0.0	6.0	6	6	6	6	6	6	6	6	6	6	6
2163116786	2014	1.2	8.8	0.4	9.4	3	4	5	6	8	8	9	11	11	11	11
2163230821	2013	0.3	6.5	0.0	6.0	5	5	6	6	6	6	6	6	6	6	6
2163258159	2007	0.0	0.0	0.0	0.0	0	0	0	0	0	0	0	0	0	0	0
2163554368	2012	3.3	18.9	0.2	20.2	2	5	11	12	15	19	20	21	21	21	21
2163564647	2014	0.8	3.2	0.2	8.2	0	0	0	0	4	7	8	9	9	9	9
2163570495	2012	0.4	5.2	0.0	6.0	3	4	4	4	5	5	6	6	6	6	6
2163809637	2013	0.2	4.4	0.0	4.0	3	4	4	4	4	4	4	4	4	4	4
2163876039	2007	0.8	10.4	0.4	9.4	6	7	9	9	9	9	9	11	11	11	11
2163948149	2008	0.0	0.0	0.2	4.2	0	0	0	0	0	0	4	5	5	5	5
2164096993	2008	0.8	3.4	0.9	1.9	0	0	0	2	3	3	3	4	4	5	7
2164157085	2007	0.3	1.5	1.5	4.3	0	0	1	1	1	5	6	7	9	10	12
2164306456	2007	0.9	4.7	1.7	8.9	1	1	1	2	5	7	11	11	15	16	17
2164380808	2006	0.2	0.8	2.2	-3.2	0	0	0	0	1	1	1	1	1	3	11
2164782366	2001	0.0	0.0	1.0	2.8	0	0	0	0	0	1	4	5	5	7	8
2164864761	2013	0.3	3.3	0.0	3.0	2	2	2	3	3	3	3	3	3	3	3
2164946101	2012	0.2	8.4	0.0	8.0	7	8	8	8	8	8	8	8	8	8	8
2165039334	2011	1.4	9.0	0.5	7.9	2	4	4	6	8	8	8	9	10	10	10
2165112351	2009	2.8	29.8	0.4	29.4	14	20	23	24	26	29	29	31	31	31	31
2165118231	2010	0.0	1.0	1.6	1.2	1	1	1	1	1	1	2	4	8	8	8
2165129454	2012	2.1	20.9	0.3	19.7	11	12	14	17	19	19	20	20	21	21	21
2165182151	2004	0.6	2.8	1.2	-0.4	0	0	1	2	2	2	2	2	2	2	8
2165290838	2013	0.9	25.5	0.2	24.2	20	23	23	24	24	24	24	25	25	25	25
2165347178	2009	0.2	1.8	0.0	2.0	1	1	1	1	2	2	2	2	2	2	2
2165440259	2003	0.0	4.0	0.3	3.5	4	4	4	4	4	4	4	4	4	5	5
2165487645	2014	0.5	5.1	0.0	6.0	3	3	3	4	5	6	6	6	6	6	6
2165522783	2006	1.9	8.5	7.1	15.7	0	0	2	5	7	16	23	31	36	42	53
2165632109	2010	0.4	2.6	1.7	6.9	1	1	1	1	3	7	8	11	12	14	15
2165913566	2008	1.6	6.8	1.0	7.0	0	0	0	4	6	7	8	9	10	11	12
2166072646	2010	0.0	4.0	0.7	3.7	4	4	4	4	4	4	5	5	5	6	8
2166101634	2008	0.9	4.5	0.9	6.9	0	0	3	3	3	6	8	8	10	11	11
2166293065	2002	0.0	1.0	0.0	1.0	1	1	1	1	1	1	1	1	1	1	1
2166524114	2010	1.0	4.4	2.2	13.8	0	0	1	2	4	9	15	19	21	23	24
2167043544	2013	0.7	8.1	0.0	11.0	5	5	6	6	8	9	11	11	11	11	11
2167170244	2007	0.0	2.0	3.2	-0.6	2	2	2	2	2	3	4	5	8	11	17
2167316255	2009	2.3	14.7	1.4	9.4	2	6	9	11	11	11	11	12	13	16	16
2167322902	2014	1.6	24.2	0.0	22.0	16	17	21	21	22	22	22	22	22	22	22
2167387482	2009	3.8	24.2	1.2	22.2	4	10	13	18	19	22	23	25	26	27	28
2167430128	2014	0.7	4.7	0.0	6.0	1	2	3	3	4	6	6	6	6	6	6
2167432162	2009	2.3	12.3	0.9	11.5	1	3	5	8	10	12	12	14	14	15	16
2167716309	2012	1.4	5.6	0.2	10.2	0	0	0	0	7	10	10	11	11	11	11
2167758628	2009	3.3	27.7	0.4	30.4	12	13	18	22	24	28	30	32	32	32	32
2167901638	2006	1.0	4.2	1.2	5.0	0	0	0	2	4	6	6	8	8	10	11
2167911662	2011	1.3	12.3	0.4	11.8	5	7	10	10	10	12	12	13	13	13	14
2167922976	2013	1.1	7.7	0.2	8.2	2	3	5	6	6	8	8	9	9	9	9
2167941445	2013	1.7	31.3	0.0	31.0	22	25	27	28	29	31	31	31	31	31	31
2167979857	2003	0.0	0.0	0.8	-0.6	0	0	0	0	0	0	0	1	2	3	3
2168088888	2013	0.0	2.0	0.3	2.7	2	2	2	2	2	3	3	3	4	4	4
2168143308	2011	1.1	9.9	0.6	11.0	5	5	6	8	9	11	12	12	12	14	14
2168145360	2003	0.5	3.1	3.2	4.8	1	1	1	2	3	5	8	11	15	17	21
2168149035	2007	0.0	1.0	0.5	1.9	1	1	1	1	1	1	2	3	4	4	4
2168473544	2006	1.7	9.3	0.4	9.4	0	4	4	5	8	9	9	11	11	11	11
2168636615	2005	0.5	2.9	1.0	0.2	0	1	2	2	2	2	2	2	2	4	6
2168703332	2010	1.3	9.9	1.7	11.9	2	6	7	7	8	9	13	16	17	19	20
2168740874	2014	1.9	17.3	0.2	21.2	8	10	11	13	16	16	21	22	22	22	22
2168776308	2013	3.6	24.6	0.0	20.0	4	12	16	18	19	20	20	20	20	20	20
2169184086	2013	0.3	11.3	1.1	11.1	10	10	10	11	11	11	12	13	15	16	16
2169327097	2006	1.1	4.5	1.6	13.8	0	0	0	1	5	10	14	18	20	20	21
2169354526	2013	0.6	10.0	0.0	11.0	7	7	9	9	9	10	11	11	11	11	11
2169407879	2002	0.2	0.8	1.5	1.3	0	0	0	0	1	3	3	4	6	7	9
2169565136	2004	0.0	0.0	1.5	-1.5	0	0	0	0	0	0	1	1	2	4	7
2169646040	2002	0.0	0.0	0.3	-0.3	0	0	0	0	0	0	0	0	1	1	1
2169652390	2004	0.8	3.6	1.3	3.1	0	0	1	2	3	4	5	5	7	8	10
2169749833	2007	0.0	0.0	0.9	-1.7	0	0	0	0	0	0	0	0	0	1	4
2169842180	2011	0.0	3.0	0.0	3.0	3	3	3	3	3	3	3	3	3	3	3
2169899449	2002	0.0	0.0	0.9	1.5	0	0	0	0	0	0	2	4	4	5	6
2170033343	2001	0.0	0.0	0.5	0.7	0	0	0	0	0	0	1	2	2	3	3
2170085096	2007	0.9	8.7	0.7	9.5	3	6	7	7	7	9	10	11	12	12	13
2170530196	2013	1.8	10.6	0.2	13.2	2	3	5	7	9	12	13	14	14	14	14
2170547846	2014	0.2	1.4	0.2	2.2	0	1	1	1	1	1	2	3	3	3	3
2170606828	2009	0.5	2.1	0.2	3.2	0	0	0	1	2	2	3	4	4	4	4
2170746678	2003	0.3	1.3	2.5	1.5	0	0	0	1	1	2	3	7	10	12	13
2170764363	2000	0.0	0.0	0.6	0.4	0	0	0	0	0	1	1	1	3	3	3
2170981137	2011	0.4	2.2	0.5	2.7	0	1	1	1	2	2	3	4	4	5	5
2171054309	2002	1.6	9.6	0.8	7.2	2	3	4	7	8	8	8	9	9	11	11
2171200862	2003	0.0	0.0	0.0	0.0	0	0	0	0	0	0	0	0	0	0	0
2171204101	2012	3.5	33.1	0.7	30.9	16	18	23	27	29	31	31	33	33	34	34
2171373538	2012	0.0	0.0	1.1	-0.7	0	0	0	0	0	0	0	1	4	4	4
2171646946	2009	5.1	34.5	3.4	43.2	11	13	17	24	31	39	45	50	56	58	58
2171745429	2010	0.0	0.0	0.0	1.0	0	0	0	0	0	0	1	1	1	1	1
2171793099	2006	0.0	0.0	0.2	-0.4	0	0	0	0	0	0	0	0	0	0	1
2171955601	2000	0.2	0.8	5.3	-2.9	0	0	0	0	1	5	5	7	10	16	27
2172282589	2011	0.0	2.0	0.0	2.0	2	2	2	2	2	2	2	2	2	2	2
2174116335	2001	0.3	1.3	1.7	-0.3	0	0	0	1	1	1	2	3	3	8	8
2176810612	2006	0.6	4.0	1.0	3.4	1	1	3	3	3	3	3	7	7	7	8
2177245446	2005	0.0	0.0	0.3	-0.3	0	0	0	0	0	0	0	0	1	1	1
2177855532	2012	0.0	6.0	0.4	7.4	6	6	6	6	6	6	7	9	9	9	9
2177955397	2012	2.5	13.7	0.5	13.9	2	3	5	10	11	12	14	15	16	16	16
2182911313	2014	0.4	4.8	0.0	4.0	2	4	4	4	4	4	4	4	4	4	4
2183942996	2012	0.0	8.0	0.0	8.0	8	8	8	8	8	8	8	8	8	8	8
2184041548	2013	1.1	5.7	0.0	4.0	0	1	3	4	4	4	4	4	4	4	4
2185613937	2009	0.0	0.0	2.5	-1.9	0	0	0	0	0	0	0	3	7	8	10
2187214087	2010	0.2	1.4	0.0	1.0	0	1	1	1	1	1	1	1	1	1	1
2187278809	2012	1.6	9.6	0.0	9.0	2	3	4	7	8	9	9	9	9	9	9
2190332578	2012	0.0	3.0	0.0	3.0	3	3	3	3	3	3	3	3	3	3	3
2191402932	2010	0.0	0.0	2.0	-1.6	0	0	0	0	0	0	1	2	4	6	9
2192254066	2004	1.4	8.8	0.6	9.0	2	3	5	5	8	10	10	10	10	12	12
2193636198	2011	0.2	2.4	0.7	1.3	1	2	2	2	2	2	2	3	3	4	5
2194481242	2005	0.0	0.0	1.1	2.1	0	0	0	0	0	1	3	5	5	6	8
2196459595	2004	0.9	5.7	0.3	3.7	0	3	4	4	4	4	4	4	5	5	5
2196568245	2008	0.8	5.4	0.0	4.0	1	2	4	4	4	4	4	4	4	4	4
2197204323	2005	0.2	0.8	1.2	-0.4	0	0	0	0	1	1	1	2	3	4	6
2198106591	2009	0.4	3.8	0.0	3.0	1	3	3	3	3	3	3	3	3	3	3
2199629150	2006	0.2	3.4	1.0	4.2	2	3	3	3	3	4	5	7	7	7	10
2201735012	2014	4.3	24.9	0.0	18.0	0	10	15	17	18	18	18	18	18	18	18
2204775031	2014	0.8	8.6	0.2	8.2	5	5	6	7	8	8	8	9	9	9	9
2205371838	2006	0.0	0.0	0.0	0.0	0	0	0	0	0	0	0	0	0	0	0
2205470096	2015	1.5	15.7	0.0	14.0	8	10	11	13	14	14	14	14	14	14	14
2207345732	2013	0.2	3.4	0.0	4.0	2	3	3	3	3	3	4	4	4	4	4
2212034063	2004	1.6	9.2	0.0	7.0	0	4	5	6	7	7	7	7	7	7	7
2215796638	2011	0.0	0.0	0.6	-1.2	0	0	0	0	0	0	0	0	0	0	3
2218715893	2009	1.0	8.4	1.1	9.9	4	4	5	6	8	9	10	13	14	14	15
2221072935	2005	0.0	1.0	2.3	7.5	1	1	1	1	1	5	9	12	16	17	18
2222010542	2010	0.6	4.6	0.0	6.0	2	2	2	4	4	5	6	6	6	6	6
2223707507	2013	0.0	4.0	0.0	4.0	4	4	4	4	4	4	4	4	4	4	4
2223796977	2014	2.7	20.5	0.0	20.0	7	10	12	15	18	19	20	20	20	20	20
2223847123	2011	0.7	11.3	0.3	10.5	7	9	10	10	10	10	11	11	11	12	12
2225391444	2000	0.0	0.0	0.0	0.0	0	0	0	0	0	0	0	0	0	0	0
2225462145	2013	0.0	3.0	0.2	4.2	3	3	3	3	3	4	4	5	5	5	5
2226937957	2009	0.0	3.0	0.0	3.0	3	3	3	3	3	3	3	3	3	3	3
2227996592	2013	0.0	0.0	0.8	0.6	0	0	0	0	0	0	1	2	4	4	4
2230265955	2007	0.0	0.0	1.0	-2.0	0	0	0	0	0	0	0	0	0	0	5
2231487564	2011	0.5	3.1	1.6	9.8	1	1	1	2	3	7	10	14	16	16	17
2233307994	2011	0.4	14.8	0.0	14.0	12	14	14	14	14	14	14	14	14	14	14
2234104560	2012	1.0	8.0	0.0	9.0	3	4	5	6	7	9	9	9	9	9	9
2235351327	2005	1.3	6.7	2.0	6.6	1	1	2	4	6	8	10	10	11	14	18
2235413275	2010	0.2	0.8	1.2	8.2	0	0	0	0	1	5	9	11	12	13	14
2235471002	2004	0.5	4.9	0.0	4.0	2	3	4	4	4	4	4	4	4	4	4
2235888740	2004	0.6	2.4	0.2	4.2	0	0	0	0	3	4	4	5	5	5	5
2235950228	2009	0.0	3.0	0.0	3.0	3	3	3	3	3	3	3	3	3	3	3
2236023538	2012	0.0	0.0	1.1	-0.9	0	0	0	0	0	0	0	1	3	4	4
2236413543	2013	1.4	18.4	0.0	16.0	11	12	16	16	16	16	16	16	16	16	16
2236599932	2008	0.5	2.3	0.6	5.2	0	0	1	1	2	2	6	6	7	8	8
2236867554	2007	2.7	13.9	1.5	19.3	0	4	5	9	11	17	19	24	25	25	26
2237541417	2012	0.8	4.4	0.6	7.2	1	1	1	3	4	5	8	8	9	10	10
2238150253	2002	0.0	0.0	1.1	-1.9	0	0	0	0	0	0	0	0	0	3	4
2238358095	2014	0.6	3.0	0.0	2.0	0	0	2	2	2	2	2	2	2	2	2
2239686435	2011	0.4	4.2	0.2	7.2	2	3	3	3	4	5	7	8	8	8	8
2241452699	2003	0.0	0.0	0.0	0.0	0	0	0	0	0	0	0	0	0	0	0
2243585430	2011	0.9	5.5	0.2	7.2	1	1	4	4	4	5	7	8	8	8	8
2243692557	2011	1.5	7.3	2.6	14.0	1	1	1	4	7	10	16	19	23	25	26
2243713403	2006	0.5	2.3	0.5	1.3	0	0	1	1	2	2	2	2	3	3	4
2245040899	2000	0.0	0.0	0.9	-0.3	0	0	0	0	0	0	1	1	2	4	4
2245092705	2008	2.8	20.2	1.6	25.4	6	10	11	14	18	25	27	29	30	31	34
2245214548	2014	0.2	4.8	0.0	5.0	4	4	4	4	5	5	5	5	5	5	5
2247273528	2006	0.0	0.0	1.0	0.8	0	0	0	0	0	0	1	3	5	5	5
2248182573	2007	1.3	7.3	0.0	10.0	1	2	3	5	6	9	10	10	10	10	10
2249889733	2003	0.0	2.0	1.5	1.5	2	2	2	2	2	2	2	5	7	8	8
2250234745	2011	1.1	10.1	0.0	13.0	5	5	7	8	9	12	13	13	13	13	13
2250419888	2006	0.2	0.8	0.0	2.0	0	0	0	0	1	2	2	2	2	2	2
2251034904	2004	3.1	15.3	4.1	11.500000000000002	1	2	5	9	13	14	15	20	25	27	32
2251657612	2015	0.7	29.5	0.0	30.0	26	27	27	28	29	30	30	30	30	30	30
2252247208	2002	0.0	0.0	1.1	-0.1	0	0	0	0	0	0	1	2	3	5	5
2252455567	2009	0.0	0.0	3.1	-3.9	0	0	0	0	0	0	0	1	5	10	11
2253737003	2014	0.3	5.5	0.0	5.0	4	4	5	5	5	5	5	5	5	5	5
2253936662	2012	0.0	2.0	0.0	2.0	2	2	2	2	2	2	2	2	2	2	2
2258153833	2010	0.9	5.7	0.0	4.0	0	3	4	4	4	4	4	4	4	4	4
2259399147	2008	0.8	5.2	0.0	4.0	1	2	3	4	4	4	4	4	4	4	4
2259978413	2011	0.5	4.9	1.4	7.0	2	3	4	4	4	4	7	11	12	13	13
2262385899	2010	1.0	4.2	0.5	11.9	0	0	0	2	4	10	12	13	14	14	14
2263887713	2012	1.5	7.9	0.2	6.2	0	2	4	5	6	6	6	7	7	7	7
2264628315	2007	0.5	6.1	0.3	5.7	4	4	4	5	6	6	6	6	7	7	7
2265464800	2007	0.4	3.2	0.7	3.9	1	2	2	2	3	4	5	5	6	6	8
2267357186	2009	0.6	2.6	2.1	-0.7	0	0	0	2	2	2	2	3	5	8	10
2269141726	2002	0.0	5.0	0.0	5.0	5	5	5	5	5	5	5	5	5	5	5
2273517658	2011	0.2	2.4	0.0	2.0	1	2	2	2	2	2	2	2	2	2	2
2276152985	2008	0.7	3.1	0.5	5.9	0	0	1	1	3	5	6	7	8	8	8
2278593545	2013	0.0	8.0	0.0	8.0	8	8	8	8	8	8	8	8	8	8	8
2279202333	2013	0.5	8.1	0.0	9.0	6	6	6	7	8	9	9	9	9	9	9
2279508135	2006	1.3	8.9	0.6	10.2	3	3	5	6	8	10	11	11	12	13	13
2280650151	2011	0.3	21.5	0.0	21.0	20	20	21	21	21	21	21	21	21	21	21
2287429527	2007	0.0	7.0	0.0	7.0	7	7	7	7	7	7	7	7	7	7	7
2287948179	2008	7.1	33.5	0.6	25.0	0	2	12	21	26	26	26	26	26	28	28
2289626938	2004	1.5	7.1	1.0	4.0	0	0	3	5	5	5	5	6	7	8	9
2290637690	2004	0.3	2.5	0.6	3.4	1	1	2	2	2	2	4	4	6	6	6
2292864690	2012	0.0	8.0	0.0	8.0	8	8	8	8	8	8	8	8	8	8	8
2293219852	2008	0.7	5.5	0.0	6.0	2	3	3	4	5	6	6	6	6	6	6
2293648838	2009	2.1	13.9	0.0	17.0	3	6	8	9	12	13	17	17	17	17	17
2294042172	2010	0.6	2.8	0.8	0.6	0	0	1	2	2	2	2	2	2	4	5
2295270651	2009	0.5	4.3	0.2	4.6	2	2	3	3	4	4	5	5	5	5	6
2296595471	2008	1.6	11.0	1.4	15.8	3	5	6	7	10	14	17	18	21	22	22
2297109039	2012	0.0	0.0	0.4	1.4	0	0	0	0	0	0	1	3	3	3	3
2297341045	2005	0.0	1.0	0.5	2.9	1	1	1	1	1	3	3	4	5	5	5
2298187013	2004	0.6	2.8	0.5	1.1	0	0	1	2	2	2	2	2	2	3	4
2299076990	2002	0.0	0.0	0.9	-1.7	0	0	0	0	0	0	0	0	0	1	4
2299437103	2006	0.0	0.0	2.4	-2.8	0	0	0	0	0	0	1	1	3	7	10
2300692282	2003	0.0	0.0	1.0	-1.0	0	0	0	0	0	0	0	1	2	3	4
2301499624	2008	0.0	0.0	1.3	-2.5	0	0	0	0	0	0	0	0	0	1	6
2301860113	2007	1.9	11.3	1.7	11.3	2	4	5	7	10	13	13	14	17	19	19
2303073511	2011	0.3	7.5	0.0	7.0	6	6	7	7	7	7	7	7	7	7	7
2303091550	2002	0.0	0.0	0.0	0.0	0	0	0	0	0	0	0	0	0	0	0
2303408767	2013	0.7	5.7	0.0	5.0	2	3	4	4	5	5	5	5	5	5	5
2303916260	2013	0.8	22.6	0.0	22.0	19	19	20	21	22	22	22	22	22	22	22
2304020625	2014	1.0	6.2	0.0	8.0	2	2	2	4	6	8	8	8	8	8	8
2304084810	2014	0.9	27.3	0.0	28.0	23	23	25	26	26	28	28	28	28	28	28
2304458524	2012	0.6	4.4	0.9	5.3	2	2	2	2	5	5	5	8	9	9	9
2304494935	2009	0.9	4.3	0.4	6.4	0	1	1	2	4	4	6	8	8	8	8
2304708675	2008	0.0	0.0	1.3	2.1	0	0	0	0	0	0	3	5	6	8	8
2304986032	2011	0.0	16.0	0.0	16.0	16	16	16	16	16	16	16	16	16	16	16
2305287551	2011	1.5	7.3	0.0	5.0	0	0	4	5	5	5	5	5	5	5	5
2305434694	2014	0.3	4.3	0.0	5.0	3	3	3	4	4	4	5	5	5	5	5
2305880237	2013	3.5	19.5	0.2	22.2	2	6	8	13	16	19	22	23	23	23	23
2305919268	2008	0.0	0.0	0.0	0.0	0	0	0	0	0	0	0	0	0	0	0
2306346593	2005	0.2	0.8	1.5	-0.7	0	0	0	0	1	1	2	2	2	5	8
2307014634	2012	0.0	8.0	0.0	8.0	8	8	8	8	8	8	8	8	8	8	8
2307335826	2004	0.3	4.5	0.0	4.0	3	3	4	4	4	4	4	4	4	4	4
2307619098	2004	0.0	0.0	0.0	0.0	0	0	0	0	0	0	0	0	0	0	0
2307673999	2003	0.0	0.0	0.0	0.0	0	0	0	0	0	0	0	0	0	0	0
2307697009	2015	0.0	2.0	0.2	4.2	2	2	2	2	2	4	4	5	5	5	5
2308256259	2010	0.5	2.1	1.1	10.5	0	0	0	1	2	5	10	14	15	15	15
2308693179	2006	0.0	0.0	0.3	-0.5	0	0	0	0	0	0	0	0	0	1	1
2309133828	2003	0.0	0.0	1.1	-1.3	0	0	0	0	0	0	0	0	3	3	4
2309164315	2004	0.9	4.3	0.6	3.2	0	0	2	3	3	3	4	4	5	6	6
2309187068	2014	0.2	0.8	0.3	1.7	0	0	0	0	1	1	2	2	3	3	3
2309691742	2010	3.4	17.0	0.8	15.4	0	3	7	11	13	15	16	17	18	19	19
2309728730	2014	0.0	2.0	0.0	2.0	2	2	2	2	2	2	2	2	2	2	2
2311712812	2013	1.1	8.1	0.0	12.0	3	4	4	5	8	11	12	12	12	12	12
2316252289	2008	0.5	5.1	0.5	6.7	3	3	3	4	5	6	7	8	8	9	9
2316372243	2010	0.3	1.3	0.0	1.0	0	0	0	1	1	1	1	1	1	1	1
2317205900	2001	0.0	0.0	1.1	-1.9	0	0	0	0	0	0	0	0	1	1	5
2318751012	2013	3.1	16.7	0.2	17.2	2	4	6	11	14	16	17	18	18	18	18
2320426110	2002	0.0	0.0	0.9	-0.3	0	0	0	0	0	1	1	1	2	4	4
2321558102	2014	0.4	3.2	0.0	5.0	1	2	2	2	3	5	5	5	5	5	5
2322488068	2010	0.6	6.0	0.2	5.2	3	3	5	5	5	5	5	6	6	6	6
2323573072	2014	0.9	3.7	0.4	9.4	0	0	0	1	4	6	9	11	11	11	11
2323686043	2006	0.0	0.0	1.6	0.6	0	0	0	0	0	0	2	4	5	8	8
2327747144	2008	0.6	2.4	0.0	8.0	0	0	0	0	3	3	8	8	8	8	8
2327844854	2007	2.0	13.2	1.0	10.8	3	4	9	10	10	11	11	13	15	15	15
2331439848	2011	0.0	4.0	0.0	4.0	4	4	4	4	4	4	4	4	4	4	4
2334373290	2014	1.1	10.7	0.0	10.0	5	7	7	8	10	10	10	10	10	10	10
2342412496	2001	1.7	8.1	2.0	19.8	1	1	2	2	9	14	21	25	26	27	30
2343751466	2013	6.8	37.6	0.0	33.0	2	11	20	23	30	33	33	33	33	33	33
2343833113	2002	3.0	14.2	0.0	12.0	0	1	5	9	11	11	12	12	12	12	12
2355500693	2014	0.3	4.5	0.0	4.0	3	3	4	4	4	4	4	4	4	4	4
2395153991	2003	0.2	0.8	1.5	-1.7	0	0	0	0	1	1	1	1	1	4	7
2420186739	2004	0.0	0.0	0.8	-1.0	0	0	0	0	0	0	0	0	2	2	3
2420664774	2009	0.5	6.7	1.7	5.5	4	5	5	6	6	6	6	10	11	13	13
2420702928	2007	0.0	0.0	0.4	1.8	0	0	0	0	0	1	2	3	3	3	4
2420721969	2009	3.1	17.9	1.3	19.3	4	5	7	10	17	20	20	22	24	25	25
2420797795	2003	0.5	2.1	1.3	6.1	0	0	0	1	2	5	8	9	9	10	14
2420880613	2013	0.8	4.4	0.0	3.0	0	1	3	3	3	3	3	3	3	3	3
2420934537	2013	2.3	13.1	0.2	17.2	1	5	6	8	11	16	17	18	18	18	18
2421131083	2012	0.6	6.0	0.0	9.0	3	4	4	4	6	8	9	9	9	9	9
2421134446	2010	0.5	6.1	1.2	11.8	4	4	4	5	6	9	12	15	16	17	17
2422378326	2014	0.4	5.2	0.0	5.0	3	4	4	4	5	5	5	5	5	5	5
2423501223	2012	0.5	3.3	1.1	7.5	1	1	2	2	3	3	7	11	12	12	12
2423863694	2003	0.2	1.8	0.0	5.0	1	1	1	1	2	5	5	5	5	5	5
2423985264	2001	0.0	0.0	0.0	0.0	0	0	0	0	0	0	0	0	0	0	0
2425472716	2009	0.0	0.0	1.3	-0.5	0	0	0	0	0	0	0	3	4	4	6
2425617645	2006	3.6	17.0	0.0	16.0	0	1	7	9	14	16	16	16	16	16	16
2425950242	2010	0.0	22.0	0.2	22.2	22	22	22	22	22	22	22	23	23	23	23
2426973820	2006	1.1	8.9	1.3	7.1	3	5	6	6	8	8	8	10	11	13	13
2427666413	2012	0.0	0.0	0.2	2.2	0	0	0	0	0	1	2	3	3	3	3
2428429988	2001	0.0	0.0	0.9	-1.7	0	0	0	0	0	0	0	0	0	1	4
2428719819	2012	0.3	1.3	0.9	7.3	0	0	0	1	1	1	7	10	11	11	11
2428845296	2000	0.5	2.1	1.6	4.4	0	0	0	1	2	4	5	9	9	11	12
2428973165	2008	0.0	0.0	1.4	-1.4	0	0	0	0	0	0	0	1	3	5	5
2429134211	2006	0.2	3.4	0.0	3.0	2	3	3	3	3	3	3	3	3	3	3
2430222803	2014	1.7	14.7	0.4	14.4	7	7	9	12	13	13	14	16	16	16	16
2430418512	2015	0.3	3.5	0.0	3.0	2	2	3	3	3	3	3	3	3	3	3
2430668537	2014	0.5	21.9	0.0	21.0	19	20	21	21	21	21	21	21	21	21	21
2430783453	2003	0.0	0.0	0.9	-0.9	0	0	0	0	0	0	0	1	2	2	4
2431320349	2007	1.9	12.5	0.0	9.0	1	6	9	9	9	9	9	9	9	9	9
2431455375	2011	1.1	10.3	0.7	9.9	5	6	6	9	9	9	10	12	12	13	13
2434856473	2014	1.2	8.0	0.0	10.0	2	3	5	5	7	9	10	10	10	10	10
2435034426	2013	0.6	3.0	2.1	5.3	0	0	2	2	2	4	5	11	14	14	14
2435248972	2004	0.7	3.1	1.8	4.8	0	0	1	1	3	4	5	10	11	12	13
2436231491	2009	0.2	0.8	0.6	3.4	0	0	0	0	1	1	4	4	6	6	6
2438976802	2002	0.0	0.0	0.0	0.0	0	0	0	0	0	0	0	0	0	0	0
2439678994	2011	3.0	12.8	0.0	16.0	0	0	1	6	12	16	16	16	16	16	16
2439877570	2012	0.5	7.7	0.5	6.7	5	6	6	7	7	7	7	8	8	9	9
2440571190	2011	0.2	7.4	0.0	7.0	6	7	7	7	7	7	7	7	7	7	7
2441598949	2013	2.4	14.4	0.0	12.0	3	4	7	10	12	12	12	12	12	12	12
2443384450	2006	0.0	0.0	0.0	0.0	0	0	0	0	0	0	0	0	0	0	0
2444411017	2009	0.3	1.3	0.9	-0.7	0	0	0	1	1	1	1	1	1	2	5
2444676853	2014	1.4	13.6	0.0	13.0	7	8	9	10	13	13	13	13	13	13	13
2460222195	2012	1.9	15.7	1.1	30.3	6	9	10	10	15	20	30	34	34	35	35
2462394557	2013	0.4	12.2	0.0	15.0	10	11	11	11	12	14	15	15	15	15	15
2463523865	2003	1.0	4.2	0.6	3.2	0	0	0	2	4	4	4	4	5	6	6
2464372715	1995	0.0	0.0	0.0	0.0	0	0	0	0	0	0	0	0	0	0	0
2466349405	2013	0.0	0.0	0.0	5.0	0	0	0	0	0	1	5	5	5	5	5
2467165878	2006	0.9	4.9	1.0	4.2	1	1	2	2	5	6	6	6	6	8	10
2467333156	2013	2.5	18.9	0.0	15.0	4	11	13	14	15	15	15	15	15	15	15
2467808327	2001	0.0	0.0	0.0	0.0	0	0	0	0	0	0	0	0	0	0	0
2468691129	2011	1.3	10.1	0.2	10.2	4	5	5	8	9	10	10	11	11	11	11
2470631395	2005	0.5	8.9	0.0	8.0	6	7	8	8	8	8	8	8	8	8	8
2471024582	2014	1.8	17.0	0.0	15.0	8	10	11	14	15	15	15	15	15	15	15
2471503937	2009	0.0	11.0	0.5	11.7	11	11	11	11	11	11	12	13	13	14	14
2472746478	2013	0.0	1.0	0.0	1.0	1	1	1	1	1	1	1	1	1	1	1
2472815583	2012	0.9	6.3	0.2	6.2	2	3	3	4	6	6	6	7	7	7	7
2474919475	2013	0.3	6.3	0.0	6.0	5	5	5	6	6	6	6	6	6	6	6
2482558687	2003	0.0	0.0	2.2	-3.2	0	0	0	0	0	0	0	0	3	6	8
2482613009	2005	0.5	3.1	0.3	2.5	1	1	1	2	3	3	3	3	3	4	4
2482903946	2014	0.4	3.6	0.0	5.0	2	2	2	2	4	5	5	5	5	5	5
2483316828	2005	0.0	0.0	1.3	-0.3	0	0	0	0	0	0	1	2	4	5	6
2484236144	2010	0.2	0.8	0.7	9.1	0	0	0	0	1	6	9	11	12	12	12
2485801996	2001	0.2	6.4	0.0	6.0	5	6	6	6	6	6	6	6	6	6	6
2489575497	2001	0.5	2.7	0.0	2.0	0	1	1	2	2	2	2	2	2	2	2
2490185788	2011	0.2	0.8	0.2	3.2	0	0	0	0	1	3	3	4	4	4	4
2490532619	2006	0.3	2.3	1.1	-0.1	1	1	1	2	2	2	2	2	2	3	7
2490701366	2000	0.0	0.0	0.0	0.0	0	0	0	0	0	0	0	0	0	0	0
2492406983	2012	2.8	12.2	1.2	16.0	0	0	2	6	11	14	16	19	21	21	21
2493107792	2006	0.0	0.0	2.4	-2.0	0	0	0	0	0	0	1	1	6	9	9
2497099214	2014	0.3	4.3	0.6	5.6	3	3	3	4	4	5	5	8	8	8	8
2499187671	2002	0.0	0.0	0.0	0.0	0	0	0	0	0	0	0	0	0	0	0
2499512103	2012	1.2	7.2	0.3	8.7	2	2	3	4	7	8	9	9	10	10	10
2499659807	2011	0.0	0.0	0.7	0.3	0	0	0	0	0	0	1	2	2	3	4
2500836872	2011	0.0	1.0	0.3	2.5	1	1	1	1	1	1	3	3	3	4	4
2502068411	2008	1.0	6.0	0.0	5.0	1	2	3	4	5	5	5	5	5	5	5
2504548383	2011	0.9	6.5	0.3	6.5	2	2	5	5	5	6	7	7	7	8	8
2505133586	2009	0.2	6.4	0.0	6.0	5	6	6	6	6	6	6	6	6	6	6
2505237151	2011	0.3	5.5	0.3	4.7	4	4	5	5	5	5	5	5	6	6	6
2506212675	2007	0.0	0.0	2.1	-2.5	0	0	0	0	0	0	0	0	5	7	7
2506769544	2004	0.2	0.8	0.4	0.8	0	0	0	0	1	1	1	2	2	2	3
2506920196	2010	0.5	3.1	0.7	2.5	1	1	1	2	3	3	3	4	5	5	6
2509319508	2006	0.0	0.0	1.8	0.0	0	0	0	0	0	0	1	5	5	7	9
2512611275	2013	0.0	5.0	0.0	5.0	5	5	5	5	5	5	5	5	5	5	5
2513490537	2011	0.8	3.6	0.2	4.2	0	0	1	2	3	3	4	5	5	5	5
2514083705	2011	1.9	25.7	0.0	24.0	16	17	22	22	23	24	24	24	24	24	24
2514705995	2011	0.5	10.3	0.0	15.0	8	8	9	9	10	13	15	15	15	15	15
2517218746	2008	0.0	0.0	0.7	-1.3	0	0	0	0	0	0	0	0	0	1	3
2518223341	2005	0.0	0.0	0.0	0.0	0	0	0	0	0	0	0	0	0	0	0
2519154089	2001	0.2	3.4	1.6	3.8	2	3	3	3	3	4	6	7	7	11	12
2519432510	2010	0.5	5.3	2.4	6.4	3	3	4	4	5	8	9	11	13	17	18
2524716205	2001	0.2	0.8	2.1	-0.5	0	0	0	0	1	1	2	3	6	8	10
2526354806	2011	0.5	5.1	3.0	6.4	3	3	3	4	5	5	8	13	17	19	20
2527066934	2005	0.0	0.0	0.5	-0.9	0	0	0	0	0	0	0	0	0	1	2
2528072962	2000	0.3	1.3	0.0	1.0	0	0	0	1	1	1	1	1	1	1	1
2528802866	2012	1.7	19.5	0.2	21.2	11	13	14	16	18	19	21	22	22	22	22
2529592301	2001	0.0	0.0	2.4	-4.2	0	0	0	0	0	0	0	0	1	4	10
2530309766	2013	0.6	4.0	0.2	4.2	1	1	3	3	3	3	4	5	5	5	5
2532505512	2014	1.1	7.7	0.0	9.0	2	3	5	6	6	8	9	9	9	9	9
2538491856	2006	0.0	0.0	1.3	-2.1	0	0	0	0	0	0	0	0	1	3	5
2542327831	2012	3.2	18.8	1.1	23.3	3	6	9	12	16	18	24	25	28	28	28
2545898039	2002	0.2	0.8	0.0	4.0	0	0	0	0	1	4	4	4	4	4	4
2549424322	2010	0.2	7.4	1.0	7.8	6	7	7	7	7	7	8	10	12	12	12
2550412142	2006	0.0	5.0	0.0	5.0	5	5	5	5	5	5	5	5	5	5	5
2551188948	2007	1.4	12.0	0.0	13.0	6	6	6	10	11	13	13	13	13	13	13
2551567325	2006	0.0	0.0	0.0	0.0	0	0	0	0	0	0	0	0	0	0	0
2552152551	2006	0.6	3.0	0.3	2.7	0	0	2	2	2	3	3	3	4	4	4
2552163634	2014	1.6	15.2	0.0	14.0	7	9	10	13	13	14	14	14	14	14	14
2552403349	2014	1.0	9.2	0.0	9.0	4	5	7	7	8	9	9	9	9	9	9
2557235859	2013	0.2	0.8	0.0	4.0	0	0	0	0	1	3	4	4	4	4	4
2557936967	2011	0.3	1.5	0.9	4.1	0	0	1	1	1	3	4	7	7	8	8
2558096301	2009	0.2	14.4	0.2	15.2	13	14	14	14	14	14	15	16	16	16	16
2558121541	2002	0.5	4.1	2.6	1.6	2	2	2	3	4	4	4	6	11	12	14
2558476565	2014	1.9	9.1	0.4	9.4	0	0	5	5	7	8	9	11	11	11	11
2558682455	2009	3.0	13.0	1.5	14.5	0	0	2	6	12	13	15	18	20	21	21
2559975655	2013	0.0	3.0	0.0	3.0	3	3	3	3	3	3	3	3	3	3	3
2560877256	2006	0.7	4.3	0.5	3.1	0	2	3	3	3	4	4	4	4	5	6
2564120281	2008	0.0	0.0	0.0	0.0	0	0	0	0	0	0	0	0	0	0	0
2564512449	2001	0.0	0.0	0.2	-0.4	0	0	0	0	0	0	0	0	0	0	1
2564746783	2005	0.0	1.0	2.4	5.8	1	1	1	1	1	3	7	11	15	15	17
2565220215	2013	0.7	7.5	0.0	10.0	4	5	5	6	7	8	10	10	10	10	10
2566536478	2008	0.2	0.8	1.5	8.3	0	0	0	0	1	1	9	12	13	15	15
2567668220	2014	0.6	2.4	0.2	3.2	0	0	0	0	3	3	3	4	4	4	4
2568110818	2010	0.4	1.6	1.1	0.3	0	0	0	0	2	2	2	2	3	5	6
2569360905	2010	0.2	8.8	0.2	10.2	8	8	8	8	9	9	10	11	11	11	11
2569637065	2009	1.8	12.2	0.0	12.0	3	5	7	9	10	12	12	12	12	12	12
2570467540	2006	0.0	0.0	0.6	-1.0	0	0	0	0	0	0	0	0	0	2	2
2571543092	2003	0.0	1.0	0.0	1.0	1	1	1	1	1	1	1	1	1	1	1
2572299092	2012	0.5	10.3	0.5	13.9	8	8	9	9	10	10	14	15	16	16	16
2572577206	2013	0.7	5.9	0.0	7.0	3	3	3	4	6	6	7	7	7	7	7
2572753407	2007	0.2	7.4	0.0	7.0	6	7	7	7	7	7	7	7	7	7	7
2572855291	2012	2.0	10.8	0.5	9.9	1	3	4	7	9	10	10	11	12	12	12
2572966537	2008	0.5	3.7	0.6	2.0	1	2	2	3	3	3	3	3	3	5	5
2573061670	2004	0.0	0.0	1.3	-0.5	0	0	0	0	0	1	1	2	3	5	6
2573243793	2010	0.0	0.0	0.5	-0.9	0	0	0	0	0	0	0	0	0	1	2
2574659337	2006	1.3	7.7	0.3	6.5	1	3	4	4	7	7	7	7	7	8	8
2575498750	2005	0.7	7.7	1.5	8.7	4	5	6	6	7	9	9	12	15	15	15
2577624551	2007	0.0	0.0	0.7	-1.3	0	0	0	0	0	0	0	0	0	1	3
2577879507	2007	0.2	1.4	0.8	-0.2	0	1	1	1	1	1	1	1	2	3	4
2578399752	2012	0.3	1.5	1.7	-0.9	0	0	1	1	1	1	1	2	4	7	7
2579594571	2008	2.0	13.0	0.6	11.2	3	5	7	9	11	11	12	12	13	14	14
2581456552	2009	0.8	7.2	0.0	8.0	3	4	5	6	6	7	8	8	8	8	8
2582457136	2003	0.0	0.0	0.4	-0.8	0	0	0	0	0	0	0	0	0	0	2
2582602085	2014	0.0	3.0	0.3	3.7	3	3	3	3	3	4	4	4	5	5	5
2582634567	2003	0.0	0.0	0.0	0.0	0	0	0	0	0	0	0	0	0	0	0
2582823888	2008	0.3	1.3	0.4	1.2	0	0	0	1	1	1	2	2	2	2	4
2583219095	2012	0.2	7.4	0.5	8.9	6	7	7	7	7	9	9	10	11	11	11
2583332178	2009	2.3	11.7	0.2	16.2	0	3	5	6	10	14	16	17	17	17	17
2583554384	2013	0.5	10.3	0.0	13.0	8	8	9	9	10	12	13	13	13	13	13
2583711942	2000	0.0	1.0	0.0	1.0	1	1	1	1	1	1	1	1	1	1	1
2583840783	2002	0.0	0.0	0.0	0.0	0	0	0	0	0	0	0	0	0	0	0
2583978275	2012	0.2	4.4	0.2	5.2	3	4	4	4	4	5	5	6	6	6	6
2583990910	2005	0.3	1.3	1.3	-0.3	0	0	0	1	1	1	1	2	4	5	6
2584951063	2009	1.1	9.1	0.4	7.2	4	4	6	7	8	8	8	8	8	8	10
2585157491	2007	0.0	0.0	0.0	0.0	0	0	0	0	0	0	0	0	0	0	0
2585426535	2011	0.0	12.0	0.0	12.0	12	12	12	12	12	12	12	12	12	12	12
2585669862	2012	0.9	3.7	0.4	8.4	0	0	0	1	4	6	8	10	10	10	10
2585796070	2013	1.1	4.7	0.5	4.9	0	0	0	3	4	5	5	6	7	7	7
2585832987	2013	1.9	12.3	0.5	12.9	2	5	8	8	10	10	13	14	15	15	15
2585927258	2011	0.0	8.0	0.0	8.0	8	8	8	8	8	8	8	8	8	8	8
2586495105	2004	0.0	0.0	0.4	0.4	0	0	0	0	0	0	0	2	2	2	2
2586892900	2011	0.0	4.0	0.6	3.4	4	4	4	4	4	4	4	4	6	6	6
2588988522	2006	0.9	4.9	0.8	15.4	1	1	2	2	5	9	16	17	18	19	19
2590361030	2011	0.9	7.3	0.0	6.0	3	3	5	6	6	6	6	6	6	6	6
2590626426	2010	1.2	6.8	0.7	7.9	1	2	3	4	6	6	8	10	10	11	11
2593542062	2009	0.0	0.0	1.0	1.8	0	0	0	0	0	1	2	4	6	6	6
2593610793	2008	3.1	16.7	1.3	13.7	2	3	7	12	13	15	15	16	18	19	20
2594488950	2010	0.0	7.0	0.0	7.0	7	7	7	7	7	7	7	7	7	7	7
2596045860	2000	0.0	0.0	0.0	0.0	0	0	0	0	0	0	0	0	0	0	0
2596966651	2012	0.0	3.0	0.0	3.0	3	3	3	3	3	3	3	3	3	3	3
2597524415	2008	0.0	0.0	0.8	0.0	0	0	0	0	0	1	1	2	2	2	5
2599026875	2008	0.6	3.4	1.7	4.5	1	1	1	1	4	5	5	9	10	12	12
2599095413	2008	0.0	0.0	0.9	1.1	0	0	0	0	0	1	2	2	5	5	5
2599663233	2010	0.6	2.6	2.2	8.0	0	0	0	2	2	3	9	14	15	16	19
2599933360	2008	2.0	9.4	0.3	10.7	0	0	4	6	7	10	11	11	12	12	12
2599974333	2002	0.0	0.0	0.0	0.0	0	0	0	0	0	0	0	0	0	0	0
2600321636	2003	0.0	0.0	0.0	0.0	0	0	0	0	0	0	0	0	0	0	0
2601428267	2008	1.6	7.2	0.7	8.1	0	0	2	4	6	7	8	10	11	11	11
2602803908	2013	1.9	11.5	0.7	15.9	3	3	5	8	10	13	16	18	18	19	19
2603153112	2014	0.0	9.0	0.0	9.0	9	9	9	9	9	9	9	9	9	9	9
2603841987	2003	0.3	1.3	0.0	1.0	0	0	0	1	1	1	1	1	1	1	1
2604750650	2004	1.9	17.5	0.0	15.0	7	11	12	14	15	15	15	15	15	15	15
2605386677	2007	0.0	3.0	0.0	3.0	3	3	3	3	3	3	3	3	3	3	3
2606624860	2013	1.4	12.2	0.2	11.2	5	6	9	10	10	11	11	12	12	12	12
2606761933	2013	1.0	7.0	0.0	9.0	3	3	3	3	8	9	9	9	9	9	9
2607622088	2005	0.0	0.0	0.3	-0.5	0	0	0	0	0	0	0	0	0	1	1
2607921394	2013	0.2	3.4	0.3	4.7	2	3	3	3	3	5	5	5	6	6	6
2608156510	2011	0.0	14.0	0.0	14.0	14	14	14	14	14	14	14	14	14	14	14
2609137751	2003	0.4	2.8	0.0	3.0	0	2	2	2	2	2	3	3	3	3	3
2609782886	2014	0.9	5.5	0.0	5.0	1	1	4	4	4	5	5	5	5	5	5
2609889729	2015	0.9	10.5	0.0	9.0	6	6	9	9	9	9	9	9	9	9	9
2610136632	2003	0.0	0.0	0.0	0.0	0	0	0	0	0	0	0	0	0	0	0
2610397620	2009	0.4	6.8	0.2	8.2	4	6	6	6	6	6	8	9	9	9	9
2610449870	2007	0.0	0.0	0.6	0.0	0	0	0	0	0	0	0	2	2	2	3
2610454923	2002	0.0	0.0	2.5	-3.5	0	0	0	0	0	0	0	0	4	7	9
2612818936	2002	0.0	0.0	0.0	0.0	0	0	0	0	0	0	0	0	0	0	0
2614311846	2008	0.5	2.7	0.8	4.4	0	1	1	2	2	3	5	6	7	8	8
2614424582	2008	1.3	6.5	0.0	5.0	0	1	3	4	5	5	5	5	5	5	5
2615102315	2012	0.2	6.4	0.3	5.7	5	6	6	6	6	6	6	6	7	7	7
2615199620	2014	4.9	38.7	0.0	33.0	12	20	27	29	32	33	33	33	33	33	33
2617145017	2014	1.4	26.4	0.0	26.0	19	20	24	24	24	26	26	26	26	26	26
2617145875	2013	0.0	21.0	0.0	21.0	21	21	21	21	21	21	21	21	21	21	21
2617157005	2008	0.0	0.0	1.0	-0.6	0	0	0	0	0	0	1	1	2	3	5
2617299861	2008	0.0	1.0	2.3	-3.1	1	1	1	1	1	1	1	1	1	6	10
2617352438	2011	0.4	2.8	1.0	0.8	0	2	2	2	2	2	2	3	3	5	6
2617359486	2014	2.0	11.2	0.0	10.0	1	4	4	8	9	10	10	10	10	10	10
2617477523	2009	0.0	3.0	0.0	7.0	3	3	3	3	3	5	7	7	7	7	7
2618044699	2012	0.0	0.0	1.5	0.7	0	0	0	0	0	1	1	4	7	7	7
2618341169	2003	0.0	0.0	0.0	0.0	0	0	0	0	0	0	0	0	0	0	0
2618792320	2006	0.0	0.0	1.1	-1.7	0	0	0	0	0	0	0	0	1	3	4
2619315278	2014	0.7	4.9	0.0	5.0	2	2	2	3	5	5	5	5	5	5	5
2619327966	2005	0.0	0.0	0.0	0.0	0	0	0	0	0	0	0	0	0	0	0
2619763753	2007	0.0	0.0	4.0	-2.8	0	0	0	0	0	0	1	4	11	14	16
2620217620	2004	0.0	0.0	0.9	-1.5	0	0	0	0	0	0	0	0	1	1	4
2620743261	2005	1.1	4.7	0.4	3.2	0	0	0	3	4	4	4	4	4	4	6
2620912768	2013	0.3	1.3	0.0	5.0	0	0	0	1	1	2	5	5	5	5	5
2620979493	2015	1.5	20.5	0.0	19.0	12	15	17	18	18	19	19	19	19	19	19
2621430112	2008	0.0	0.0	0.0	1.0	0	0	0	0	0	1	1	1	1	1	1
2623618940	2007	0.0	0.0	0.4	0.4	0	0	0	0	0	0	0	2	2	2	2
2623953262	2010	0.5	3.9	0.0	3.0	1	2	3	3	3	3	3	3	3	3	3
2624534586	2009	0.4	1.6	0.2	4.2	0	0	0	0	2	4	4	5	5	5	5
2625091181	2005	0.0	0.0	1.2	-0.8	0	0	0	0	0	0	0	2	3	4	5
2625163221	2014	1.1	8.9	0.0	9.0	4	4	5	7	8	9	9	9	9	9	9
2625380526	2008	0.2	3.4	2.1	1.3	2	3	3	3	3	3	4	5	7	10	12
2626025562	2004	0.0	0.0	0.0	0.0	0	0	0	0	0	0	0	0	0	0	0
2627135579	2014	1.0	6.6	0.0	6.0	2	2	4	4	6	6	6	6	6	6	6
2628026287	2011	1.1	5.3	0.3	6.5	0	1	1	4	4	4	7	7	7	8	8
2629046442	2006	2.4	12.0	0.2	10.2	1	2	3	8	10	10	10	11	11	11	11
2629758138	2012	0.8	17.6	0.0	16.0	12	16	16	16	16	16	16	16	16	16	16
2630323486	2013	1.0	11.4	0.0	11.0	7	7	8	9	11	11	11	11	11	11	11
2633136282	2007	0.5	2.7	0.0	2.0	0	1	1	2	2	2	2	2	2	2	2
2634692018	2008	0.2	2.4	1.2	0.4	1	2	2	2	2	2	2	3	3	5	7
2635254491	2012	0.0	0.0	1.7	-0.1	0	0	0	0	0	0	2	3	4	8	8
2635277405	2010	0.3	10.5	0.0	10.0	9	9	10	10	10	10	10	10	10	10	10
2637569646	2007	0.0	0.0	1.4	-2.2	0	0	0	0	0	0	0	0	1	4	5
2637925846	2004	0.0	0.0	0.0	0.0	0	0	0	0	0	0	0	0	0	0	0
2638443532	2008	0.0	1.0	0.0	1.0	1	1	1	1	1	1	1	1	1	1	1
2639767613	2008	0.0	0.0	1.0	8.4	0	0	0	0	0	4	9	11	11	13	13
2641249074	2010	0.0	5.0	1.4	3.8	5	5	5	5	5	6	6	6	7	10	11
2643372635	2005	0.0	0.0	0.7	-1.3	0	0	0	0	0	0	0	0	0	1	3
2643812006	2002	0.0	0.0	2.6	-3.0	0	0	0	0	0	0	0	2	5	6	11
2645374424	2014	1.2	12.0	0.0	10.0	5	8	9	10	10	10	10	10	10	10	10
2645410941	2000	0.4	1.6	0.5	1.7	0	0	0	0	2	2	2	3	3	4	4
2645922475	2013	0.2	5.4	0.2	5.2	4	5	5	5	5	5	5	6	6	6	6
2647013095	2012	2.7	11.3	0.5	18.9	0	0	0	5	11	15	19	20	21	21	21
2647359094	2014	1.5	8.1	0.3	7.7	1	2	3	5	7	7	8	8	9	9	9
2648703612	2003	0.0	0.0	0.0	0.0	0	0	0	0	0	0	0	0	0	0	0
2649939361	2014	0.7	8.3	0.0	7.0	4	6	7	7	7	7	7	7	7	7	7
2649963885	2002	1.5	8.9	0.0	10.0	1	3	5	6	7	10	10	10	10	10	10
2651029627	2014	0.0	4.0	0.0	4.0	4	4	4	4	4	4	4	4	4	4	4
2651831884	2006	0.9	7.5	0.0	6.0	2	5	5	6	6	6	6	6	6	6	6
2652397350	2002	0.0	0.0	1.0	-1.6	0	0	0	0	0	0	0	0	1	2	4
2652834205	2014	0.6	14.6	0.0	14.0	11	13	13	13	14	14	14	14	14	14	14
2653849141	2010	0.0	0.0	1.0	0.6	0	0	0	0	0	0	1	3	4	5	5
2655940493	2011	0.0	4.0	0.0	4.0	4	4	4	4	4	4	4	4	4	4	4
2656454723	2010	0.6	7.2	3.3	3.3	3	6	6	6	6	6	7	9	13	18	19
2656577137	2012	0.0	13.0	0.0	13.0	13	13	13	13	13	13	13	13	13	13	13
2657060330	2012	0.0	2.0	0.2	4.2	2	2	2	2	2	4	4	5	5	5	5
2657228645	2009	1.0	6.2	0.0	6.0	2	2	2	4	6	6	6	6	6	6	6
2657481909	2011	0.0	0.0	0.2	5.2	0	0	0	0	0	3	5	6	6	6	6
2661062812	2015	0.4	24.2	0.0	24.0	22	23	23	23	24	24	24	24	24	24	24
2663520892	2012	0.3	11.5	0.0	11.0	10	10	11	11	11	11	11	11	11	11	11
2664069056	2013	0.0	11.0	0.0	11.0	11	11	11	11	11	11	11	11	11	11	11
2664875949	2007	0.5	3.7	0.0	3.0	1	2	2	3	3	3	3	3	3	3	3
2665688544	2009	0.6	7.4	0.0	12.0	5	5	5	5	8	9	12	12	12	12	12
2666000811	2007	0.0	5.0	0.6	7.4	5	5	5	5	5	5	8	8	10	10	10
2666810207	2012	0.3	2.5	0.3	3.7	1	1	2	2	2	2	4	4	5	5	5
2667190869	2009	0.6	9.0	0.0	10.0	6	7	7	7	9	10	10	10	10	10	10
2668851114	2002	1.1	5.3	0.6	10.0	0	0	3	3	4	8	10	12	12	12	13
2669455673	2010	0.0	0.0	1.6	1.0	0	0	0	0	0	1	2	4	7	8	8
2669630631	2013	1.4	7.2	0.0	9.0	1	1	2	5	6	8	9	9	9	9	9
2670541404	2006	1.5	9.1	0.0	7.0	1	4	4	7	7	7	7	7	7	7	7
2672612038	2004	0.3	2.5	0.0	3.0	1	1	2	2	2	3	3	3	3	3	3
2672741848	2008	0.5	2.7	0.7	0.7	0	1	1	2	2	2	2	2	2	3	5
2672872526	2009	0.0	0.0	0.9	0.3	0	0	0	0	0	0	0	3	4	4	4
2674239164	2014	0.0	1.0	0.0	1.0	1	1	1	1	1	1	1	1	1	1	1
2674843675	2005	0.0	0.0	0.0	0.0	0	0	0	0	0	0	0	0	0	0	0
2681477211	2009	2.0	8.2	0.2	14.2	0	0	0	2	9	13	14	15	15	15	15
2682361799	2000	0.0	0.0	0.0	0.0	0	0	0	0	0	0	0	0	0	0	0
2683236842	2011	0.3	3.5	0.3	5.7	2	2	3	3	3	4	6	6	7	7	7
2684097888	2014	0.2	7.4	0.0	7.0	6	7	7	7	7	7	7	7	7	7	7
2684446373	2014	0.6	12.6	0.0	13.0	10	10	10	12	12	13	13	13	13	13	13
2685000871	2002	0.0	0.0	0.0	1.0	0	0	0	0	0	0	1	1	1	1	1
2685909078	2010	0.0	1.0	3.2	-4.2	1	1	1	1	1	1	1	1	3	9	13
2686917406	2014	0.0	2.0	0.0	2.0	2	2	2	2	2	2	2	2	2	2	2
2687212611	2010	0.5	7.9	0.0	8.0	5	6	7	7	7	8	8	8	8	8	8
2688455705	2004	0.0	0.0	0.0	0.0	0	0	0	0	0	0	0	0	0	0	0
2690184982	2013	0.4	6.8	0.0	6.0	4	6	6	6	6	6	6	6	6	6	6
2691119769	2010	0.0	2.0	0.0	2.0	2	2	2	2	2	2	2	2	2	2	2
2691761383	2010	0.4	2.2	0.5	1.3	0	1	1	1	2	2	2	2	3	3	4
2693722088	2001	0.0	0.0	0.0	0.0	0	0	0	0	0	0	0	0	0	0	0
2695103898	2009	0.0	1.0	1.4	-0.4	1	1	1	1	1	1	1	2	4	6	6
2695140909	2013	3.6	21.4	0.0	20.0	4	6	11	14	18	20	20	20	20	20	20
2695156146	2013	0.0	5.0	0.0	5.0	5	5	5	5	5	5	5	5	5	5	5
2696719243	2012	0.3	3.3	0.0	3.0	2	2	2	3	3	3	3	3	3	3	3
2696778657	2009	0.0	0.0	0.0	0.0	0	0	0	0	0	0	0	0	0	0	0
2697861289	2008	0.4	1.6	0.2	1.6	0	0	0	0	2	2	2	2	2	2	3
2698923267	2010	1.7	12.1	0.0	11.0	4	5	6	10	10	11	11	11	11	11	11
2703892096	2008	0.8	3.6	1.3	3.1	0	0	1	2	3	3	4	6	7	9	9
2704079037	2014	0.0	12.0	0.0	12.0	12	12	12	12	12	12	12	12	12	12	12
2704480455	2002	0.0	0.0	1.0	-1.8	0	0	0	0	0	0	0	0	0	2	4
2706688620	2006	0.0	3.0	0.8	3.8	3	3	3	3	3	3	3	7	7	7	7
2707215890	2006	0.3	1.3	1.9	1.7	0	0	0	1	1	2	3	6	8	9	11
2709438096	2003	0.0	2.0	1.2	9.8	2	2	2	2	2	5	11	13	13	13	17
2709743151	2004	0.2	1.8	1.5	4.5	1	1	1	1	2	3	5	8	10	11	11
2714818106	2004	0.0	0.0	1.0	-1.2	0	0	0	0	0	0	0	1	1	3	4
2724872233	2007	0.0	0.0	0.8	0.2	0	0	0	0	0	0	1	2	2	4	4
2731373980	2010	0.2	0.8	0.8	2.8	0	0	0	0	1	1	4	4	5	6	7
2735341471	2005	0.3	1.3	0.0	1.0	0	0	0	1	1	1	1	1	1	1	1
2735931832	2014	0.0	0.0	1.3	1.5	0	0	0	0	0	1	2	4	7	7	7
2736152990	2002	0.0	1.0	0.4	0.8	1	1	1	1	1	1	1	2	2	2	3
2747018825	2012	1.2	10.8	0.0	9.0	5	5	8	9	9	9	9	9	9	9	9
2747122479	2013	0.3	1.3	0.0	1.0	0	0	0	1	1	1	1	1	1	1	1
2749112847	2008	0.2	3.4	0.0	3.0	2	3	3	3	3	3	3	3	3	3	3
2750229706	2009	0.0	1.0	3.3	-2.7	1	1	1	1	1	1	1	4	6	11	14
2752021877	2010	0.2	12.4	0.0	12.0	11	12	12	12	12	12	12	12	12	12	12
2761242835	2013	0.0	5.0	0.2	5.2	5	5	5	5	5	5	5	6	6	6	6
2761594101	2011	0.2	0.8	0.9	0.9	0	0	0	0	1	2	2	2	4	5	5
2763403883	2002	0.2	5.4	0.0	5.0	4	5	5	5	5	5	5	5	5	5	5
2768145722	2015	0.8	3.6	0.0	3.0	0	0	1	2	3	3	3	3	3	3	3
2776609185	2010	0.0	3.0	0.0	3.0	3	3	3	3	3	3	3	3	3	3	3
2776741894	2012	1.0	4.2	0.0	4.0	0	0	0	2	4	4	4	4	4	4	4
2777267753	2014	0.0	13.0	0.0	13.0	13	13	13	13	13	13	13	13	13	13	13
2777969829	2010	4.5	19.3	0.0	16.0	0	0	0	13	16	16	16	16	16	16	16
2778124847	2004	0.0	0.0	0.9	0.3	0	0	0	0	0	0	0	3	4	4	4
2778389430	2004	0.0	0.0	1.0	0.2	0	0	0	0	0	2	2	2	2	4	6
2778429779	2012	0.4	7.8	0.0	7.0	5	7	7	7	7	7	7	7	7	7	7
2778901814	2010	0.0	1.0	1.4	-1.0	1	1	1	1	1	1	1	1	3	5	6
2780817638	2015	0.0	1.0	0.0	2.0	1	1	1	1	1	1	2	2	2	2	2
2780914239	2006	0.0	0.0	2.5	-1.9	0	0	0	0	0	1	1	2	6	9	10
2781286171	2015	0.3	4.5	0.0	4.0	3	3	4	4	4	4	4	4	4	4	4
