842037	2009	0.2	3.0	-0.2	1.4	0	5	3	1	3	0	1	1	1	1	0
8167851	2011	0.0	0.6	-0.1	0.5	0	1	1	1	0	1	0	1	0	0	0
12088164	2010	0.3	4.3	0.9	-0.9	1	4	6	3	3	1	1	0	1	3	4
23695802	2011	-0.6	-0.6	-0.5	2.1	3	1	1	1	0	0	2	1	0	0	0
72047946	2005	0.1	0.5	-0.3	2.1	0	0	0	1	0	0	2	2	0	1	1
125694532	2010	1.2	5.6	-0.5	5.7	2	0	0	0	8	12	5	5	3	6	2
134072846	2013	0.0	0.0	0.0	0.0	0	0	0	0	0	0	0	0	0	0	0
241592301	2001	0.0	0.0	0.0	0.0	0	0	0	0	0	0	0	0	0	0	0
259118630	2003	0.0	0.0	1.2	0.6	0	0	0	0	0	0	0	5	4	7	5
336991397	2008	-0.2	-0.2	-0.7	6.3	1	0	1	0	0	4	6	8	0	1	6
680543339	2002	0.0	0.0	0.0	0.0	0	0	0	0	0	0	0	0	0	0	0
719783363	2007	2.6	11.2	0.6	0.6	0	0	1	6	10	5	1	3	2	1	5
1126371583	2004	0.0	0.0	0.3	-0.3	0	0	0	0	0	0	0	0	1	1	1
1225317958	2005	0.6	2.6	0.8	2.4	0	0	0	2	2	2	5	2	2	10	5
1236973206	2006	0.0	0.4	-0.1	0.7	0	0	2	0	0	0	1	0	0	1	0
1342033561	2003	0.0	0.2	-0.1	2.1	0	0	1	0	0	0	1	2	4	1	1
1384196968	2014	0.0	0.0	0.0	0.0	0	0	0	0	0	0	0	0	0	0	0
1637265637	2011	0.0	0.8	0.2	0.2	0	2	0	2	0	0	1	0	1	0	2
1770419413	2006	0.3	1.7	-0.5	2.7	0	1	0	2	1	0	0	5	1	0	0
1811820982	2001	0.0	0.0	0.1	0.7	0	0	0	0	0	1	1	1	1	0	2
1858722361	2008	-0.5	-0.5	-0.3	1.3	3	1	0	0	1	1	1	1	0	0	0
1880976219	2011	1.8	9.4	-0.4	2.4	2	0	4	6	8	0	2	2	0	2	0
1881842846	2009	-0.1	0.7	-0.6	2.8	1	2	0	1	1	0	3	1	0	1	0
1910347612	2002	0.0	0.0	0.0	0.0	0	0	0	0	0	2	0	0	0	0	0
1945329861	2009	-0.3	0.7	0.0	0.0	2	1	3	2	0	0	0	0	0	0	0
1968812139	2004	0.2	0.8	-0.3	2.7	0	0	0	0	1	1	2	3	2	0	2
1968948896	2011	-0.3	2.3	0.1	-0.1	5	2	3	3	3	0	0	0	0	1	0
1972320896	2009	0.0	0.0	1.0	-1.0	0	0	0	0	0	0	0	0	4	2	4
1972562975	2014	1.0	6.6	-1.4	6.8	3	3	0	5	7	2	3	8	2	0	0
1975294417	2011	0.5	3.7	0.0	0.8	0	0	7	3	1	3	1	0	2	0	1
1979207691	2002	0.0	0.0	0.0	0.0	0	0	0	0	0	0	0	0	0	0	0
1988031962	2012	0.0	0.0	-0.1	1.1	0	0	0	0	0	3	0	3	0	0	1
1993688379	2009	0.0	0.0	0.3	0.7	0	0	0	0	0	0	1	0	4	1	2
1995952108	2014	0.2	0.8	-1.6	14.2	0	0	0	0	1	13	3	15	24	5	0
1999704061	2014	0.4	1.8	0.0	0.0	0	0	0	2	1	0	0	0	0	0	0
2003165644	2013	0.3	1.5	0.0	0.4	0	0	1	1	1	0	0	0	2	0	0
2003632787	2008	0.9	3.9	-0.2	0.8	0	1	0	0	5	0	1	0	0	0	0
2004954964	2000	0.0	0.0	0.0	0.4	0	0	0	0	0	1	1	0	0	0	1
2007547991	2002	1.3	5.5	0.1	-0.1	0	0	0	3	5	1	0	0	0	1	0
2012674138	2013	-0.2	2.2	0.0	0.0	3	1	7	1	2	0	0	0	0	0	0
2016189893	2001	0.0	0.0	0.1	-0.1	0	0	0	0	0	0	0	0	0	1	0
2016451659	2014	0.5	2.7	-2.4	13.6	1	0	1	1	3	10	7	13	9	3	0
2017396131	2007	0.0	0.0	0.2	-0.4	0	0	0	0	0	0	0	0	0	0	1
2021996926	2010	0.7	4.5	1.6	-1.2	1	0	5	3	3	4	0	2	3	8	5
2025763354	2014	-1.1	-1.1	-0.2	0.8	6	2	1	1	1	1	1	0	0	0	0
2031479677	2010	-1.5	8.5	-1.4	13.8	15	15	14	12	9	8	10	12	13	8	5
2032104448	2014	-0.5	-0.1	0.0	0.0	1	3	3	0	0	1	0	0	0	0	0
2036025750	2007	-0.2	-0.4	0.0	0.2	1	0	0	0	0	0	0	0	1	0	0
2039801083	2013	0.9	3.7	-0.3	3.5	0	0	0	1	4	7	1	6	2	3	1
2046677457	2011	-0.4	-0.6	0.0	0.0	1	2	0	0	0	0	0	0	0	0	0
2047517919	2014	0.1	0.5	0.0	0.0	0	0	0	1	0	0	0	0	0	0	0
2051112775	2011	2.4	15.4	2.4	4.2	5	4	8	10	14	15	6	12	10	10	19
2059994571	2001	0.2	0.8	0.0	2.6	0	0	0	0	1	1	1	5	2	3	2
2071998504	2008	4.0	19.4	-1.1	16.3	0	3	4	17	13	14	17	12	10	17	9
2072159334	2009	0.8	4.0	0.0	0.0	0	0	2	4	2	1	0	0	0	0	0
2077703186	2011	-0.4	-0.2	0.0	0.0	3	0	1	0	1	0	0	0	0	0	0
2081130532	2013	0.2	1.0	0.0	0.0	0	0	1	0	1	0	0	0	0	0	0
2081450660	2007	0.5	2.9	-1.1	5.7	0	1	2	2	2	4	6	2	2	1	1
2086581877	2008	-0.3	0.9	0.0	0.4	3	2	0	3	1	1	0	1	0	1	0
2086965096	2010	0.4	1.6	-0.1	0.9	0	0	0	0	2	1	0	2	0	1	0
2089222651	2009	0.3	2.3	-0.4	1.6	1	2	0	1	3	2	2	0	0	0	0
2094052010	2010	0.3	1.3	0.3	2.1	0	0	0	1	1	0	1	4	5	1	4
2095885832	2008	0.3	2.9	3.3	-0.9	2	1	1	4	2	0	0	4	13	19	9
2095892170	2007	0.9	4.7	-0.2	1.0	1	0	1	5	3	0	1	0	1	0	0
2095926508	2007	1.4	5.8	2.0	2.2	0	0	0	2	6	9	4	5	10	11	11
2095940946	2008	0.0	0.0	0.9	-1.5	0	0	0	0	0	0	0	0	0	3	3
2095973066	2000	0.2	0.8	-0.2	1.2	0	0	0	0	1	3	1	1	0	1	0
2095987900	2011	1.5	6.3	0.5	2.3	0	0	1	1	7	3	2	3	4	8	2
2096042674	2008	0.5	2.9	-0.1	0.7	1	0	2	1	3	1	0	1	1	0	0
2096072814	2007	0.0	0.0	0.4	-0.8	0	0	0	0	0	0	0	0	0	0	2
2096130056	2002	0.0	0.0	0.4	0.0	0	0	0	0	0	2	1	0	1	2	2
2096224780	2006	1.2	5.4	-2.5	16.3	0	1	1	1	6	11	13	13	7	8	3
2096225661	2012	2.7	16.5	4.8	12.6	2	5	9	16	10	12	20	16	29	36	34
2096236940	2011	0.0	0.0	0.8	-0.8	0	0	0	0	0	0	0	1	1	3	3
2096256243	2009	4.3	34.9	0.5	25.5	8	22	28	23	29	35	27	19	32	36	21
2096264089	2013	-0.2	1.4	-0.2	0.8	2	1	4	3	0	0	1	0	0	0	0
2096271176	2003	1.6	12.8	3.3	5.5	5	7	7	9	12	16	6	12	22	17	20
2096300312	2007	1.1	4.5	2.5	-0.3	0	0	0	1	5	6	5	4	3	9	15
2096321700	2014	-0.8	15.4	-4.1	18.1	20	19	14	21	15	13	16	9	4	0	0
2096383815	2011	0.2	0.8	0.2	2.0	0	0	0	0	1	2	1	3	4	3	2
2096386199	2007	0.4	1.6	-0.5	4.5	0	0	0	0	2	0	2	5	5	2	1
2096504552	2009	0.0	0.0	1.8	1.6	0	0	0	0	0	0	0	8	13	2	12
2096543976	2015	-0.2	-0.4	0.0	0.0	1	0	0	0	0	0	0	0	0	0	0
2096593387	2004	-0.1	1.1	0.4	5.6	0	3	2	2	0	7	7	9	3	3	12
2096658368	2011	-0.6	-1.2	-1.1	4.7	3	0	0	0	0	3	4	3	0	0	0
2096883221	2005	0.0	0.0	0.7	0.3	0	0	0	0	0	4	1	2	2	3	4
2097059535	2001	0.0	0.0	2.7	-4.5	0	0	0	0	0	1	0	0	1	7	10
2097076567	2013	-0.1	1.3	-0.2	0.8	1	2	3	1	1	1	1	0	0	0	0
2097093281	2013	3.0	22.6	-2.9	15.7	11	9	10	15	23	14	13	9	9	2	2
2097207902	2005	0.0	0.0	0.0	1.6	0	0	0	0	0	0	2	1	2	1	2
2097346130	2010	0.2	2.0	-0.2	3.0	1	2	0	2	2	1	4	1	2	3	2
2097470770	2000	-1.3	-2.5	-0.5	2.5	6	1	0	0	0	0	0	5	0	0	0
2097630498	2012	-0.7	-0.9	0.0	0.0	3	1	2	0	0	0	0	0	0	0	0
2097649935	2011	0.0	0.0	-1.5	7.5	0	0	0	0	0	2	6	5	3	0	1
2097784377	2006	0.0	0.0	0.0	0.0	0	0	0	0	0	0	0	0	0	0	0
2098219782	2013	0.1	0.9	-0.2	3.2	0	1	1	0	1	8	1	4	4	4	0
2098350942	2001	0.0	0.0	0.0	0.0	0	0	0	0	0	0	0	0	0	0	0
2098491570	2009	-0.5	-0.9	0.0	0.0	2	1	0	0	0	0	0	0	0	0	0
2098712983	2014	0.0	0.0	0.0	0.0	0	0	0	0	0	0	0	0	0	0	0
2099020214	2007	0.6	4.6	2.0	1.2	0	5	2	3	4	8	4	5	4	13	10
2099033448	2014	-0.4	0.4	0.1	1.3	2	3	1	1	1	1	0	1	5	2	0
2099094270	2014	-0.1	1.7	-1.6	6.6	2	2	2	3	1	5	7	2	0	0	0
2099094960	2008	0.7	2.9	0.0	1.0	0	0	0	1	3	0	2	0	1	0	2
2099250567	2014	-0.2	0.6	0.0	0.0	3	0	0	2	1	0	0	0	0	0	0
2099254133	2008	-0.3	0.3	-0.3	1.5	2	2	0	1	1	2	1	1	1	0	0
2099460795	2006	-0.1	-0.1	-0.2	3.2	0	1	0	0	0	1	2	4	3	2	2
2099480643	2012	0.4	1.8	0.0	0.0	0	0	0	2	1	2	0	0	0	0	0
2099536266	2009	-0.3	0.9	0.0	0.0	2	3	0	4	0	0	0	0	0	0	0
2099898379	2013	2.1	11.1	-5.8	32.6	1	3	4	6	10	21	27	21	13	13	2
2100051933	2014	0.1	2.3	-0.2	0.8	1	5	0	0	4	0	1	0	0	0	0
2100161364	2013	-0.4	2.8	0.0	2.2	4	6	3	4	3	1	0	4	4	2	1
2100570559	2005	0.5	2.5	0.9	0.1	1	0	0	1	3	3	2	1	2	4	5
2100858094	2013	-0.1	-0.1	0.0	1.2	0	1	0	0	0	2	1	1	2	1	1
2101240970	2007	1.0	4.4	1.4	-0.4	0	0	0	4	3	0	1	0	5	10	3
2101266726	2003	0.0	0.0	0.0	0.0	0	0	0	0	0	0	0	0	0	0	0
2101308751	2012	0.1	0.9	-0.2	1.2	1	0	0	1	1	1	2	0	0	0	1
2101336747	2004	0.0	0.0	4.3	-6.1	0	0	0	0	0	0	0	0	8	9	17
2101476622	2004	0.0	0.0	0.1	0.1	0	0	0	0	0	0	0	0	1	1	0
2101519778	2000	0.0	0.0	0.7	-0.1	0	0	0	0	0	3	2	0	0	5	3
2101658581	2012	0.4	2.8	0.6	1.4	1	0	2	4	1	1	2	1	4	7	2
2101729186	1999	0.0	0.0	0.2	-0.4	0	0	0	0	0	0	0	0	0	0	1
2101740809	2003	0.0	0.0	0.3	-0.5	0	0	0	0	0	0	0	0	0	1	1
2101790054	2006	-0.5	4.3	0.4	1.2	6	7	6	6	4	4	0	5	2	1	4
2101867916	2006	0.0	0.8	0.2	0.0	0	1	2	1	0	0	0	0	2	0	1
2101881875	2012	1.1	4.9	0.4	3.4	0	1	0	2	5	3	4	3	6	5	5
2101921658	2014	0.5	3.1	-2.1	10.7	0	1	3	2	2	0	6	9	7	0	0
2102037186	2002	0.0	0.0	0.8	-1.4	0	0	0	0	0	0	0	0	0	2	3
2102216805	2010	0.6	6.0	-0.1	11.9	4	3	4	3	7	17	13	10	11	13	11
2102243677	2014	1.7	9.9	-0.1	0.7	3	3	3	4	11	3	0	1	1	0	0
2102270311	2006	0.3	1.9	0.3	3.1	0	1	1	2	1	0	2	3	8	4	3
2102380888	2002	0.2	1.0	9.4	-12.6	0	0	0	2	0	1	1	5	13	17	42
2102715665	2001	0.2	0.8	1.3	-0.7	0	0	0	0	1	0	1	2	2	5	6
2102960998	2014	-1.0	1.0	0.0	0.0	2	9	7	1	1	0	0	0	0	0	0
2103116688	2003	0.2	1.6	-0.7	2.9	0	0	3	2	0	2	3	1	0	0	0
2103130315	2011	1.6	9.2	1.4	7.6	1	1	7	7	6	7	4	13	16	17	9
2103274962	2012	0.5	4.1	-0.5	8.1	2	2	2	3	4	4	6	10	7	3	7
2103451196	2010	0.8	5.4	-0.3	7.1	0	5	2	3	5	5	8	7	4	4	8
2103584406	2009	0.2	2.0	0.5	0.9	1	2	0	2	2	2	1	3	2	2	4
2104117573	2004	0.0	0.0	0.9	-1.1	0	0	0	0	0	0	0	1	1	2	4
2104169870	2012	-0.7	0.1	0.2	2.6	3	4	2	1	1	1	4	1	2	7	2
2104259714	2012	-0.9	0.7	-0.3	1.3	2	8	4	3	0	1	1	1	0	0	0
2104412229	2014	0.0	3.6	-0.4	1.6	4	3	3	5	3	1	2	0	0	0	0
2104415777	2004	0.0	0.4	-0.2	1.2	0	1	0	1	0	0	0	2	1	0	0
2104423096	2009	0.0	7.0	-0.4	8.6	6	6	12	4	7	8	9	7	7	7	7
2104594067	2001	0.0	0.0	-0.2	0.8	0	0	0	0	0	1	1	0	0	0	0
2104810978	2003	0.0	0.0	1.2	-1.6	0	0	0	0	0	0	0	0	2	4	4
2104873046	2004	0.6	6.0	-2.4	17.4	1	6	5	4	5	5	16	13	9	5	8
2104879825	2014	0.0	0.4	0.1	0.5	0	1	0	1	0	0	0	0	3	1	0
2104908036	2000	0.0	0.0	0.2	-0.2	0	0	0	0	0	0	0	0	0	2	0
2105004084	2007	0.2	2.4	0.2	1.2	0	3	2	3	1	0	1	3	0	3	2
2105015565	2000	0.0	0.0	0.1	-0.1	0	0	0	0	0	0	0	0	0	1	0
2105269132	2006	0.4	1.8	0.2	-0.4	0	0	0	2	1	1	0	0	0	0	1
2105361934	2011	-1.0	1.0	0.0	2.2	6	4	5	4	1	5	0	3	6	1	1
2105591820	2006	0.4	1.6	-0.6	4.0	0	0	0	0	2	0	4	2	2	2	1
2105634974	2014	-0.1	1.5	-0.6	3.4	2	2	2	1	2	3	2	2	4	0	0
2105781040	2000	0.4	1.6	0.5	1.3	0	0	0	0	2	2	3	1	2	4	4
2105823394	2005	0.6	3.4	0.4	1.8	0	0	3	4	1	1	3	1	2	7	2
2105946567	1996	0.2	0.8	-0.5	3.7	0	0	0	0	1	0	2	6	0	1	2
2106156992	2013	0.8	3.8	-0.3	1.3	0	0	2	2	3	0	1	1	0	0	0
2106228171	2009	0.7	9.3	-0.8	13.8	6	8	6	5	11	11	14	13	9	9	12
2106233588	2004	0.0	4.6	-0.4	1.6	2	6	8	4	3	1	2	0	0	0	0
2106281576	2012	0.1	3.7	-2.3	10.3	6	0	3	3	5	0	14	0	0	1	2
2106340623	2015	-0.1	4.5	-1.0	4.6	7	3	4	4	6	2	2	6	0	0	0
2106348166	2012	1.3	6.3	7.1	-3.3	0	1	2	4	5	3	8	5	18	26	33
2106520669	2002	-0.7	-0.9	0.3	-0.1	4	1	0	0	1	1	0	1	1	0	2
2106659691	2015	1.7	11.7	0.0	0.0	0	8	12	1	12	0	0	0	0	0	0
2106917834	2009	0.4	2.2	-0.1	1.7	0	0	1	4	0	5	1	2	1	3	0
2106974805	2012	-0.3	0.3	-0.3	2.3	2	2	0	1	1	3	1	3	1	2	0
2106980268	2014	-0.1	1.9	-1.5	10.5	3	1	1	6	0	1	9	5	8	8	0
2106989669	2012	0.1	1.3	-0.1	0.9	2	0	0	1	2	1	1	0	1	1	0
2107094063	2008	7.3	36.5	-3.2	21.0	0	0	26	21	26	22	18	11	17	7	4
2107184605	2003	0.0	0.0	0.4	-0.6	0	0	0	0	0	0	0	0	0	2	1
2107490671	2010	1.7	7.1	-2.1	17.1	0	0	1	1	8	9	14	12	15	7	6
2107521940	2011	1.1	10.3	2.1	11.3	6	5	5	10	9	11	14	13	20	20	21
2107573700	2004	0.6	3.4	-0.2	2.2	1	1	0	3	3	1	1	4	1	0	2
2107726642	2004	-0.2	0.0	0.0	0.0	0	2	1	0	0	0	0	0	0	0	0
2107803903	2000	0.0	0.0	0.8	0.8	0	0	0	0	0	0	0	3	5	5	3
2107811228	2001	0.4	1.6	0.3	-0.3	0	0	0	0	2	1	0	0	1	1	1
2108034294	2000	0.0	0.0	0.0	0.0	0	0	0	0	0	0	0	0	0	0	0
2108134994	2008	0.2	1.8	0.7	-0.3	0	1	2	3	0	1	0	1	2	4	2
2108375291	2009	-0.5	7.9	-0.5	2.1	7	12	9	17	2	0	2	1	0	0	0
2108499568	2011	0.3	3.1	-0.1	1.1	1	4	0	3	3	4	0	1	3	0	0
2108581453	2014	-0.6	-0.6	0.0	0.0	4	0	1	0	1	0	0	0	0	0	0
2108626641	2012	0.5	2.3	-0.2	0.8	0	0	1	1	2	1	1	0	0	0	0
2108691189	2010	0.4	3.0	2.1	4.5	1	1	1	5	1	7	4	10	16	9	15
2108708388	2006	0.0	0.0	0.2	-0.4	0	0	0	0	0	0	0	0	0	0	1
2108896006	2010	-0.8	-1.4	0.0	0.0	3	2	0	0	0	0	0	0	0	0	0
2109042203	2008	1.1	5.9	0.8	1.0	0	0	5	5	3	0	3	1	3	5	5
2109064762	2008	0.4	2.0	-0.3	1.3	0	1	0	1	2	2	1	1	0	0	0
2109099773	2014	0.7	6.7	-0.2	0.8	2	4	7	5	5	1	1	0	0	0	0
2109137159	2010	0.6	3.6	3.3	4.7	0	3	1	1	4	5	5	15	17	14	22
2109351857	2014	1.5	9.9	-0.3	2.7	3	3	5	8	8	5	1	2	5	1	0
2109376833	2005	0.0	0.6	-1.6	10.8	1	0	1	0	1	5	9	8	7	2	4
2109636682	2004	0.0	0.0	0.0	0.0	0	0	0	0	0	0	0	0	0	0	0
2109788877	1997	0.0	0.6	1.3	-0.7	0	0	3	0	0	0	0	4	3	1	8
2109797586	2014	1.2	6.0	-2.8	13.4	0	1	2	5	4	3	8	12	5	0	0
2110091597	2013	-1.3	3.1	-4.0	20.6	7	14	4	5	5	12	18	11	8	5	1
2110349578	2005	2.0	12.2	0.1	4.7	1	2	12	8	8	1	6	7	1	2	9
2110473235	2010	0.5	3.3	0.2	-0.2	0	1	4	2	2	0	0	0	0	2	0
2110705915	2010	-0.2	1.2	0.0	0.0	3	1	2	1	2	0	0	0	0	0	0
2110707874	2012	0.7	11.5	-1.1	16.5	9	5	12	12	9	9	20	10	11	11	14
2110753830	2008	-0.7	4.9	-0.1	1.1	6	7	10	12	0	0	1	1	0	2	0
2110775846	2015	-2.4	-2.0	-0.2	0.8	10	6	8	2	0	5	1	0	0	0	0
2110797574	2006	0.0	0.0	0.0	0.0	0	0	0	0	0	0	0	0	0	0	0
2110809243	2009	0.2	1.6	-0.2	6.0	0	1	1	3	0	4	5	5	8	5	4
2110984307	2013	0.6	3.2	-0.1	1.7	1	0	2	0	4	4	1	0	5	1	0
2111175337	2012	0.4	1.6	1.1	-0.9	0	0	0	0	2	2	2	1	0	2	7
2111276463	2008	-0.2	-0.4	0.1	1.3	1	0	0	0	0	1	2	0	3	1	2
2111332042	2010	0.6	2.4	0.0	0.6	0	0	0	0	3	0	0	1	1	1	0
2111405469	2014	-1.5	1.1	-1.2	5.4	9	8	3	5	3	2	3	6	0	0	0
2111471200	2001	0.1	0.7	0.5	2.7	0	0	1	1	0	1	2	4	4	9	2
2111599228	2011	-0.4	1.0	0.6	3.0	3	3	1	3	1	4	0	9	4	7	4
2111754571	2013	-0.5	3.7	-0.3	1.3	5	9	3	4	5	5	1	1	0	0	0
2111757033	2014	-0.5	0.7	-0.5	2.7	1	6	2	1	1	4	2	1	3	0	0
2111894757	2009	0.1	0.5	-0.3	6.1	0	0	0	1	0	5	7	2	8	5	4
2112004371	2003	-0.2	-0.4	-0.9	4.7	1	0	0	0	0	4	6	1	1	0	2
2112126268	2002	0.0	0.0	0.0	0.0	0	0	0	0	0	0	0	0	0	0	0
2112187811	2007	-0.5	0.5	0.0	0.0	4	0	3	3	0	0	0	0	0	0	0
2112273716	2006	-0.1	0.1	0.0	0.0	1	0	0	1	0	0	0	0	0	0	0
2112394150	2007	2.5	12.9	-3.0	20.4	0	4	5	7	11	5	11	22	13	8	3
2112451192	2008	0.3	1.9	0.0	2.0	0	0	3	1	1	1	3	2	0	2	3
2112621182	2012	0.9	3.9	0.0	0.0	0	0	0	3	3	0	0	0	0	0	0
2112651016	2014	0.3	1.3	-0.1	0.5	0	0	0	1	1	0	0	1	0	0	0
2112722258	2009	1.1	5.5	0.6	-0.2	0	0	2	7	2	2	1	1	1	1	4
2113043869	2000	0.0	0.0	0.0	0.0	0	0	0	0	0	0	0	0	0	0	0
2113185932	2011	2.3	13.9	-0.8	16.6	1	7	6	10	11	12	18	10	15	18	10
2113264552	2014	2.1	13.1	-1.2	7.6	4	3	5	12	10	12	5	5	7	3	0
2113277774	2012	0.0	0.0	0.5	0.9	0	0	0	0	0	1	2	1	1	6	2
2113319397	2008	0.0	0.0	0.0	0.6	0	0	0	0	0	0	0	2	0	0	1
2113496154	2010	0.9	6.9	0.4	6.4	2	4	4	5	6	5	7	6	9	8	8
2113542901	2014	0.0	0.8	-0.1	0.7	0	1	2	1	0	0	0	1	1	0	0
2113648768	2011	0.5	2.5	-0.7	4.9	0	0	1	3	1	1	4	5	1	2	2
2113707818	2010	-0.4	-0.2	0.0	0.6	1	2	2	0	0	0	1	0	1	0	1
2113871370	2012	-0.6	0.0	0.2	-0.2	4	1	2	1	1	1	0	0	0	2	0
2113950879	2002	0.0	0.0	0.0	0.0	0	0	0	0	0	0	0	0	0	0	0
2114072197	2011	-2.1	-0.1	0.0	0.0	6	13	9	2	1	2	0	0	0	0	0
2114173801	2002	0.2	1.2	-0.1	0.5	0	1	0	1	1	1	0	1	0	0	0
2114268393	2006	0.0	0.0	1.4	-2.8	0	0	0	0	0	0	0	0	0	0	7
2114317941	2002	0.2	1.4	0.0	0.0	0	0	2	2	0	0	0	0	0	0	0
2114361230	2007	0.5	3.7	-1.2	5.2	1	2	2	3	3	5	5	2	1	0	0
2114362624	2014	1.9	13.1	-3.2	16.6	5	4	6	11	11	8	12	8	15	0	0
2114795606	2008	-0.1	-0.1	-0.5	2.7	0	1	0	0	0	1	1	3	2	0	0
2114975082	2014	-0.3	0.7	-1.0	6.6	2	3	0	2	1	6	2	7	8	1	0
2115034244	2012	4.8	21.6	1.1	13.7	1	0	7	6	22	11	19	12	16	15	23
2115039528	2003	1.1	9.1	-0.3	5.3	6	1	5	10	7	13	6	3	5	4	4
2115096685	1994	0.0	0.0	0.0	0.0	0	0	0	0	0	0	0	0	0	0	0
2115208004	2013	1.2	9.8	-1.2	11.8	5	4	5	8	9	15	9	8	12	10	2
2115440492	2014	-0.2	0.2	0.0	0.0	1	0	3	0	0	0	0	0	0	0	0
2115863081	2000	0.0	0.0	-0.2	0.8	0	0	0	0	0	0	1	0	0	0	0
2115955933	2013	0.0	0.0	0.0	0.0	0	0	0	0	0	0	0	0	0	0	0
2115979104	2010	-0.2	0.8	0.2	-0.2	0	3	3	1	0	1	0	0	1	0	1
2116004973	2012	0.4	3.2	-0.9	4.3	2	1	1	3	3	5	3	4	0	1	0
2116008615	2011	0.7	3.3	-0.6	7.4	0	1	1	0	4	2	8	7	2	5	6
2116119152	2014	0.5	12.1	-3.1	12.9	10	9	11	12	11	11	15	1	2	0	0
2116122190	2012	0.4	5.0	-0.3	1.7	3	3	4	5	4	2	2	0	1	1	0
2116209495	2005	0.0	0.0	-0.3	6.7	0	0	0	0	0	1	9	5	3	4	8
2116375788	2011	1.8	7.6	-1.0	4.6	0	0	0	4	7	5	5	2	0	0	1
2116466705	2013	1.4	8.2	1.6	7.2	2	3	4	1	10	6	6	12	10	24	8
2116559141	2008	0.0	8.4	-0.6	10.6	8	10	8	6	10	14	16	6	1	10	11
2116873136	2008	0.0	0.0	0.0	0.0	0	0	0	0	0	0	0	0	0	0	0
2117054624	2011	0.0	0.0	0.0	0.0	0	0	0	0	0	0	0	0	0	0	0
2117310676	2005	0.0	0.0	0.6	-0.8	0	0	0	0	0	0	0	0	1	2	2
2117485077	2003	0.8	3.4	5.9	1.7	0	0	1	0	4	5	5	12	22	35	23
2117553164	2011	0.0	0.0	-0.8	4.2	0	0	0	0	0	0	2	4	3	0	0
2117568215	2006	0.0	0.0	0.1	0.5	0	0	0	0	0	0	0	0	3	1	0
2117615860	2012	-2.3	1.1	0.6	3.2	9	17	6	4	4	6	6	3	3	5	8
2117626141	2010	-0.3	-0.3	0.1	0.7	2	0	0	1	0	1	0	3	0	0	2
2117647565	2009	0.0	0.4	0.0	0.4	0	1	0	1	0	2	0	0	2	0	0
2117715968	2006	0.0	0.0	0.0	0.6	0	0	0	0	0	0	0	1	1	1	0
2117782603	2003	-0.4	-0.8	0.3	3.1	2	0	0	0	0	3	2	5	6	2	5
2118137145	2000	0.0	0.0	0.0	0.0	0	0	0	0	0	0	0	0	0	0	0
2118214211	2008	0.1	1.1	-0.3	1.7	0	1	1	2	0	2	2	0	1	1	0
2118257724	2011	0.1	0.7	-0.8	4.2	0	0	1	1	0	1	3	3	2	1	0
2118298011	2000	0.0	0.0	0.0	0.0	0	0	0	0	0	0	0	0	0	0	0
2118299508	2011	0.0	0.0	-0.1	3.7	0	0	0	0	0	2	2	5	5	2	3
2118371760	2011	0.7	3.9	-2.1	9.7	1	0	2	3	3	4	9	5	2	0	1
2118483151	2005	-0.1	0.1	0.1	2.1	1	0	0	1	0	1	3	1	2	4	2
2118779695	2014	-0.4	-0.6	0.0	0.0	1	2	0	0	0	0	0	0	0	0	0
2119012425	2013	0.5	2.3	-0.6	3.0	0	0	0	3	1	2	2	2	2	0	0
2119380415	2003	0.5	3.1	0.3	3.1	1	0	1	5	1	0	1	4	8	5	2
2119394733	2011	0.0	0.0	-1.5	7.5	0	0	0	0	0	0	5	6	3	1	0
2119546815	2005	-0.2	0.2	0.9	2.7	2	0	1	0	1	2	5	4	4	5	9
2119571818	2011	1.9	17.3	0.2	13.8	1	14	19	13	11	23	13	21	9	9	20
2119748216	2007	0.9	3.9	0.0	3.2	0	0	0	3	3	4	3	5	0	5	3
2119763375	2010	-4.5	7.7	0.8	7.4	34	22	20	15	15	11	10	7	13	3	16
2119846317	2014	-0.5	3.9	-0.9	3.9	7	5	6	4	5	3	3	3	0	0	0
2119972174	2006	-0.2	1.6	0.0	0.0	2	4	0	4	1	0	0	0	0	0	0
2120048231	2005	0.0	2.6	0.8	-0.8	2	2	5	2	2	3	0	1	2	1	4
2120140305	2004	-0.3	1.5	-2.4	11.0	4	2	2	1	3	6	11	5	0	3	0
2120162492	2008	0.0	0.0	0.2	-0.4	0	0	0	0	0	0	0	0	0	0	1
2120207348	2014	-2.8	-2.4	-0.5	2.7	16	4	4	4	2	6	1	3	2	0	0
2120317704	2004	-0.1	0.9	-1.9	8.9	1	1	2	2	0	7	8	5	2	0	1
2120394816	2002	0.0	0.0	-1.5	8.1	0	0	0	0	0	7	5	9	1	2	1
2120965470	2010	0.0	0.0	0.0	0.0	0	0	0	0	0	3	0	0	0	0	0
2120971950	2014	-1.7	-0.5	0.0	0.0	8	6	5	3	1	1	0	0	0	0	0
2120979678	2014	-0.1	0.1	-0.5	2.3	1	0	0	1	0	2	2	1	1	0	0
2121069363	2000	0.1	0.5	6.6	-9.8	0	0	0	1	0	2	2	2	2	16	28
2121215760	2012	0.9	5.5	0.0	0.0	0	0	5	9	0	1	0	0	0	0	0
2121262826	2014	-0.2	-0.4	0.0	0.0	1	0	0	0	0	0	0	0	0	0	0
2121376638	2007	0.0	0.0	2.3	2.3	0	0	0	0	0	6	5	5	7	20	9
2121403715	2005	0.9	4.5	-0.9	8.3	1	0	2	1	5	3	6	6	9	5	2
2121443691	2011	0.4	5.4	1.3	-1.5	4	3	4	5	5	1	0	1	3	2	6
2121523516	2006	0.2	0.8	-0.1	0.5	0	0	0	0	1	1	0	1	0	0	0
2121799127	2009	0.9	9.5	1.2	3.4	6	3	7	12	6	5	3	7	8	9	8
2121991166	2003	0.3	3.9	0.3	15.7	0	3	8	2	2	5	13	21	18	12	19
2122010476	2008	0.0	0.4	-0.1	1.1	0	0	2	0	0	0	1	1	1	0	1
2122177297	2013	0.1	1.7	-0.2	0.8	0	3	0	4	0	1	1	0	0	0	0
2122193271	2013	3.5	22.5	-2.2	12.4	1	5	23	20	11	8	7	13	5	3	1
2122210000	2013	-7.7	-10.5	-1.3	10.3	28	26	6	1	2	4	6	8	11	7	0
2122303705	2002	0.0	0.0	-0.6	3.0	0	0	0	0	0	0	1	4	1	0	0
2122451041	2003	-0.6	-0.4	-0.2	2.8	3	1	2	1	0	0	3	4	0	0	4
2122576518	2013	0.9	4.1	-0.8	3.6	0	1	0	2	4	3	2	4	0	0	0
2122710088	2011	-0.1	0.9	1.5	-1.7	2	1	0	2	1	0	0	1	3	4	6
2122739653	2014	0.8	14.6	-3.7	19.1	7	14	16	12	12	15	17	8	10	5	0
2122751853	2014	1.5	8.5	-1.6	7.8	2	0	6	5	7	9	4	8	3	0	0
2122921279	2002	0.0	0.0	0.0	0.0	0	0	0	0	0	0	0	0	0	0	0
2122960772	2013	1.0	4.4	-1.2	7.4	0	0	0	4	3	4	6	5	3	5	0
2123182407	2005	-0.1	-0.1	1.8	-2.0	0	1	0	0	0	0	0	0	4	8	5
2123306026	2012	2.0	9.0	0.1	3.5	0	1	2	3	9	2	4	4	4	1	6
2123485745	2012	0.9	3.9	-1.3	9.1	0	0	1	1	4	3	6	11	3	2	4
2123557187	2014	-0.3	-0.3	-0.4	2.0	1	1	1	0	0	0	1	2	1	0	0
2123838230	2003	0.0	0.0	0.4	-0.2	0	0	0	0	0	0	0	0	2	2	1
2123910355	2003	0.0	0.0	1.1	3.3	0	0	0	0	0	1	5	3	7	12	6
2123985438	2014	0.4	2.0	-1.8	7.8	0	1	0	1	2	0	8	2	2	0	0
2123995904	2002	0.0	0.4	2.5	-2.7	0	1	0	1	0	0	1	2	3	7	11
2124222436	2011	0.2	0.8	-1.3	6.9	0	0	0	0	1	4	6	4	2	3	0
2124225101	2006	0.6	2.6	-0.8	3.4	0	0	0	2	2	0	4	0	1	0	0
2124403451	2006	0.0	0.0	0.7	1.3	0	0	0	0	0	2	1	1	7	6	2
2124457473	2004	0.9	7.7	-1.9	18.5	2	1	10	10	2	2	14	15	16	14	5
2124458555	2009	0.0	0.0	0.9	0.9	0	0	0	0	0	0	0	1	8	8	1
2124468905	2012	-1.0	0.2	-0.2	1.0	5	5	3	1	2	0	0	2	0	0	0
2124613142	2006	-0.2	0.4	-0.2	1.0	1	0	4	0	0	0	0	2	0	0	0
2124707982	2013	0.0	0.0	0.0	0.0	0	0	0	0	0	0	0	0	0	0	0
2124841962	2003	-0.3	0.1	-0.4	2.2	2	1	1	0	1	2	1	3	0	1	0
2124980087	2010	0.7	3.1	0.2	0.6	0	0	1	1	3	1	1	1	1	1	2
2125009864	2007	0.0	0.6	-0.2	0.8	1	0	1	0	1	0	1	0	0	0	0
2125050832	2008	-0.2	0.4	0.0	0.0	1	1	2	1	0	0	0	0	0	0	0
2125086336	2009	0.3	7.1	-0.2	5.2	3	8	8	7	5	2	5	5	3	7	3
2125201152	2013	0.1	3.9	-0.2	2.4	1	4	7	5	1	5	2	2	2	2	1
2125492118	2006	0.0	0.0	1.4	-2.2	0	0	0	0	0	1	0	0	0	6	4
2125682841	2003	0.0	0.0	0.2	1.0	0	0	0	0	0	0	1	2	2	0	3
2125785075	2014	-0.7	-0.5	-0.7	3.9	5	1	0	0	2	3	4	0	4	1	0
2125868245	2007	0.0	0.2	1.4	-1.8	0	0	1	0	0	0	0	1	2	3	6
2125874394	2013	-2.1	-4.1	0.0	0.0	10	1	0	0	0	0	0	0	0	0	0
2126121460	2000	0.0	0.0	1.1	-1.5	0	0	0	0	0	0	0	0	3	1	5
2126386058	2009	0.0	0.0	0.0	1.6	0	0	0	0	0	0	0	2	4	2	0
2126664890	2006	-1.4	26.6	-0.8	3.6	26	28	51	32	17	1	4	1	0	1	0
2126670394	2011	1.4	9.2	-0.8	7.6	1	3	8	7	6	5	7	6	4	6	3
2126887540	2004	0.0	0.0	0.5	0.9	0	0	0	0	0	0	1	1	6	0	4
2126968285	2011	-1.0	5.6	2.0	10.4	10	7	16	3	7	2	10	21	14	13	24
2126971597	2012	1.4	10.2	-0.6	6.8	2	3	10	9	6	2	4	8	5	6	2
2127181958	2011	-2.9	-3.9	0.5	0.3	15	1	6	2	0	0	0	1	3	4	1
2127389950	2009	-0.1	8.7	-0.4	16.4	9	12	7	5	12	9	10	22	16	18	10
2127412708	2010	0.0	0.0	4.4	3.0	0	0	0	0	0	0	3	16	20	18	24
2127628539	2009	-1.4	3.0	-0.3	11.1	12	8	4	6	6	11	11	11	7	14	8
2127909259	2004	0.0	1.0	1.7	-2.1	0	2	2	0	1	0	0	0	4	5	6
2128005576	2012	0.0	0.0	0.0	0.0	0	0	0	0	0	0	0	0	0	0	0
2128273557	2013	-2.9	-0.3	0.0	0.0	13	12	11	3	3	3	0	0	0	0	0
2128406112	2003	0.1	0.5	0.0	0.2	0	0	0	1	0	2	0	0	1	0	0
2128505437	2005	0.0	0.0	0.0	0.0	0	0	0	0	0	0	0	0	0	0	0
2128579718	2010	0.0	0.0	-0.5	2.7	0	0	0	0	0	1	2	3	0	0	1
2128684847	2011	0.2	0.8	-0.2	1.2	0	0	0	0	1	0	1	1	0	1	0
2128836615	2005	0.7	3.5	-0.3	11.5	1	0	0	3	3	5	10	15	7	10	11
2128961535	2015	-0.1	-0.1	0.0	0.0	0	1	0	0	0	0	0	0	0	0	0
2128988761	2010	-0.2	-0.4	0.4	0.8	1	0	0	0	0	0	0	4	1	2	3
2129031682	2014	0.8	3.4	0.0	0.0	0	0	0	2	3	0	0	0	0	0	0
2129036690	2006	-0.2	3.0	3.2	-1.6	6	2	1	6	3	2	4	4	5	10	17
2129285711	2012	-0.2	0.2	0.2	0.0	0	3	0	1	0	0	0	0	1	2	0
2129315804	2015	-0.3	0.1	-2.1	9.7	2	1	1	0	1	8	5	11	1	0	0
2129418036	1998	0.1	0.5	0.7	-0.5	0	0	0	1	0	1	0	1	1	4	2
2129438427	2009	0.2	0.8	-0.3	1.3	0	0	0	0	1	0	1	1	0	0	0
2129452128	2009	0.4	2.4	0.0	0.2	1	0	1	2	2	0	0	0	1	0	0
2129456769	2013	0.0	0.0	-0.1	2.9	0	0	0	0	0	0	0	4	6	3	0
2129572409	2009	0.2	0.8	2.9	-4.5	0	0	0	0	1	1	0	1	2	6	12
2129593249	2012	0.3	1.7	0.4	-0.6	1	0	0	1	2	1	0	0	1	0	2
2129696040	2009	0.3	2.5	-0.4	1.6	1	1	2	2	2	1	2	0	0	0	0
2129707538	2011	1.8	13.4	-1.2	9.4	2	7	13	7	11	9	8	10	2	4	5
2129840949	2008	4.4	24.6	-1.9	18.7	0	3	23	15	16	13	17	17	12	6	13
2130006258	2011	0.2	0.8	0.9	0.3	0	0	0	0	1	2	4	0	1	3	7
2130233059	2014	0.7	4.3	-0.5	3.5	0	0	6	3	2	1	2	2	5	1	0
2130371764	2004	0.8	3.6	0.3	5.7	0	0	2	0	4	13	7	4	8	7	7
2130446888	2009	0.6	7.6	-1.4	29.2	5	4	8	4	8	11	26	29	25	23	22
2130533168	2006	0.4	1.6	-0.6	3.2	0	0	0	0	2	0	4	0	2	0	1
2130638385	2008	0.1	7.1	-1.3	6.3	4	5	15	6	4	6	5	3	4	0	0
2130647009	2005	0.0	0.0	5.1	-5.3	0	0	0	0	0	1	2	0	14	13	21
2130687195	2009	0.4	8.2	-2.1	20.5	5	8	8	6	8	4	23	11	12	14	11
2130779389	2010	0.6	2.4	-0.3	2.1	0	0	0	0	3	1	1	3	1	0	1
2130877461	2011	0.7	5.7	2.4	0.2	1	4	5	3	5	5	3	4	10	6	14
2130924367	2014	0.8	3.4	-0.2	0.8	0	0	0	2	3	1	1	0	0	0	0
2130968869	2002	0.0	0.0	0.0	0.0	0	0	0	0	0	0	0	0	0	0	0
2131075225	2012	0.0	0.0	0.0	0.0	0	0	0	0	0	0	0	0	0	0	0
2131079553	2008	0.5	3.1	-0.7	2.9	0	2	2	1	3	5	3	1	0	0	0
2131274496	2012	-0.5	-0.5	0.0	0.0	2	1	2	0	0	0	0	0	0	0	0
2131378765	2015	-0.2	0.2	-1.0	4.0	2	0	0	2	0	1	5	0	0	0	0
2131442170	2013	-1.3	0.1	-0.6	2.8	6	4	7	3	0	4	2	2	1	0	0
2131464134	2011	0.3	1.7	0.1	2.3	0	1	1	0	2	0	1	2	7	1	2
2131688799	2004	0.0	0.0	-0.2	0.8	0	0	0	0	0	0	1	0	0	0	0
2131706324	2010	0.2	0.8	-3.0	14.6	0	0	0	0	1	3	14	7	3	3	1
2131759505	2013	0.0	1.0	-0.2	0.8	1	0	2	2	0	0	1	0	0	0	0
2131857602	2005	1.9	16.1	-1.6	11.8	9	7	11	6	19	17	11	6	9	6	3
2132032762	2002	0.0	0.0	0.0	0.0	0	0	0	0	0	0	0	0	0	0	0
2132053256	2009	-1.1	-1.3	0.2	-0.4	5	3	0	2	0	3	0	0	0	0	1
2132056394	2013	-0.3	0.9	-1.0	4.0	1	4	1	3	0	4	5	0	0	0	0
2132229286	2010	0.3	1.3	0.0	0.0	0	0	0	1	1	0	0	0	0	0	0
2132246969	2014	0.0	0.0	0.0	0.0	0	0	0	0	0	0	0	0	0	0	0
2132371958	2002	0.9	3.9	2.1	-2.1	0	0	0	3	3	3	2	1	2	6	10
2132452411	2011	-0.9	9.3	0.0	2.2	17	4	16	17	6	5	3	1	2	3	2
2132499049	2014	0.2	1.0	0.1	0.1	0	0	1	0	1	1	0	0	1	1	0
2132852458	2013	2.0	16.4	-0.8	12.0	7	8	10	12	15	14	13	8	8	12	7
2132908064	2014	-0.1	8.5	-1.4	13.8	10	8	4	17	5	16	5	10	27	6	0
2132946446	2000	0.0	0.0	0.2	-0.4	0	0	0	0	0	0	0	0	0	0	1
2132966298	2012	1.0	7.2	-0.3	1.3	0	4	5	10	2	0	1	1	0	0	0
2133024693	2011	0.6	7.8	2.4	1.4	3	5	10	7	5	9	3	7	9	11	13
2133263018	2011	6.9	34.3	-3.8	48.6	0	1	13	38	16	15	35	51	45	27	28
2133344717	2013	-0.6	-0.6	0.0	0.0	2	2	2	0	0	2	0	0	0	0	0
2133458302	2010	-1.5	0.3	0.1	0.9	8	7	3	4	2	1	0	2	2	1	1
2133738430	2007	0.2	0.8	0.3	2.5	0	0	0	0	1	4	3	2	2	9	1
2133938339	2013	0.2	3.4	-0.6	3.4	2	4	2	2	4	2	3	2	1	2	0
2134062735	2010	-1.9	-0.9	-0.3	3.3	5	14	1	3	1	6	0	5	5	2	0
2134359195	2015	0.3	4.5	-0.2	1.4	4	1	4	6	3	1	0	2	2	0	0
2134475986	2015	1.3	9.3	-3.8	17.2	0	7	7	6	7	4	11	16	2	0	0
2134507548	2003	0.0	0.0	0.0	0.0	0	0	0	0	0	0	0	0	0	0	0
2134593789	2002	0.0	0.4	-0.3	2.1	0	0	2	0	0	0	2	1	1	2	0
2134835601	2010	0.0	0.0	0.2	-0.4	0	0	0	0	0	0	0	0	0	0	1
2135098536	1995	0.0	0.0	4.2	-7.8	0	0	0	0	0	0	0	0	1	4	19
2135189109	2006	-0.6	2.8	0.0	0.4	5	7	4	3	4	6	1	0	0	0	1
2135471349	2005	0.0	0.0	0.6	-0.8	0	0	0	0	0	0	0	1	0	1	3
2135487126	2004	0.8	3.2	1.2	4.0	0	0	0	0	4	1	8	4	4	12	10
2135920179	2010	0.4	1.6	0.5	0.1	0	0	0	0	2	1	1	1	1	2	3
2135927516	2009	1.9	14.5	-2.7	15.1	8	3	11	6	16	10	14	6	10	3	2
2135958607	2008	0.1	0.5	0.2	1.4	0	0	0	1	0	0	0	4	1	4	1
2136036615	2012	-0.4	-0.4	0.0	0.0	2	1	0	1	0	0	0	0	0	0	0
2136115836	2011	1.9	10.3	2.5	8.3	2	1	6	4	10	13	9	13	16	26	15
2136179193	2013	0.2	2.8	-0.2	4.0	1	4	1	2	3	2	1	4	9	2	1
2136266794	2014	0.2	1.8	0.0	0.0	1	2	0	0	3	2	0	0	0	0	0
2136549642	2011	-0.4	3.0	0.7	1.1	5	4	5	4	3	3	0	4	4	5	3
2136575268	2010	-0.5	0.5	0.3	1.7	3	1	5	0	1	1	2	1	5	2	3
2136696627	2011	-2.3	-0.3	0.7	10.3	9	12	6	5	1	3	9	11	17	14	11
2136816253	2001	0.0	0.0	0.8	-1.4	0	0	0	0	0	0	0	0	0	2	3
2136933829	2000	0.0	0.0	0.0	0.0	0	0	0	0	0	0	0	0	0	0	0
2136953855	2012	0.0	2.2	4.1	-4.699999999999998	2	2	2	4	1	3	4	1	3	10	20
2137005904	2011	0.8	3.4	-0.3	2.3	0	0	0	2	3	1	1	4	0	1	1
2137165949	2003	-0.4	0.8	-0.6	2.4	4	2	0	2	2	2	3	0	0	0	0
2137266704	2004	0.2	1.2	0.1	6.1	0	0	2	0	1	0	5	7	10	2	8
2137467464	2009	0.4	1.8	-0.4	2.6	0	0	1	0	2	1	3	1	1	1	1
2137543114	2014	1.6	8.8	-0.2	0.8	1	3	0	11	5	2	1	0	0	0	0
2137721112	2012	0.7	5.3	-0.9	4.3	0	3	5	6	2	3	2	5	1	0	0
2137787012	2011	-2.3	-1.9	-0.6	5.2	14	1	6	2	2	0	1	5	10	1	0
2137872106	2001	0.4	1.6	0.0	0.0	0	0	0	0	2	0	0	0	0	0	0
2137888961	2012	0.0	1.4	1.2	0.0	1	1	3	1	1	2	2	3	3	1	9
2137930062	2006	0.0	0.0	1.6	10.8	0	0	0	0	0	1	12	15	14	19	18
2138250145	2012	-0.8	11.4	-1.6	9.8	19	10	14	12	14	8	11	4	4	2	4
2138515857	2003	0.0	0.0	0.7	-1.1	0	0	0	0	0	0	0	0	1	1	3
2138623437	2008	0.7	3.7	-1.0	5.2	1	0	2	1	4	3	5	2	2	2	0
2138694383	2008	0.4	3.4	0.0	0.0	0	1	7	1	2	0	0	0	0	0	0
2138730132	2006	-1.3	3.5	0.5	-0.5	5	10	15	7	0	0	0	0	0	5	0
2138774193	2010	-0.4	-0.8	0.2	-0.2	2	0	0	0	0	1	0	0	1	0	1
2138788641	2012	-2.5	0.5	0.5	5.5	12	10	11	5	2	3	8	4	6	9	8
2138812682	2002	0.0	0.0	0.4	0.2	0	0	0	0	0	0	0	1	2	3	1
2138942620	2006	0.2	1.2	-0.7	3.5	1	0	0	0	2	1	3	1	3	0	0
2139359872	2004	1.5	9.1	0.0	1.0	2	2	5	7	7	4	0	2	1	2	0
2139383353	2002	0.0	0.0	-0.4	2.0	0	0	0	0	0	0	2	1	0	1	0
2139563917	2011	2.4	16.4	1.8	7.4	6	5	9	11	15	10	8	5	23	17	11
2140139299	2014	0.3	3.5	-0.6	6.2	3	1	2	4	3	6	1	7	11	3	0
2140142482	2014	0.0	0.2	0.0	0.0	0	0	1	0	0	0	0	0	0	0	0
2140193922	2013	5.0	32.4	-2.6	13.2	10	13	14	17	33	15	12	8	3	2	2
2140246466	2014	-0.5	6.7	-1.5	8.7	10	11	3	8	9	7	4	9	6	2	0
2140299053	2011	0.9	4.1	1.0	0.4	0	0	1	3	3	0	0	3	4	7	3
2140415916	2006	1.2	5.4	-1.7	11.3	0	0	0	6	3	7	12	6	5	3	5
2140420991	2000	-0.2	-0.4	-0.1	3.5	1	0	0	0	0	4	5	3	2	0	6
2140835453	2002	0.0	0.0	0.1	-0.1	0	0	0	0	0	0	0	0	0	1	0
2141043845	2013	0.8	10.2	-0.2	5.4	7	8	5	8	11	13	5	5	2	11	1
2141044430	2014	0.7	5.9	-1.9	9.7	2	3	5	4	5	3	6	8	5	1	0
2141239370	2011	-1.1	-0.7	0.0	0.0	3	7	1	2	0	0	0	0	0	0	0
2141240247	2014	-2.5	2.5	-1.8	9.8	10	17	13	8	2	9	8	3	10	1	0
2141557542	2006	0.4	1.6	1.8	-0.6	0	0	0	0	2	5	1	0	8	10	5
2141591688	2006	0.0	0.0	0.0	0.6	0	0	0	0	0	0	0	0	3	0	0
2141739943	2008	0.2	0.8	1.5	3.5	0	0	0	0	1	0	0	10	10	15	5
2141859088	2006	2.9	13.3	-1.0	5.2	0	0	4	9	10	6	5	3	1	1	1
2141917321	2001	0.0	0.0	0.0	0.0	0	0	0	0	0	0	0	0	0	0	0
2141922035	2012	0.2	2.0	0.2	3.0	0	3	0	3	1	0	3	3	5	3	4
2141954396	2010	-0.9	-1.7	0.0	0.0	4	1	0	0	0	0	0	0	0	0	0
2142144324	2011	0.0	10.6	-1.8	14.6	9	8	19	8	9	8	10	16	7	8	5
2142236357	2014	0.3	1.3	-0.1	0.5	0	0	0	1	1	4	0	1	0	0	0
2142251200	2001	0.0	0.0	0.0	0.0	0	0	0	0	0	0	0	0	0	0	0
2142476884	2004	-0.7	1.7	2.0	2.8	4	3	9	2	1	0	4	8	8	12	12
2142477919	2010	3.6	21.8	3.0	13.8	2	7	14	17	15	14	18	21	21	21	33
2142521509	2004	0.4	1.8	-0.2	0.8	0	0	1	0	2	2	1	0	0	0	0
2142528260	2007	0.0	0.0	0.2	0.6	0	0	0	0	0	0	1	1	0	3	1
2142540666	2008	2.7	19.5	-1.4	9.0	9	6	11	11	20	8	6	8	5	4	1
2142600833	2010	2.1	18.7	-2.4	32.0	9	14	8	9	22	22	30	23	25	33	13
2142603089	2003	-0.3	-0.3	0.5	-0.5	1	1	1	0	0	0	0	1	1	0	3
2142606130	2009	0.0	0.0	1.2	-1.8	0	0	0	0	0	0	0	0	1	4	4
2142834820	2007	-0.6	0.2	-0.2	3.4	2	4	3	0	1	1	4	2	4	0	4
2143249676	2007	0.7	3.9	-0.1	4.5	0	2	2	1	4	3	5	5	1	6	4
2143414206	2009	1.3	7.3	0.0	0.6	0	1	4	10	2	3	0	2	0	0	1
2143517294	2006	0.0	0.0	0.7	-0.5	0	0	0	0	0	1	0	2	1	1	4
2143560452	2012	0.3	1.9	-0.2	0.8	0	0	3	1	1	1	1	0	0	0	0
2143737760	2001	0.0	0.0	0.1	-0.1	0	0	0	0	0	0	0	0	0	1	0
2143804335	2014	-1.2	0.0	-0.6	2.6	3	8	6	0	1	1	2	2	0	0	0
2143875236	2012	0.1	1.1	0.0	0.0	1	0	0	3	0	0	0	0	0	0	0
2143875278	2008	-2.1	5.7	-0.5	2.5	10	17	20	10	3	1	0	5	0	0	0
2144161069	2006	0.0	0.0	1.8	-1.8	0	0	0	0	0	0	1	1	3	5	8
2144244693	2010	0.2	5.4	-0.3	2.9	4	4	5	8	3	2	5	0	0	3	2
2144399546	2015	0.0	0.0	0.0	0.0	0	0	0	0	0	0	0	0	0	0	0
2144806485	2010	0.4	2.6	0.0	0.0	0	1	3	1	2	0	0	0	0	0	0
2144857100	2011	0.0	0.0	1.1	-1.5	0	0	0	0	0	0	0	0	1	5	3
2144967616	2004	2.2	12.0	-1.0	4.4	0	1	10	9	7	4	5	0	2	0	0
2144983540	2011	0.0	0.0	0.5	0.1	0	0	0	0	0	0	1	2	0	1	4
2145303506	2008	-0.4	1.0	0.0	0.0	3	2	3	2	1	0	0	0	0	0	0
2145588887	2012	0.9	7.9	0.4	1.8	6	1	4	8	7	4	4	2	0	4	5
2145699650	2012	1.1	7.3	-0.6	2.4	2	3	4	4	7	2	3	0	0	0	0
2145801676	2003	0.0	0.0	1.6	-2.8	0	0	0	0	0	0	0	0	1	2	7
2145801772	2010	-0.2	-0.2	1.8	-2.0	1	0	1	0	0	0	0	0	4	8	5
2145805884	2006	0.0	0.0	0.0	1.0	0	0	0	0	0	2	2	0	1	0	2
2146048256	2007	-0.9	0.5	2.1	3.9	1	11	2	0	2	10	4	9	15	8	15
2146306046	2014	0.4	2.8	-3.3	25.7	1	0	2	4	1	2	8	26	36	9	0
2146436343	2003	0.0	0.0	2.5	-1.3	0	0	0	0	0	0	0	5	7	8	11
2147008306	2009	0.0	0.0	-0.3	2.7	0	0	0	0	0	0	4	1	0	2	2
2147119203	2014	0.5	7.5	-0.6	3.2	3	7	9	4	7	6	3	2	0	2	0
2147182381	2013	0.1	0.5	0.0	1.0	0	0	0	1	0	0	1	0	2	2	0
2147468748	2005	0.8	4.2	0.3	5.3	0	0	3	4	2	3	5	7	5	8	6
2147469531	2004	0.3	2.3	0.0	0.0	1	2	0	1	3	0	0	0	0	0	0
2147480086	2013	0.3	2.3	-0.2	2.0	1	1	2	0	3	1	1	2	2	2	0
2147533149	2011	3.4	14.8	1.3	-0.3	1	1	0	5	16	9	1	3	4	2	8
2147835917	2010	0.0	0.0	0.3	-0.5	0	0	0	0	0	0	0	0	0	1	1
2147856635	2005	0.0	1.2	0.1	0.7	1	1	1	3	0	1	0	0	4	1	0
2147887109	2013	1.3	5.5	-0.2	1.6	0	0	0	3	5	2	2	0	1	2	0
2148219056	2001	0.0	0.0	0.1	0.3	0	0	0	0	0	0	1	0	0	1	1
2148252713	2013	0.5	2.5	0.0	0.0	0	1	0	2	2	0	0	0	0	0	0
2148269573	2012	0.0	0.0	-1.0	6.6	0	0	0	0	0	1	4	4	8	2	0
2148571677	2010	0.0	0.4	-0.7	3.1	0	0	2	0	0	0	3	1	1	0	0
2148692915	2009	2.0	13.6	-0.3	8.1	3	7	7	9	12	6	9	9	3	6	9
2148887477	2003	0.3	1.9	0.3	0.3	1	1	0	0	3	2	0	1	2	2	1
2149179121	2005	-0.4	-0.8	0.0	0.0	2	0	0	0	0	0	0	0	0	0	0
2149466897	2013	0.8	4.0	-1.4	5.8	0	0	3	2	3	5	7	0	1	0	0
2149890508	2005	-0.3	-0.5	0.0	0.0	1	1	0	0	0	0	0	0	0	0	0
2149967164	2003	0.1	0.5	2.2	-3.4	0	0	0	1	0	5	1	1	0	3	11
2150041333	2015	0.1	5.7	-0.8	3.8	7	3	7	2	8	2	2	4	1	0	0
2150143441	2007	-0.1	3.7	-1.2	5.8	1	7	7	2	3	2	5	4	1	0	1
2150238559	2006	0.1	0.5	-0.1	0.9	0	0	0	1	0	0	1	0	1	1	0
2150321504	2011	-0.4	-0.4	0.0	0.0	2	0	2	0	0	0	0	0	0	0	0
2150413527	2013	0.5	5.1	-0.1	2.1	1	4	5	5	3	2	2	1	3	2	1
2150448886	2007	-3.3	-4.3	0.0	0.2	11	11	6	0	0	0	0	0	1	0	0
2150645749	2005	3.5	19.7	-2.0	14.0	2	6	9	13	16	19	6	14	16	2	2
2150662063	2008	-0.7	3.7	-1.0	9.6	9	3	7	6	4	11	9	10	3	4	7
2150814619	2004	0.4	1.6	-1.0	4.8	0	0	0	0	2	2	4	3	1	1	0
2150822877	2007	0.0	0.0	2.5	-1.3	0	0	0	0	0	0	3	1	7	8	12
2150860615	2003	1.5	7.1	2.6	18.0	0	0	4	3	6	15	11	31	34	27	26
2150962668	2002	0.0	0.0	1.4	0.6	0	0	0	0	0	0	0	6	5	6	7
2151071109	2010	0.0	0.0	0.1	-0.1	0	0	0	0	0	0	0	0	0	1	0
2151084988	2005	0.0	0.2	-1.1	5.5	0	0	1	0	0	1	3	6	1	1	0
2151090628	2014	3.0	13.6	-3.0	14.2	0	1	3	7	12	11	12	8	4	2	0
2151111624	2009	-0.4	0.8	0.0	0.0	1	4	3	2	0	1	0	0	0	0	0
2151150107	2011	0.1	3.5	-0.5	7.7	3	3	3	4	3	5	5	8	7	9	2
2151338004	2010	0.0	0.0	-0.3	1.3	0	0	0	0	0	3	1	1	0	0	0
2151411149	2013	0.6	5.6	-0.4	2.0	0	6	5	4	4	2	1	2	1	0	0
2151467832	2005	0.0	0.0	0.0	0.0	0	0	0	0	0	0	0	0	0	0	0
2151497270	2002	-0.2	0.2	-0.4	1.6	0	2	2	0	0	0	2	0	0	0	0
2151841224	2007	0.1	2.1	0.8	0.6	1	3	2	0	3	3	4	0	2	2	7
2151882070	2011	0.0	0.0	0.0	8.4	0	0	0	0	0	8	13	2	12	2	13
2152129726	2014	0.3	16.1	-3.0	17.6	12	15	22	12	15	2	12	12	13	6	0
2152263836	2010	1.4	5.6	-0.9	4.7	0	0	0	0	7	8	5	1	2	2	0
2152742497	2009	0.0	0.0	-0.2	3.0	0	0	0	0	0	0	0	5	4	3	0
2152746768	2009	0.3	4.5	1.4	12.2	6	1	3	0	8	10	14	12	22	14	20
2152759239	2002	0.0	0.0	-0.1	1.7	0	0	0	0	0	1	1	3	1	0	2
2152922038	2003	0.0	0.0	-0.6	3.4	0	0	0	0	0	1	2	4	1	0	1
2152986995	2003	1.1	5.5	1.0	0.2	0	2	1	3	5	3	3	1	2	3	7
2153093055	2005	-0.1	-0.1	1.9	-3.5	0	1	0	0	0	0	0	1	0	0	10
2153333472	2005	0.0	0.4	1.2	-2.0	0	0	2	0	0	0	0	0	2	0	6
2153403073	2015	0.3	2.9	0.0	0.0	2	1	3	0	4	1	0	0	0	0	0
2153464239	2011	0.0	3.6	-0.2	2.2	5	0	6	4	3	3	1	4	1	0	2
2153729420	2003	-0.2	-0.4	3.8	-4.4	1	0	0	0	0	0	0	0	10	12	13
2154038270	2014	-1.2	-1.0	0.0	0.0	6	3	1	3	0	0	0	0	0	0	0
2154120132	2001	0.0	0.0	0.7	-0.9	0	0	0	0	0	0	0	0	1	3	2
2154147473	2006	2.0	10.6	-1.6	10.2	0	2	5	10	6	5	11	4	6	2	4
2154367007	2002	0.3	1.5	0.3	-0.3	0	0	0	3	0	2	0	0	1	1	1
2154459738	2015	-1.3	2.7	0.0	0.0	9	7	7	8	2	0	0	0	0	0	0
2154473071	2010	0.5	5.9	0.4	1.0	1	6	8	1	6	6	0	2	5	2	2
2154538814	2008	6.4	40.2	-8.4	42.0	11	14	17	26	37	35	39	16	22	4	3
2154642950	2011	-1.0	-0.8	0.0	0.0	4	4	1	2	0	0	0	0	0	0	0
2154690304	2004	0.0	5.2	-2.2	10.4	5	5	7	3	6	20	12	3	0	3	1
2154701305	2013	1.6	11.6	1.8	10.4	2	2	15	8	7	7	8	12	18	36	5
2154799673	2002	0.0	0.0	0.0	0.0	0	0	0	0	0	0	0	0	0	0	0
2154845982	2008	0.0	0.0	0.0	0.0	0	0	0	0	0	0	0	0	0	0	0
2154940096	2012	-1.3	3.1	1.8	-1.2	6	15	5	4	5	6	2	2	2	6	9
2154970772	2014	-0.3	1.9	-1.0	5.8	5	1	2	4	2	0	3	5	5	1	0
2155024381	2014	0.0	0.0	0.0	0.0	0	0	0	0	0	0	0	0	0	0	0
2155053817	2010	0.6	7.8	-1.5	26.5	4	9	2	7	8	17	26	21	24	20	19
2155077995	2012	0.1	0.7	0.5	2.1	0	1	0	0	1	0	3	1	4	8	2
2155203226	2009	5.7	27.7	-0.3	18.5	3	5	2	18	25	19	13	24	17	21	13
2155241416	2009	-0.1	1.5	-0.4	1.6	1	3	3	0	2	2	2	0	0	0	0
2155410336	2006	0.2	0.8	1.2	1.6	0	0	0	0	1	0	4	2	4	10	6
2155500052	2012	0.0	0.2	-0.5	3.1	0	0	1	0	0	3	2	3	1	2	0
2155508843	2005	0.0	0.0	0.2	0.0	0	0	0	0	0	1	0	0	2	0	1
2155560721	2013	-0.3	1.3	0.1	-0.1	4	0	3	3	1	0	0	0	0	1	0
2155752892	2007	1.5	6.1	-2.4	11.6	0	0	0	1	7	2	14	3	1	1	3
2156048252	2010	-2.3	3.1	-0.6	2.4	12	17	6	12	3	0	3	0	0	0	0
2156057592	2013	-3.8	12.4	-10.4	49.4	37	27	17	13	25	29	45	24	12	10	0
2156061973	2009	0.0	0.0	0.7	-1.3	0	0	0	0	0	0	0	0	0	1	3
2156070389	2008	-0.9	6.9	-0.1	2.3	11	9	14	6	8	0	2	2	3	1	2
2156395590	2015	-0.5	-0.3	0.0	0.0	2	2	1	1	0	1	0	0	0	0	0
2156431734	2009	1.2	7.8	1.6	2.6	2	2	5	6	6	2	4	8	4	10	11
2156498571	2008	3.6	22.2	-1.1	16.9	3	2	22	16	14	14	14	19	12	10	13
2156872840	2008	0.9	4.1	-0.2	1.4	1	0	0	1	5	1	2	0	1	0	1
2157101960	2006	-0.4	-0.6	0.0	0.0	1	2	0	0	0	0	0	0	0	0	0
2157204938	2012	0.0	0.0	0.0	0.0	0	0	0	0	0	0	0	0	0	0	0
2157213243	2011	0.0	0.0	-1.4	6.4	0	0	0	0	0	0	4	6	1	0	0
2157274563	2011	0.7	4.1	0.6	5.8	0	2	2	3	3	7	7	6	6	12	7
2157655962	2005	0.2	0.8	-1.6	7.6	0	0	0	0	1	8	8	3	1	1	1
2157899901	2011	2.9	12.1	-2.7	11.7	0	0	0	5	12	23	15	1	0	0	2
2157960410	2000	0.4	1.8	-0.1	1.3	0	0	1	0	2	0	2	1	0	0	2
2158149647	2002	0.3	1.3	1.3	-0.3	0	0	0	1	1	0	2	3	1	4	8
2158255297	2011	-0.3	1.5	-0.3	1.7	0	7	3	0	2	1	2	0	1	1	0
2158260898	2012	0.7	3.5	0.0	0.0	0	2	0	1	4	0	0	0	0	0	0
2158269646	2014	-0.6	-1.2	0.0	0.0	3	0	0	0	0	0	0	0	0	0	0
2158302723	2014	1.6	11.0	-2.3	13.5	4	3	7	7	10	10	6	12	14	1	0
2158637162	2011	0.9	4.3	1.1	-0.3	0	1	0	4	3	5	1	0	5	5	4
2158768696	2011	-2.2	-2.2	-0.5	13.3	11	6	2	0	3	14	9	16	14	11	9
2158783344	2012	-1.0	4.0	-3.2	17.0	1	22	2	6	4	6	11	17	4	3	2
2159011737	2004	0.0	0.0	2.5	-2.5	0	0	0	0	0	0	0	1	5	12	7
2159206680	2014	1.5	6.7	-0.3	7.3	0	0	0	7	4	5	0	8	19	5	0
2159209699	2014	-0.4	3.2	-1.8	10.8	5	6	3	4	4	19	4	11	11	1	0
2159641247	2001	0.0	0.0	3.7	-4.9	0	0	0	0	0	0	0	6	3	1	21
2160041688	2007	1.2	5.2	-0.5	3.3	0	0	1	2	5	1	2	3	3	0	1
2160530418	2003	0.4	1.8	0.0	2.2	0	0	1	0	2	1	0	6	2	0	3
2160587199	2005	0.0	0.0	0.4	-0.6	0	0	0	0	0	0	0	0	0	2	1
2160785160	2010	-0.4	1.4	-0.1	5.7	4	1	4	3	1	0	9	1	4	8	5
2160966931	2009	0.4	6.6	-0.9	10.3	6	1	8	7	5	6	12	6	7	5	8
2161096072	2010	2.1	9.1	-3.5	29.5	0	2	0	1	11	13	28	16	25	15	11
2161122016	2004	0.3	1.9	3.8	3.0	1	1	0	0	3	2	3	13	20	15	21
2161281631	2008	0.0	1.2	0.0	0.0	0	4	0	0	2	0	0	0	0	0	0
2161282059	2004	0.1	1.9	1.3	0.3	1	1	3	2	1	1	1	3	5	6	6
2161289470	2011	3.1	14.1	0.8	8.2	2	1	0	6	15	6	9	12	7	12	13
2161294656	2012	0.3	2.1	-0.5	3.3	0	2	1	1	2	0	2	3	3	0	1
2161344787	2004	1.0	4.0	-0.2	2.6	0	0	0	0	5	0	1	4	3	0	2
2161348131	2011	0.1	0.7	0.6	-0.2	0	0	1	1	0	1	1	0	2	2	3
2161364670	2009	0.6	2.4	-0.6	3.6	0	0	0	0	3	0	3	2	3	0	1
2161572675	2002	2.9	14.9	0.5	5.9	0	2	7	13	9	6	1	11	12	8	5
2161630513	2012	0.0	0.6	0.0	0.0	1	0	0	2	0	0	0	0	0	0	0
2161639598	2009	0.0	0.0	0.0	0.0	0	0	0	0	0	0	0	0	0	0	0
2161735462	2000	0.1	0.5	0.0	0.0	0	0	0	1	0	0	0	0	0	0	0
2161752117	2013	0.5	7.5	-1.9	12.7	6	3	7	8	6	11	8	8	15	3	1
2162116654	2010	0.0	0.2	0.2	0.2	0	0	1	0	0	1	0	0	2	2	0
2162608454	2003	0.0	0.0	0.0	0.0	0	0	0	0	0	0	0	0	0	0	0
2162670899	2009	0.7	4.7	-0.5	3.3	2	1	0	8	2	3	4	0	3	1	1
2162991425	2013	-0.1	-0.1	0.0	0.0	0	1	0	0	0	0	0	0	0	0	0
2163116786	2014	0.4	2.6	-1.0	7.4	1	1	1	1	3	1	2	6	14	0	0
2163230821	2013	0.1	1.1	-0.1	0.5	0	1	1	2	0	1	0	1	0	0	0
2163258159	2007	0.0	0.0	0.0	0.0	0	0	0	0	0	0	0	0	0	0	0
2163554368	2012	0.2	5.8	2.1	2.5	5	4	8	2	7	8	8	2	9	11	14
2163564647	2014	0.8	3.2	-0.3	1.3	0	0	0	0	4	5	1	1	0	0	0
2163570495	2012	-0.2	1.2	-0.2	0.8	1	2	5	0	1	0	1	0	0	0	0
2163809637	2013	-0.9	-1.5	-0.2	0.8	4	1	1	0	0	0	1	0	0	0	0
2163876039	2007	-0.8	-0.8	-0.2	1.2	2	4	2	0	0	1	0	2	1	0	0
2163948149	2008	0.0	0.0	-2.0	9.0	0	0	0	0	0	0	8	5	1	1	0
2164096993	2008	0.6	2.8	0.7	-0.5	0	0	0	4	1	0	1	1	0	2	4
2164157085	2007	0.0	0.2	3.1	-2.5	0	0	1	0	0	4	1	3	8	8	14
2164306456	2007	0.6	3.0	-0.5	4.3	1	0	0	2	3	2	4	2	5	1	2
2164380808	2006	0.2	0.8	1.8	-3.4	0	0	0	0	1	0	0	0	0	2	8
2164782366	2001	0.0	0.0	-0.1	2.3	0	0	0	0	0	1	4	1	0	2	3
2164864761	2013	-0.1	0.1	0.1	0.1	1	0	0	1	0	0	0	0	1	1	0
2164946101	2012	-0.6	1.4	0.1	-0.1	4	5	1	5	1	4	0	0	0	1	0
2165039334	2011	0.2	2.2	1.1	-0.9	1	2	1	2	2	1	0	1	2	6	3
2165112351	2009	2.0	21.2	-2.3	13.7	9	19	15	9	24	15	8	16	4	3	3
2165118231	2010	0.0	0.4	0.0	3.4	1	0	0	0	1	0	1	4	8	2	2
2165129454	2012	2.8	16.4	-1.0	9.8	5	2	8	10	15	11	6	7	12	9	0
2165182151	2004	0.1	0.7	1.6	-3.2	0	0	1	1	0	0	0	0	0	0	8
2165290838	2013	-0.3	4.7	-1.6	8.6	7	7	3	4	7	3	8	5	2	3	1
2165347178	2009	0.4	1.8	0.0	0.4	0	0	1	0	2	0	1	0	0	0	1
2165440259	2003	-0.9	0.3	0.1	4.3	4	3	6	2	0	0	0	6	11	5	1
2165487645	2014	0.4	3.2	-0.4	1.6	2	1	1	3	3	2	2	0	0	0	0
2165522783	2006	1.1	5.1	1.6	10.4	0	0	2	3	4	15	14	13	10	21	18
2165632109	2010	0.8	3.6	2.0	1.6	1	0	0	0	5	8	4	6	6	10	12
2165913566	2008	1.5	6.9	1.0	5.8	0	1	1	4	6	3	5	9	10	11	9
2166072646	2010	0.0	0.0	0.4	0.0	0	0	0	0	0	1	1	1	0	1	3
2166101634	2008	0.1	1.3	-0.1	5.3	0	1	3	0	1	4	6	2	6	9	2
2166293065	2002	0.0	0.0	0.0	0.0	0	0	0	0	0	0	0	0	0	0	0
2166524114	2010	0.7	3.1	-0.8	22.4	0	0	1	1	3	10	22	26	16	10	26
2167043544	2013	0.5	2.7	-1.9	9.3	1	0	1	1	3	4	7	5	6	0	0
2167170244	2007	-0.1	0.3	6.0	-6.8	1	0	1	1	0	2	2	4	12	8	30
2167316255	2009	0.7	5.9	-0.2	2.8	0	5	6	4	4	1	4	1	1	3	2
2167322902	2014	-0.4	8.8	-3.1	13.5	9	7	19	9	6	7	10	11	0	0	0
2167387482	2009	-0.2	4.4	0.7	2.7	3	7	6	7	2	7	2	6	3	9	4
2167430128	2014	-0.4	1.8	-0.7	2.9	5	2	3	2	3	6	3	1	0	0	0
2167432162	2009	0.4	3.4	-0.2	2.2	1	2	2	4	2	3	2	2	1	2	1
2167716309	2012	1.8	7.2	-0.7	2.9	0	0	0	0	9	8	3	1	0	0	0
2167758628	2009	1.2	9.0	-0.6	9.8	4	2	6	8	7	7	11	7	7	7	8
2167901638	2006	0.6	2.6	0.3	0.3	0	0	0	2	2	3	0	2	0	3	1
2167911662	2011	0.0	10.0	2.2	2.2	4	14	15	12	5	5	9	3	6	9	17
2167922976	2013	0.3	2.5	-0.6	4.2	1	1	2	2	2	5	3	3	3	3	0
2167941445	2013	-3.1	4.5	-1.4	6.0	21	19	10	8	11	10	6	2	1	0	0
2167979857	2003	0.0	0.0	0.0	1.0	0	0	0	0	0	0	0	1	3	1	0
2168088888	2013	0.0	0.4	0.4	-0.2	1	0	0	0	1	1	0	0	1	4	0
2168143308	2011	0.5	3.3	0.2	0.2	1	0	3	3	2	4	1	0	0	2	1
2168145360	2003	0.3	1.3	0.0	3.8	0	0	0	1	1	4	4	3	5	3	4
2168149035	2007	0.2	1.6	-1.4	7.8	1	1	0	1	2	0	4	6	8	0	0
2168473544	2006	0.5	3.3	0.0	0.8	0	4	0	1	4	2	0	2	0	2	0
2168636615	2005	-0.1	0.1	0.6	0.8	0	1	1	0	0	0	2	0	3	6	2
2168703332	2010	1.0	8.4	-1.6	21.8	0	7	7	9	4	9	21	20	10	22	12
2168740874	2014	-0.1	6.5	-4.2	22.0	11	5	2	6	10	12	14	17	13	3	0
2168776308	2013	-1.4	0.2	0.0	0.0	4	10	5	2	1	1	0	0	0	0	0
2169184086	2013	0.3	1.7	-0.2	5.8	1	0	0	1	2	1	4	4	9	8	1
2169327097	2006	1.3	5.3	-0.4	5.6	0	0	0	1	6	7	6	5	3	3	5
2169354526	2013	0.0	1.6	-0.8	9.0	1	2	2	2	1	2	6	7	10	9	1
2169407879	2002	0.2	0.8	0.7	0.7	0	0	0	0	1	6	1	2	3	5	3
2169565136	2004	0.0	0.0	0.8	-0.6	0	0	0	0	0	0	1	0	2	2	4
2169646040	2002	0.0	0.0	0.0	0.2	0	0	0	0	0	0	0	0	1	0	0
2169652390	2004	0.3	1.5	0.2	0.8	0	0	1	1	1	2	1	1	2	1	2
2169749833	2007	0.0	0.0	0.7	-1.3	0	0	0	0	0	0	0	0	0	1	3
2169842180	2011	-0.6	-1.2	0.0	0.0	3	0	0	0	0	0	0	0	0	0	0
2169899449	2002	0.0	0.0	-0.3	2.5	0	0	0	0	0	0	2	2	2	1	1
2170033343	2001	0.0	0.0	0.0	0.8	0	0	0	0	0	0	1	1	0	1	1
2170085096	2007	-0.3	0.5	-0.2	2.8	1	3	2	0	1	2	2	4	1	2	2
2170530196	2013	0.6	4.8	-1.2	10.6	2	1	4	5	3	6	8	11	2	13	1
2170547846	2014	-0.2	-0.2	-0.6	3.6	0	2	0	0	0	0	2	3	3	1	0
2170606828	2009	0.3	1.3	-0.5	2.3	0	0	0	1	1	0	1	3	0	0	0
2170746678	2003	0.1	0.5	0.3	4.5	0	0	0	1	0	1	3	7	6	6	5
2170764363	2000	0.2	0.8	0.3	0.9	0	0	0	0	1	1	0	2	3	3	1
2170981137	2011	1.1	4.9	1.1	0.9	0	1	1	0	6	2	2	3	1	12	3
2171054309	2002	0.3	5.7	0.5	0.9	2	7	3	10	2	1	0	1	6	4	1
2171200862	2003	0.0	0.0	0.0	0.0	0	0	0	0	0	0	0	0	0	0	0
2171204101	2012	1.0	13.0	-1.8	14.4	5	6	22	8	9	10	10	12	12	8	3
2171373538	2012	0.0	0.0	1.0	-0.2	0	0	0	0	0	0	0	1	5	5	3
2171646946	2009	2.7	23.3	-4.9	49.7	9	16	11	19	21	30	35	38	54	37	11
2171745429	2010	0.0	0.0	0.0	0.4	0	0	0	0	0	0	1	0	0	0	1
2171793099	2006	0.0	0.0	0.2	-0.4	0	0	0	0	0	0	0	0	0	0	1
2171955601	2000	0.4	1.8	4.5	-5.7	0	0	1	0	2	7	0	4	5	11	19
2172282589	2011	0.0	0.0	0.0	0.0	0	0	0	0	0	0	0	0	0	0	0
2174116335	2001	0.1	0.5	0.5	0.5	0	0	0	1	0	0	1	1	1	6	1
2176810612	2006	0.0	0.6	-0.2	1.6	0	0	3	0	0	0	0	4	0	0	1
2177245446	2005	0.0	0.0	0.0	0.2	0	0	0	0	0	0	0	0	1	0	0
2177855532	2012	0.0	0.0	-0.8	3.6	0	0	0	0	0	0	2	4	0	0	0
2177955397	2012	1.2	6.2	0.8	5.2	0	1	3	5	4	2	8	6	6	6	12
2182911313	2014	0.0	0.8	-0.6	2.6	0	2	1	0	1	0	3	0	1	0	0
2183942996	2012	-0.2	-0.4	0.0	0.0	1	0	0	0	0	0	0	0	0	0	0
2184041548	2013	0.2	1.8	0.0	0.0	0	1	2	3	0	0	0	0	0	0	0
2185613937	2009	0.0	0.0	1.2	0.4	0	0	0	0	0	0	0	3	7	5	5
2187214087	2010	-0.1	-0.1	0.0	0.0	0	1	0	0	0	0	0	0	0	0	0
2187278809	2012	0.5	3.3	-0.1	0.7	1	1	1	4	2	2	0	1	1	0	0
2190332578	2012	-0.2	-0.2	0.0	0.0	1	0	1	0	0	0	0	0	0	0	0
2191402932	2010	0.0	0.0	0.8	0.2	0	0	0	0	0	0	1	1	4	3	4
2192254066	2004	0.8	6.4	-0.3	4.3	3	2	6	2	7	9	1	8	3	3	2
2193636198	2011	-0.1	-0.1	0.3	-0.1	0	1	0	0	0	0	0	1	0	2	1
2194481242	2005	0.0	0.0	1.5	-0.3	0	0	0	0	0	1	2	5	0	4	10
2196459595	2004	-0.3	-0.1	0.1	0.3	0	3	1	0	0	0	0	1	1	0	1
2196568245	2008	-0.2	2.4	0.2	0.8	2	2	7	4	0	0	1	0	4	0	2
2197204323	2005	0.2	0.8	0.4	-0.2	0	0	0	0	1	0	0	1	1	1	2
2198106591	2009	-0.2	0.0	-0.2	1.0	0	2	1	0	0	0	0	2	0	0	0
2199629150	2006	-0.1	-0.1	0.5	0.3	0	1	0	0	0	1	1	2	1	1	4
2201735012	2014	0.0	5.4	0.0	0.0	0	11	7	7	2	1	0	0	0	0	0
2204775031	2014	-0.3	4.1	-2.0	11.6	6	6	3	5	5	21	5	11	11	1	0
2205371838	2006	0.0	0.0	0.0	0.0	0	0	0	0	0	0	0	0	0	0	0
2205470096	2015	-0.4	0.8	-0.4	1.8	3	2	2	2	1	2	1	2	0	0	0
2207345732	2013	-0.2	-0.2	-0.6	3.0	0	2	0	0	0	1	2	2	2	0	0
2212034063	2004	0.4	4.4	0.0	0.0	0	6	3	4	3	0	0	0	0	0	0
2215796638	2011	0.0	0.0	0.6	-1.2	0	0	0	0	0	0	0	0	0	0	3
2218715893	2009	0.1	2.3	-0.3	2.3	2	2	2	1	3	1	1	3	2	0	1
2221072935	2005	-0.2	-0.4	0.0	6.2	1	0	0	0	0	6	7	5	9	1	9
2222010542	2010	0.0	0.6	-0.2	0.8	1	0	0	2	0	1	1	0	0	0	0
2223707507	2013	0.0	0.0	0.0	0.0	0	0	0	0	0	0	0	0	0	0	0
2223796977	2014	3.0	15.8	-2.2	11.0	1	4	6	10	13	6	9	5	7	1	0
2223847123	2011	-1.3	-1.5	0.8	0.4	5	4	2	1	0	1	1	1	4	5	3
2225391444	2000	0.0	0.0	0.0	0.0	0	0	0	0	0	0	0	0	0	0	0
2225462145	2013	-0.1	0.3	-0.1	0.5	1	0	1	1	0	1	0	1	0	0	0
2226937957	2009	0.0	0.0	0.0	0.0	0	0	0	0	0	0	0	0	0	0	0
2227996592	2013	0.0	0.0	0.6	1.4	0	0	0	0	0	0	1	1	7	5	2
2230265955	2007	0.0	0.0	1.0	-2.0	0	0	0	0	0	0	0	0	0	0	5
2231487564	2011	0.7	3.1	-1.8	10.8	0	0	0	3	2	5	9	6	8	2	2
2233307994	2011	-1.3	-2.1	0.0	0.0	5	3	1	0	0	0	0	0	0	0	0
2234104560	2012	1.3	6.7	-0.6	2.4	1	1	2	4	6	13	3	0	0	0	0
2235351327	2005	0.5	4.3	1.3	4.3	1	2	5	3	3	4	5	7	10	8	11
2235413275	2010	0.2	0.8	-0.5	5.1	0	0	0	0	1	4	6	3	2	4	3
2235471002	2004	0.2	1.6	0.0	2.6	0	2	1	0	2	1	2	4	1	4	2
2235888740	2004	1.2	4.8	-0.6	2.6	0	0	0	0	6	2	2	2	0	0	0
2235950228	2009	-0.1	-0.1	0.0	0.0	0	1	0	0	0	0	0	0	0	0	0
2236023538	2012	0.0	0.0	0.6	0.0	0	0	0	0	0	0	0	1	2	5	1
2236413543	2013	-0.1	1.3	0.0	0.0	0	1	7	0	0	0	0	0	0	0	0
2236599932	2008	0.2	1.0	-0.9	4.5	0	0	1	0	1	0	5	0	3	1	0
2236867554	2007	0.7	4.7	-1.1	8.7	0	4	1	5	3	7	7	10	2	3	5
2237541417	2012	1.7	7.5	2.2	2.2	0	0	0	7	5	3	4	7	8	13	12
2238150253	2002	0.0	0.0	1.0	-1.4	0	0	0	0	0	0	0	0	0	6	2
2238358095	2014	-0.2	0.2	-0.6	3.2	1	0	3	0	0	1	2	2	3	0	0
2239686435	2011	-0.4	0.4	-1.6	8.8	2	4	0	0	2	4	6	8	3	2	1
2241452699	2003	0.0	0.0	0.0	0.0	0	0	0	0	0	0	0	0	0	0	0
2243585430	2011	0.4	4.2	-1.5	10.5	0	4	4	6	1	7	8	8	7	5	2
2243692557	2011	1.0	4.4	-1.9	11.9	0	0	0	4	3	5	13	4	6	5	3
2243713403	2006	0.8	3.4	-0.2	3.8	0	0	1	0	4	3	3	4	4	2	3
2245040899	2000	0.0	0.0	0.3	0.5	0	0	0	0	0	0	1	0	1	5	0
2245092705	2008	0.3	5.5	1.2	2.4	5	5	1	6	6	10	4	6	5	4	11
2245214548	2014	0.0	1.4	-0.2	0.8	1	1	3	1	1	0	1	0	0	0	0
2247273528	2006	0.0	0.0	-0.7	5.7	0	0	0	0	0	0	2	8	4	3	1
2248182573	2007	1.1	7.3	0.4	3.6	1	3	4	8	4	6	5	5	3	3	8
2249889733	2003	0.0	0.2	0.2	1.6	0	0	1	0	0	0	0	3	4	3	1
2250234745	2011	0.4	2.8	-0.9	6.1	0	1	4	1	2	6	5	3	6	2	1
2250419888	2006	0.2	0.8	0.2	-0.4	0	0	0	0	1	1	0	0	0	0	1
2251034904	2004	2.0	9.8	1.4	5.0	0	1	4	7	7	4	6	9	10	7	14
2251657612	2015	-2.7	-3.7	-5.6	26.0	13	4	3	1	1	6	14	28	4	0	0
2252247208	2002	0.0	0.0	10.9	-11.9	0	0	0	0	0	5	6	1	10	52	35
2252455567	2009	0.0	0.0	0.6	0.8	0	0	0	0	0	0	1	1	4	5	2
2253737003	2014	0.1	1.1	0.0	0.0	0	1	2	0	1	0	0	0	0	0	0
2253936662	2012	0.0	0.4	0.0	0.0	1	0	0	0	1	0	0	0	0	0	0
2258153833	2010	-0.1	1.1	0.3	0.1	0	4	1	1	1	2	1	1	0	0	3
2259399147	2008	0.8	5.4	0.0	0.0	1	2	3	6	3	1	0	0	0	0	0
2259978413	2011	-3.0	1.4	-0.3	6.1	9	16	23	4	0	2	5	8	4	3	6
2262385899	2010	0.6	2.6	-0.8	10.8	0	0	0	2	2	12	10	11	6	7	8
2263887713	2012	0.6	4.0	-0.1	2.1	0	3	3	1	4	4	0	4	3	1	1
2264628315	2007	0.5	2.1	0.0	0.2	0	0	0	1	2	0	0	0	1	0	0
2265464800	2007	0.0	0.8	0.2	0.2	1	1	0	1	1	1	1	0	1	0	2
2267357186	2009	0.2	1.0	0.8	0.0	0	0	0	2	0	0	1	1	2	5	3
2269141726	2002	-0.4	-0.8	0.0	0.0	2	0	0	0	0	0	0	0	0	0	0
2273517658	2011	0.0	0.4	0.0	0.0	0	1	0	1	0	0	0	0	0	0	0
2276152985	2008	0.9	4.1	-0.5	2.3	0	0	2	1	4	2	2	1	1	0	0
2278593545	2013	-0.6	-1.2	0.0	0.0	3	0	0	0	0	0	0	0	0	0	0
2279202333	2013	0.7	5.1	-0.9	5.5	4	0	1	5	5	3	3	4	6	1	0
2279508135	2006	0.9	5.3	-0.4	3.4	2	0	3	3	5	3	3	3	2	1	2
2280650151	2011	-1.3	-1.7	0.0	0.0	6	2	2	1	0	0	0	0	0	0	0
2287429527	2007	-0.7	-1.1	0.0	0.0	2	3	0	0	0	0	0	0	0	0	0
2287948179	2008	2.4	13.8	0.2	-0.2	0	2	12	12	7	1	0	0	0	2	0
2289626938	2004	0.2	2.2	0.3	2.1	0	1	4	3	0	2	2	3	2	6	2
2290637690	2004	0.0	0.2	-0.6	2.8	0	0	1	0	0	1	3	0	2	0	0
2292864690	2012	0.0	0.0	0.0	0.0	0	0	0	0	0	0	0	0	0	0	0
2293219852	2008	0.1	1.5	-0.2	0.8	1	2	0	1	2	3	1	0	0	0	0
2293648838	2009	3.2	16.4	-2.4	14.4	2	3	6	7	16	10	12	10	5	8	1
2294042172	2010	0.1	0.7	0.7	-1.1	0	0	1	1	0	0	0	0	0	3	2
2295270651	2009	0.6	4.0	0.5	0.7	1	1	4	1	4	5	1	3	2	0	5
2296595471	2008	0.4	3.0	2.5	5.5	1	2	1	2	3	10	11	7	8	24	15
2297109039	2012	0.0	0.0	-0.5	2.9	0	0	0	0	0	0	1	4	1	1	0
2297341045	2005	0.0	0.0	-0.1	1.1	0	0	0	0	0	2	1	1	1	0	1
2298187013	2004	0.1	0.7	0.3	-0.3	0	0	1	1	0	0	0	0	1	1	1
2299076990	2002	0.0	0.0	1.1	-1.9	0	0	0	0	0	0	0	0	0	3	4
2299437103	2006	0.0	0.0	1.2	-1.0	0	0	0	0	0	0	1	0	2	6	4
2300692282	2003	0.0	0.0	0.4	-0.2	0	0	0	0	0	0	0	1	1	1	2
2301499624	2008	0.0	0.0	1.3	-2.5	0	0	0	0	0	0	0	0	0	1	6
2301860113	2007	0.3	3.9	1.2	1.0	4	2	1	3	5	9	1	3	7	7	5
2303073511	2011	-0.6	-0.8	0.0	0.0	2	2	1	0	0	0	0	0	0	0	0
2303091550	2002	0.0	0.0	0.0	0.0	0	0	0	0	0	0	0	0	0	0	0
2303408767	2013	0.1	1.3	0.0	0.0	0	1	3	0	1	0	0	0	0	0	0
2303916260	2013	0.1	9.3	-1.0	7.8	6	11	11	10	7	8	4	7	9	3	1
2304020625	2014	0.4	2.8	-0.4	1.8	2	0	1	2	3	4	1	2	0	0	0
2304084810	2014	-0.3	4.1	-3.0	14.2	7	2	7	5	4	11	9	12	5	0	0
2304458524	2012	0.4	2.0	-0.5	6.7	1	0	0	0	3	0	3	7	10	4	2
2304494935	2009	0.6	3.2	-0.8	3.8	0	2	0	2	3	1	4	2	0	0	1
2304708675	2008	0.0	0.0	-0.6	3.4	0	0	0	0	0	0	3	2	1	2	0
2304986032	2011	0.0	0.0	0.0	0.0	0	0	0	0	0	0	0	0	0	0	0
2305287551	2011	0.6	4.4	0.0	0.6	0	0	8	4	1	0	0	1	1	1	0
2305434694	2014	-0.6	-0.6	-0.6	2.6	4	0	0	2	0	0	3	0	1	0	0
2305880237	2013	1.6	9.2	-2.0	13.6	0	6	2	6	8	8	10	10	8	10	0
2305919268	2008	0.0	0.0	0.0	0.0	0	0	0	0	0	0	0	0	0	0	0
2306346593	2005	0.2	0.8	1.0	-1.2	0	0	0	0	1	0	1	0	0	4	4
2307014634	2012	-1.0	-2.0	0.0	0.0	5	0	0	0	0	0	0	0	0	0	0
2307335826	2004	-0.4	-0.6	0.0	0.0	2	0	1	0	0	0	0	0	0	0	0
2307619098	2004	0.0	0.0	0.0	0.0	0	0	0	0	0	0	0	0	0	0	0
2307673999	2003	0.0	0.0	0.0	0.0	0	0	0	0	0	0	0	0	0	0	0
2307697009	2015	0.1	1.1	-0.1	0.5	1	0	0	3	0	2	0	1	0	0	0
2308256259	2010	0.3	1.3	-0.8	9.0	0	0	0	1	1	3	8	10	4	4	7
2308693179	2006	0.0	0.0	0.3	-0.5	0	0	0	0	0	0	0	0	0	1	1
2309133828	2003	0.0	0.0	0.4	0.8	0	0	0	0	0	0	0	0	7	2	1
2309164315	2004	0.1	0.9	-0.1	0.9	0	0	2	1	0	2	1	0	1	1	0
2309187068	2014	0.3	1.3	-0.5	2.5	0	0	0	1	1	0	2	1	2	0	0
2309691742	2010	1.4	9.4	0.4	3.8	0	5	8	7	6	5	3	3	9	7	3
2309728730	2014	-0.4	-0.8	0.0	0.0	2	0	0	0	0	0	0	0	0	0	0
2311712812	2013	0.4	2.8	-0.1	1.1	2	1	0	1	4	3	1	1	0	2	0
2316252289	2008	-0.4	1.2	0.0	3.0	2	3	5	1	1	3	2	5	1	5	2
2316372243	2010	1.0	4.4	0.0	0.4	0	0	1	2	4	0	1	0	0	0	1
2317205900	2001	0.0	0.0	0.9	-1.5	0	0	0	0	0	0	0	0	1	1	4
2318751012	2013	0.9	5.9	-0.9	4.1	2	2	2	5	5	3	4	2	0	1	0
2320426110	2002	0.0	0.0	0.2	0.0	0	0	0	0	0	1	0	0	1	2	0
2321558102	2014	0.1	0.7	0.1	0.1	0	1	0	0	1	3	0	0	1	1	0
2322488068	2010	0.1	1.9	1.6	-1.0	1	1	4	0	2	3	2	3	2	1	11
2323573072	2014	0.7	2.9	-1.8	11.4	0	0	0	1	3	3	5	10	13	2	0
2323686043	2006	0.0	0.0	-0.3	2.5	0	0	0	0	0	0	2	2	1	3	0
2327747144	2008	0.6	2.4	-1.3	5.9	0	0	0	0	3	0	6	2	1	1	0
2327844854	2007	0.1	2.3	0.4	0.4	1	1	5	2	1	1	0	2	3	0	3
2331439848	2011	-0.4	-0.8	0.3	-0.5	2	0	0	0	0	0	0	0	0	1	1
2334373290	2014	1.0	15.0	-1.8	9.0	8	15	9	15	13	5	5	8	5	0	0
2342412496	2001	2.3	9.7	-0.1	6.9	0	0	1	3	10	10	8	6	5	7	7
2343751466	2013	1.0	10.2	-0.1	0.7	2	10	10	4	10	3	0	1	1	0	0
2343833113	2002	2.5	11.9	-0.6	2.4	0	1	5	6	10	2	3	0	0	0	0
2355500693	2014	0.1	0.7	0.0	0.0	0	0	1	1	0	0	0	0	0	0	0
2395153991	2003	0.2	0.8	1.5	-2.5	0	0	0	0	1	0	0	0	0	5	5
2420186739	2004	0.0	0.0	0.6	-0.8	0	0	0	0	0	0	0	0	2	0	3
2420664774	2009	0.3	2.7	1.3	1.9	1	2	0	5	1	0	1	7	2	16	3
2420702928	2007	0.0	0.0	-0.2	2.2	0	0	0	0	0	1	2	2	2	0	2
2420721969	2009	2.9	15.7	1.3	7.9	2	4	6	9	14	15	6	12	15	15	11
2420797795	2003	0.3	1.3	0.7	0.5	0	0	0	1	1	5	3	1	1	2	6
2420880613	2013	-0.2	0.4	0.4	-0.6	0	2	3	0	0	0	0	0	0	2	1
2420934537	2013	1.4	9.0	-1.4	9.4	0	8	4	2	10	10	6	8	7	4	1
2421131083	2012	1.0	4.8	0.7	-0.7	0	2	0	2	5	4	1	0	1	1	4
2421134446	2010	-0.3	2.7	1.8	3.6	5	5	1	2	5	12	7	6	8	10	14
2422378326	2014	0.1	0.7	0.0	0.2	0	1	0	0	1	0	0	0	1	0	0
2423501223	2012	0.5	2.7	0.5	4.1	0	0	3	1	2	0	4	5	6	8	5
2423863694	2003	0.2	0.8	0.0	0.0	0	0	0	0	1	3	0	0	0	0	0
2423985264	2001	0.0	0.0	0.0	0.0	0	0	0	0	0	0	0	0	0	0	0
2425472716	2009	0.0	0.0	2.0	1.4	0	0	0	0	0	0	0	8	14	2	13
2425617645	2006	1.5	8.3	0.0	0.0	0	1	8	4	6	4	0	0	0	0	0
2425950242	2010	-0.5	-0.9	-0.1	0.5	2	1	0	0	0	0	0	1	0	0	0
2426973820	2006	-0.2	1.6	-0.2	3.4	2	4	1	2	2	3	2	4	3	4	1
2427666413	2012	0.0	0.0	-0.9	4.1	0	0	0	0	0	1	3	3	1	0	0
2428429988	2001	0.0	0.0	0.8	-1.2	0	0	0	0	0	0	0	0	1	2	3
2428719819	2012	0.1	0.5	-0.2	6.0	0	0	0	1	0	0	6	5	5	7	4
2428845296	2000	0.7	2.9	-0.7	5.7	0	0	0	1	3	3	4	8	0	3	3
2428973165	2008	0.0	0.0	0.2	0.6	0	0	0	0	0	0	0	1	2	3	0
2429134211	2006	0.1	0.7	-0.4	2.6	0	1	0	0	1	0	0	4	3	0	0
2430222803	2014	1.0	6.2	-1.1	9.5	2	1	3	5	5	5	2	10	16	3	0
2430418512	2015	0.1	0.7	0.0	0.0	0	0	1	1	0	1	0	0	0	0	0
2430668537	2014	-1.4	-0.6	0.0	0.0	6	6	4	0	2	0	0	0	0	0	0
2430783453	2003	0.0	0.0	0.7	-0.3	0	0	0	0	0	0	0	1	3	2	3
2431320349	2007	-1.4	-0.8	0.0	0.0	1	12	4	0	0	0	0	0	0	0	0
2431455375	2011	-0.1	1.5	-0.6	3.0	3	1	0	4	1	1	2	3	0	1	0
2434856473	2014	1.1	7.3	-1.7	8.5	2	3	5	2	8	5	6	6	4	1	0
2435034426	2013	0.1	0.9	0.6	8.2	0	0	2	1	0	2	4	14	9	18	5
2435248972	2004	1.1	5.3	5.3	26.5	0	0	1	7	2	5	14	68	30	51	49
2436231491	2009	0.2	0.8	-0.3	2.3	0	0	0	0	1	0	3	0	2	1	1
2438976802	2002	0.0	0.0	0.0	0.0	0	0	0	0	0	0	0	0	0	0	0
2439678994	2011	3.7	16.1	-1.1	6.5	0	0	1	11	13	15	8	3	0	2	3
2439877570	2012	0.0	0.4	0.2	0.0	0	1	0	1	0	0	0	1	0	1	1
2440571190	2011	-2.0	-3.6	0.0	0.0	8	4	0	0	0	0	0	0	0	0	0
2441598949	2013	0.4	4.2	0.0	0.0	2	1	5	5	2	0	0	0	0	0	0
2443384450	2006	0.0	0.0	0.0	0.0	0	0	0	0	0	0	0	0	0	0	0
2444411017	2009	0.1	0.5	0.7	-1.3	0	0	0	1	0	0	0	0	0	1	3
2444676853	2014	1.0	6.0	-0.9	4.7	0	3	4	3	5	2	3	3	4	0	0
2460222195	2012	0.7	3.9	-2.8	21.8	0	3	1	0	5	11	19	15	16	9	8
2462394557	2013	-0.1	1.9	-1.6	13.2	4	2	0	1	4	7	8	12	11	10	1
2463523865	2003	1.6	7.0	0.7	-0.7	0	0	1	4	6	0	0	0	3	1	3
2464372715	1995	0.0	0.0	0.0	0.0	0	0	0	0	0	0	0	0	0	0	0
2466349405	2013	0.0	0.0	-1.0	4.0	0	0	0	0	0	1	5	0	0	0	0
2467165878	2006	0.8	3.4	0.6	-1.0	0	0	1	0	4	1	0	0	0	2	2
2467333156	2013	-1.2	1.2	-0.2	0.8	4	11	4	3	2	0	1	0	0	0	0
2467808327	2001	0.0	0.0	0.0	0.0	0	0	0	0	0	0	0	0	0	0	0
2468691129	2011	-0.1	1.9	-0.5	2.3	3	2	1	3	2	1	1	3	0	0	0
2470631395	2005	-1.1	-0.5	0.2	-0.4	5	4	3	1	1	1	0	0	0	0	1
2471024582	2014	0.2	4.4	-1.0	5.4	3	4	4	4	4	2	3	5	3	1	0
2471503937	2009	2.2	10.6	-0.5	4.5	3	0	2	2	13	7	4	2	4	5	0
2472746478	2013	0.0	0.0	0.1	0.5	0	0	0	0	0	0	0	1	1	2	0
2472815583	2012	0.0	1.2	-0.1	0.7	2	1	0	1	2	1	0	1	1	0	0
2474919475	2013	0.7	2.9	0.0	0.0	0	0	0	1	3	0	0	0	0	0	0
2482558687	2003	0.0	0.0	1.2	-1.0	0	0	0	0	0	0	0	0	4	6	3
2482613009	2005	0.4	1.8	-0.4	2.0	0	0	0	2	1	0	2	1	0	1	0
2482903946	2014	0.7	2.9	-1.3	6.1	0	0	0	1	3	3	3	7	1	0	0
2483316828	2005	0.0	0.0	0.5	0.3	0	0	0	0	0	0	1	1	2	2	3
2484236144	2010	0.2	0.8	-0.7	5.1	0	0	0	0	1	7	4	6	1	1	3
2485801996	2001	-0.6	-1.0	0.0	0.0	2	2	0	0	0	0	0	0	0	0	0
2489575497	2001	0.4	2.0	-0.2	0.8	0	1	0	1	2	0	1	0	0	0	0
2490185788	2011	0.2	0.8	-0.4	1.8	0	0	0	0	1	2	1	2	0	0	0
2490532619	2006	0.1	0.7	1.6	-2.6	0	0	1	1	0	0	0	0	2	2	7
2490701366	2000	0.0	0.0	0.0	0.0	0	0	0	0	0	0	0	0	0	0	0
2492406983	2012	1.6	7.2	-0.2	4.4	0	0	2	4	6	3	2	6	6	2	3
2493107792	2006	0.0	0.0	0.1	1.7	0	0	0	0	0	0	1	0	6	3	0
2497099214	2014	-0.1	0.1	-0.4	2.6	1	0	0	1	0	1	1	3	2	1	0
2499187671	2002	0.0	0.0	0.0	0.0	0	0	0	0	0	0	0	0	0	0	0
2499512103	2012	1.5	6.3	-0.2	3.8	0	0	1	1	7	1	2	5	4	3	2
2499659807	2011	0.0	0.0	0.0	1.4	0	0	0	0	0	0	2	1	1	1	2
2500836872	2011	0.8	3.2	0.4	0.4	0	0	0	0	4	2	2	0	0	4	2
2502068411	2008	7.7	41.3	-2.8	21.2	6	1	13	52	19	44	24	11	7	13	9
2504548383	2011	-0.2	1.0	-0.8	4.4	2	0	5	0	1	1	5	1	2	1	1
2505133586	2009	-1.2	-2.0	0.0	0.0	5	2	1	0	0	0	0	0	0	0	0
2505237151	2011	0.2	1.0	1.5	-2.3	0	0	1	0	1	0	0	0	2	3	6
2506212675	2007	0.0	0.0	0.2	0.8	0	0	0	0	0	0	0	0	5	2	0
2506769544	2004	0.2	0.8	0.1	0.7	0	0	0	0	1	0	0	3	0	0	2
2506920196	2010	-0.1	0.7	0.3	0.1	2	0	1	1	1	0	0	1	2	0	2
2509319508	2006	0.0	0.0	0.8	0.6	0	0	0	0	0	0	1	5	0	3	6
2512611275	2013	0.0	0.0	0.0	0.0	0	0	0	0	0	0	0	0	0	0	0
2513490537	2011	0.3	1.5	-0.8	3.8	0	0	1	1	1	0	1	6	0	0	0
2514083705	2011	-0.1	5.1	-0.2	5.4	6	3	9	4	5	5	3	8	4	6	3
2514705995	2011	-0.1	0.7	0.4	4.6	2	0	1	1	1	4	5	5	6	7	6
2517218746	2008	0.0	0.0	0.5	-0.9	0	0	0	0	0	0	0	0	0	1	2
2518223341	2005	0.0	0.0	0.0	0.0	0	0	0	0	0	0	0	0	0	0	0
2519154089	2001	-0.3	1.1	0.4	4.8	3	3	1	0	3	6	5	6	4	10	5
2519432510	2010	0.4	1.8	1.2	1.6	0	0	1	0	2	4	1	5	7	7	6
2524716205	2001	0.2	0.8	0.7	0.9	0	0	0	0	1	1	1	2	5	3	4
2526354806	2011	0.3	1.3	1.2	4.6	0	0	0	1	1	0	3	7	12	13	6
2527066934	2005	0.0	0.0	0.9	-1.7	0	0	0	0	0	0	0	0	0	1	4
2528072962	2000	0.2	1.0	0.0	0.0	0	0	0	2	0	0	0	0	0	0	0
2528802866	2012	0.0	4.2	-0.5	9.7	4	4	5	4	4	6	12	6	4	13	6
2529592301	2001	0.0	0.4	2.7	-4.5	0	0	2	0	0	0	0	1	1	4	12
2530309766	2013	0.4	2.2	-0.6	2.8	0	0	3	0	2	0	3	1	0	1	0
2532505512	2014	0.0	1.6	-0.3	1.5	2	1	2	1	2	2	2	0	0	1	0
2538491856	2006	0.0	0.0	0.6	-0.8	0	0	0	0	0	0	0	0	1	2	2
2542327831	2012	1.6	9.4	4.4	8.4	0	5	5	5	8	3	10	12	31	34	21
2545898039	2002	0.2	0.8	-0.5	2.1	0	0	0	0	1	3	2	1	0	0	0
2549424322	2010	-0.5	-0.5	-0.1	2.3	3	1	0	0	1	0	1	3	4	0	2
2550412142	2006	0.0	0.0	0.0	0.0	0	0	0	0	0	0	0	0	0	0	0
2551188948	2007	3.4	16.2	-0.6	2.8	1	1	3	13	12	12	2	2	1	0	0
2551567325	2006	0.0	0.0	0.0	0.0	0	0	0	0	0	0	0	0	0	0	0
2552152551	2006	0.0	0.4	0.3	0.3	0	0	2	0	0	2	0	0	4	1	1
2552163634	2014	2.0	13.4	-2.0	10.4	7	5	2	7	16	10	9	3	9	1	0
2552403349	2014	0.4	3.0	-0.3	1.5	1	1	3	1	3	1	1	1	1	0	0
2557235859	2013	0.2	0.8	-0.2	1.8	0	0	0	0	1	2	1	2	1	2	0
2557936967	2011	0.0	0.2	0.2	6.0	0	0	1	0	0	3	7	8	3	6	9
2558096301	2009	-1.4	-1.2	-0.5	2.7	4	8	2	0	1	0	2	2	1	1	0
2558121541	2002	-0.4	2.6	3.4	1.0	2	8	3	4	2	0	1	8	18	14	15
2558476565	2014	0.7	4.3	-0.9	5.1	0	0	6	3	2	1	3	4	4	1	0
2558682455	2009	3.2	13.8	1.3	4.3	0	0	3	4	14	5	3	7	14	8	9
2559975655	2013	-0.2	-0.2	0.0	0.2	1	0	1	0	0	0	0	0	1	0	0
2560877256	2006	-0.2	0.0	0.5	0.7	0	2	1	0	0	2	0	2	5	1	3
2564120281	2008	0.0	0.0	0.2	-0.4	0	0	0	0	0	0	0	0	0	0	1
2564512449	2001	0.0	0.0	0.2	-0.4	0	0	0	0	0	0	0	0	0	0	1
2564746783	2005	0.0	0.0	0.6	4.8	0	0	0	0	0	3	5	4	11	6	7
2565220215	2013	1.7	16.5	-2.4	22.0	7	10	13	13	14	14	10	26	17	20	1
2566536478	2008	0.2	0.8	2.7	2.1	0	0	0	0	1	0	9	6	4	13	19
2567668220	2014	0.6	2.4	-0.2	2.4	0	0	0	0	3	0	0	2	7	0	0
2568110818	2010	0.4	1.6	0.8	-0.8	0	0	0	0	2	0	0	1	1	3	3
2569360905	2010	0.2	0.8	-0.6	3.0	0	0	0	0	1	1	2	2	2	0	0
2569637065	2009	-0.1	1.7	0.6	-1.0	2	2	2	3	1	2	0	0	1	0	3
2570467540	2006	0.0	0.0	0.2	-0.2	0	0	0	0	0	0	0	0	0	2	0
2571543092	2003	0.0	0.0	0.4	-0.6	0	0	0	0	0	0	0	0	0	2	1
2572299092	2012	0.2	4.2	1.0	4.2	4	3	3	3	5	2	8	6	2	8	12
2572577206	2013	3.3	15.7	-0.4	13.0	2	3	1	6	17	4	16	5	10	23	5
2572753407	2007	-0.1	0.1	0.0	0.4	0	1	1	0	0	0	0	0	2	0	0
2572855291	2012	1.0	6.4	-0.5	5.5	0	5	2	5	5	1	2	8	4	5	1
2572966537	2008	-0.2	0.0	0.4	-0.4	1	1	0	1	0	0	0	0	1	2	1
2573061670	2004	0.0	0.0	0.9	0.5	0	0	0	0	0	1	0	6	1	3	6
2573243793	2010	0.0	0.0	0.3	-0.5	0	0	0	0	0	0	0	0	0	1	1
2574659337	2006	0.4	3.4	-1.3	6.3	1	2	3	2	3	8	6	3	1	2	0
2575498750	2005	0.3	2.9	1.1	5.1	1	2	3	1	3	12	8	8	5	7	14
2577624551	2007	0.0	0.0	0.7	-1.3	0	0	0	0	0	0	0	0	0	1	3
2577879507	2007	-0.1	-0.1	0.3	-0.3	0	1	0	0	0	0	0	0	1	1	1
2578399752	2012	0.0	0.2	0.3	0.7	0	0	1	0	0	0	0	1	3	4	0
2579594571	2008	0.1	3.5	-1.3	10.7	2	5	2	4	3	3	10	7	7	6	4
2581456552	2009	-0.4	-0.2	0.0	0.8	2	1	1	1	0	1	1	1	0	1	1
2582457136	2003	0.0	0.0	0.4	-0.8	0	0	0	0	0	0	0	0	0	0	2
2582602085	2014	0.2	1.2	0.0	0.2	1	0	0	0	2	1	0	0	1	0	0
2582634567	2003	0.0	0.0	0.0	0.0	0	0	0	0	0	0	0	0	0	0	0
2582823888	2008	0.1	0.5	0.3	0.1	0	0	0	1	0	0	1	1	0	0	3
2583219095	2012	0.0	1.6	-0.7	3.7	2	1	1	3	1	4	3	2	2	1	0
2583332178	2009	1.8	9.0	-2.2	12.6	0	3	3	3	9	8	8	13	4	3	2
2583554384	2013	-0.4	0.2	-0.5	4.7	4	0	1	0	2	2	2	5	5	4	0
2583711942	2000	0.0	0.0	0.0	0.0	0	0	0	0	0	0	0	0	0	0	0
2583840783	2002	0.0	0.0	0.1	-0.1	0	0	0	0	0	0	0	0	0	1	0
2583978275	2012	0.1	1.1	0.2	0.0	1	1	0	0	2	2	0	1	0	1	1
2583990910	2005	0.1	0.5	0.2	0.4	0	0	0	1	0	0	0	1	2	1	1
2584951063	2009	0.2	2.4	1.1	-1.5	2	0	3	2	2	3	0	1	1	2	5
2585157491	2007	0.0	0.0	0.0	0.0	0	0	0	0	0	0	0	0	0	0	0
2585426535	2011	0.0	0.0	0.0	0.0	0	0	0	0	0	0	0	0	0	0	0
2585669862	2012	1.5	7.9	0.2	1.6	0	1	7	2	7	4	2	3	1	1	4
2585796070	2013	3.0	13.4	-1.8	11.2	1	0	2	6	13	4	12	3	6	7	1
2585832987	2013	-2.5	-0.7	-1.9	38.9	2	26	3	1	2	1	9	6	146	5	0
2585927258	2011	-0.6	-1.2	0.0	0.2	3	0	0	0	0	0	0	0	1	0	0
2586495105	2004	0.0	0.0	-0.6	3.0	0	0	0	0	0	0	0	6	0	0	0
2586892900	2011	0.7	2.9	0.0	1.6	0	0	0	1	3	0	2	0	3	2	1
2588988522	2006	0.8	3.4	-2.2	10.8	0	0	1	0	4	4	13	2	2	2	2
2590361030	2011	0.3	2.1	0.0	0.0	0	0	3	3	0	0	0	0	0	0	0
2590626426	2010	0.7	4.1	-0.2	4.8	1	2	1	1	5	5	4	5	5	3	4
2593542062	2009	0.0	0.0	1.0	4.8	0	0	0	0	0	1	1	11	14	3	10
2593610793	2008	1.0	8.0	0.4	3.6	2	3	7	9	4	3	3	5	7	3	6
2594488950	2010	0.0	0.0	0.0	0.0	0	0	0	0	0	2	0	0	0	0	0
2596045860	2000	0.0	0.0	0.0	0.0	0	0	0	0	0	0	0	0	0	0	0
2596966651	2012	0.0	0.0	0.2	-0.4	0	0	0	0	0	0	0	0	0	0	1
2597524415	2008	0.0	0.4	0.7	0.1	0	1	0	1	0	1	0	4	1	1	5
2599026875	2008	0.8	3.2	0.4	1.0	0	0	0	0	4	1	0	4	1	4	2
2599095413	2008	0.0	0.0	0.1	0.9	0	0	0	0	0	1	1	0	3	1	1
2599663233	2010	0.2	1.0	0.8	5.8	0	0	0	2	0	1	7	9	6	7	12
2599933360	2008	1.5	7.7	-0.6	5.6	0	0	5	7	4	6	3	6	7	0	3
2599974333	2002	0.0	0.0	0.0	0.0	0	0	0	0	0	0	0	0	0	0	0
2600321636	2003	0.0	0.0	0.0	0.0	0	0	0	0	0	0	0	0	0	0	0
2601428267	2008	1.1	5.1	0.2	3.0	0	0	2	3	4	1	3	3	5	3	4
2602803908	2013	0.6	5.0	-2.6	12.4	2	3	3	3	5	6	11	7	2	3	0
2603153112	2014	-0.7	-1.3	0.0	0.0	3	1	0	0	0	0	0	0	0	0	0
2603841987	2003	0.1	0.5	0.0	0.0	0	0	0	1	0	0	0	0	0	0	0
2604750650	2004	-2.1	0.3	0.0	0.0	10	11	4	6	2	0	0	0	0	0	0
2605386677	2007	-0.2	-0.4	0.0	0.0	1	0	0	0	0	0	0	0	0	0	0
2606624860	2013	0.4	5.0	-0.5	7.7	4	1	6	3	5	6	5	7	7	12	0
2606761933	2013	1.5	7.5	-1.1	6.1	2	2	0	1	10	7	4	5	3	2	0
2607622088	2005	0.0	0.0	0.1	-0.1	0	0	0	0	0	0	0	0	0	1	0
2607921394	2013	-0.3	-0.5	-0.3	2.3	1	1	0	0	0	4	1	3	2	0	1
2608156510	2011	-0.5	-0.9	0.0	0.0	2	1	0	0	0	0	0	0	0	0	0
2609137751	2003	-0.4	-0.6	-0.2	0.8	1	2	0	0	0	0	1	0	0	0	0
2609782886	2014	1.0	7.6	-0.4	3.2	1	0	11	10	1	2	1	3	5	1	0
2609889729	2015	0.0	1.6	-0.4	1.8	0	2	5	0	1	1	1	2	0	0	0
2610136632	2003	0.0	0.0	0.0	0.0	0	0	0	0	0	0	0	0	0	0	0
2610397620	2009	-0.5	-0.5	-0.1	1.9	1	3	1	0	0	1	2	1	2	2	1
2610449870	2007	0.0	0.0	-0.4	2.4	0	0	0	0	0	0	2	2	1	0	1
2610454923	2002	0.0	0.0	0.7	-0.3	0	0	0	0	0	0	0	0	4	3	2
2612818936	2002	0.0	0.0	0.0	0.0	0	0	0	0	0	0	0	0	0	0	0
2614311846	2008	0.1	1.3	-0.6	4.4	0	2	0	3	0	4	4	3	3	1	2
2614424582	2008	0.7	4.1	0.2	-0.4	0	1	3	4	2	1	0	0	0	0	1
2615102315	2012	-0.4	-0.4	0.2	0.4	1	2	1	0	0	0	0	1	2	1	1
2615199620	2014	0.6	8.4	0.0	0.0	1	8	14	4	6	1	0	0	0	0	0
2617145017	2014	-1.7	2.7	-0.6	2.4	15	2	12	5	5	8	3	0	0	0	0
2617145875	2013	0.0	0.0	0.0	0.0	0	0	0	0	0	0	0	0	0	0	0
2617157005	2008	0.0	0.0	0.7	-0.5	0	0	0	0	0	0	1	0	2	1	4
2617299861	2008	0.0	0.0	2.5	-4.5	0	0	0	0	0	0	0	0	0	5	10
2617352438	2011	-0.2	0.0	0.8	-0.8	0	2	1	0	0	0	0	1	1	3	3
2617359486	2014	2.1	10.9	-1.0	5.6	1	4	1	7	10	6	3	5	4	1	0
2617477523	2009	0.3	1.7	-0.2	1.6	1	0	0	1	2	3	2	1	0	1	1
2618044699	2012	0.0	0.0	0.1	1.9	0	0	0	0	0	1	1	3	3	2	2
2618341169	2003	0.0	0.0	0.0	0.0	0	0	0	0	0	0	0	0	0	0	0
2618792320	2006	0.0	0.0	0.4	-0.4	0	0	0	0	0	0	0	0	1	2	1
2619315278	2014	0.6	3.8	-0.1	1.1	2	1	1	1	5	3	0	1	3	0	0
2619327966	2005	0.0	0.0	0.3	-0.5	0	0	0	0	0	0	0	0	0	1	1
2619763753	2007	0.0	0.0	0.2	3.0	0	0	0	0	0	0	1	3	9	3	2
2620217620	2004	0.0	0.0	0.6	-1.0	0	0	0	0	0	0	0	0	1	0	3
2620743261	2005	0.5	2.3	0.8	-1.6	0	0	0	3	1	0	0	0	0	0	4
2620912768	2013	0.2	1.0	-1.9	8.7	0	0	0	2	0	6	9	3	1	2	0
2620979493	2015	-1.6	-1.8	0.0	0.0	7	3	4	1	0	3	0	0	0	0	0
2621430112	2008	0.2	0.8	0.0	0.0	0	0	0	0	1	2	0	0	0	0	0
2623618940	2007	0.0	0.0	0.2	0.2	0	0	0	0	0	0	0	2	0	0	2
2623953262	2010	-0.4	0.2	0.0	0.0	1	3	2	1	0	1	0	0	0	0	0
2624534586	2009	0.4	1.6	-0.2	1.2	0	0	0	0	2	2	1	1	0	1	0
2625091181	2005	0.0	0.0	0.3	0.3	0	0	0	0	0	0	0	2	1	1	2
2625163221	2014	0.0	1.6	-0.8	3.6	2	0	3	2	1	1	3	2	1	0	0
2625380526	2008	-0.1	0.3	1.4	0.6	1	1	0	0	1	0	2	2	8	4	8
2626025562	2004	0.0	0.0	0.0	0.0	0	0	0	0	0	0	0	0	0	0	0
2627135579	2014	0.5	2.5	0.0	0.0	0	0	2	1	2	0	0	0	0	0	0
2628026287	2011	0.2	1.4	0.9	0.5	0	1	0	3	0	0	3	1	2	4	6
2629046442	2006	1.1	6.1	0.1	0.1	1	1	1	8	3	0	0	1	0	0	1
2629758138	2012	-2.8	-2.2	0.0	0.0	11	11	6	1	2	0	0	0	0	0	0
2630323486	2013	0.9	4.1	0.2	-0.2	0	0	2	1	4	3	0	0	0	2	0
2633136282	2007	0.2	1.2	-0.5	2.3	0	1	0	1	1	0	1	3	0	0	0
2634692018	2008	-0.2	-0.2	2.6	-3.0	0	2	0	0	0	3	0	3	3	7	11
2635254491	2012	0.0	0.0	0.6	1.0	0	0	0	0	0	0	2	1	2	7	2
2635277405	2010	-0.4	-0.6	-0.2	0.8	2	0	1	0	0	0	1	0	0	0	0
2637569646	2007	0.0	0.0	2.1	-2.9	0	0	0	0	0	0	0	1	1	8	7
2637925846	2004	0.0	0.0	0.0	0.0	0	0	0	0	0	0	0	0	0	0	0
2638443532	2008	0.0	0.0	0.0	0.0	0	0	0	0	0	0	0	0	0	0	0
2639767613	2008	0.0	0.0	-1.0	5.6	0	0	0	0	0	4	6	2	1	4	0
2641249074	2010	-0.4	-0.8	1.9	-3.3	2	0	0	0	0	1	0	0	1	3	8
2643372635	2005	0.0	0.0	0.9	-1.7	0	0	0	0	0	0	0	0	0	1	4
2643812006	2002	0.0	0.0	1.2	-1.0	0	0	0	0	0	0	0	2	3	2	6
2645374424	2014	-1.8	-1.4	0.0	0.0	6	9	2	3	0	0	0	0	0	0	0
2645410941	2000	0.4	1.6	-0.1	1.5	0	0	0	0	2	0	0	2	3	1	0
2645922475	2013	-0.4	-0.6	-0.2	1.0	1	2	0	0	0	0	0	2	0	0	0
2647013095	2012	1.9	8.1	-0.9	4.7	0	0	0	5	7	11	5	1	2	2	0
2647359094	2014	0.7	4.1	-0.2	1.0	1	1	1	4	3	3	1	0	1	0	0
2648703612	2003	0.0	0.0	0.0	0.0	0	0	0	0	0	0	0	0	0	0	0
2649939361	2014	-0.7	-0.9	0.0	0.2	2	3	1	0	0	0	0	0	1	0	0
2649963885	2002	0.6	3.6	-1.1	4.5	0	2	2	2	3	6	5	1	0	0	0
2651029627	2014	-4.6	-9.0	-0.1	0.5	22	2	0	0	0	0	0	1	0	0	0
2651831884	2006	-0.2	0.2	0.0	0.0	0	3	0	1	0	0	0	0	0	0	0
2652397350	2002	0.0	0.0	0.7	-1.1	0	0	0	0	0	0	0	0	1	1	3
2652834205	2014	0.4	2.4	-0.4	1.8	0	2	0	2	2	1	2	0	1	0	0
2653849141	2010	0.0	0.0	-0.2	1.8	0	0	0	0	0	0	1	2	1	2	0
2655940493	2011	0.0	0.0	0.0	0.0	0	0	0	0	0	0	0	0	0	0	0
2656454723	2010	0.1	1.3	0.7	4.3	0	3	0	0	2	2	4	4	9	11	4
2656577137	2012	0.0	0.6	0.0	0.0	1	0	0	2	0	0	0	0	0	0	0
2657060330	2012	-0.5	-0.9	-1.1	5.9	2	1	0	0	0	2	1	11	0	0	1
2657228645	2009	0.7	3.1	0.0	0.0	0	0	0	3	2	0	0	0	0	0	0
2657481909	2011	0.1	0.5	-1.3	5.7	0	0	0	1	0	4	4	5	0	0	0
2661062812	2015	0.1	2.5	-0.9	3.7	2	2	2	3	2	5	4	1	0	0	0
2663520892	2012	-1.2	-2.2	0.0	0.0	6	0	1	0	0	0	0	0	0	0	0
2664069056	2013	-0.2	-0.4	0.0	0.0	1	0	0	0	0	0	0	0	0	0	0
2664875949	2007	0.0	1.2	0.2	0.0	1	2	0	2	1	2	0	0	2	0	1
2665688544	2009	1.0	4.0	-2.7	13.1	0	0	0	0	5	3	14	1	8	2	0
2666000811	2007	-0.5	-0.9	-1.3	7.9	2	1	0	0	0	0	6	3	10	0	1
2666810207	2012	0.0	0.2	-0.5	2.3	0	0	1	0	0	0	2	1	1	0	0
2667190869	2009	0.3	1.5	0.0	0.8	0	1	0	0	2	2	2	0	0	0	2
2668851114	2002	0.4	2.2	-0.9	5.1	0	0	3	0	2	5	4	5	0	2	1
2669455673	2010	0.0	0.0	-0.2	3.0	0	0	0	0	0	3	2	3	4	1	2
2669630631	2013	1.1	5.1	-1.4	8.4	0	0	1	5	3	4	7	7	1	5	1
2670541404	2006	0.0	2.6	0.0	0.0	1	5	1	5	1	0	0	0	0	0	0
2672612038	2004	0.0	0.4	0.6	-1.0	0	0	2	0	0	1	0	0	0	2	2
2672741848	2008	-0.1	0.3	0.5	-0.9	0	2	0	1	0	0	0	0	0	1	2
2672872526	2009	0.2	0.8	-0.6	6.2	0	0	0	0	1	5	0	8	12	2	0
2674239164	2014	-0.2	0.0	0.1	0.5	0	2	1	0	0	0	0	0	3	1	0
2674843675	2005	0.0	0.0	0.0	0.0	0	0	0	0	0	0	0	0	0	0	0
2681477211	2009	2.4	9.8	-0.5	2.1	0	0	0	2	11	8	2	1	0	0	0
2682361799	2000	0.0	0.0	0.0	0.0	0	0	0	0	0	0	0	0	0	0	0
2683236842	2011	-0.2	0.2	-0.3	2.3	2	0	1	0	1	1	3	0	2	1	1
2684097888	2014	-0.3	-0.5	0.0	0.2	1	1	0	0	0	2	0	0	1	0	0
2684446373	2014	-0.4	1.8	-0.5	2.5	5	1	3	5	1	2	1	3	1	0	0
2685000871	2002	0.0	0.0	-0.2	0.8	0	0	0	0	0	0	1	0	0	0	0
2685909078	2010	0.0	0.0	2.3	-3.1	0	0	0	0	0	0	0	0	3	9	7
2686917406	2014	-0.6	-0.6	0.0	0.0	0	6	0	0	0	0	0	0	0	0	0
2687212611	2010	-1.1	-1.5	0.0	0.0	6	1	1	0	1	1	0	0	0	0	0
2688455705	2004	0.0	0.0	0.0	0.0	0	0	0	0	0	0	0	0	0	0	0
2690184982	2013	-0.6	-1.0	0.0	0.0	2	2	0	0	0	0	0	0	0	0	0
2691119769	2010	0.0	0.0	0.0	0.0	0	0	0	0	0	0	0	0	0	0	0
2691761383	2010	0.2	1.2	0.4	-0.6	0	1	0	1	1	0	0	0	1	0	2
2693722088	2001	0.0	0.0	0.0	0.0	0	0	0	0	0	0	0	0	0	0	0
2695103898	2009	0.0	0.0	1.7	0.9	0	0	0	0	0	1	0	4	12	7	7
2695140909	2013	1.9	11.1	-1.1	7.3	0	3	10	6	8	10	6	6	3	3	2
2695156146	2013	-0.4	-0.8	0.0	0.0	2	0	0	0	0	0	0	0	0	0	0
2696719243	2012	-0.4	-0.4	-0.2	0.8	2	1	0	1	0	0	1	0	0	0	0
2696778657	2009	0.0	0.0	0.0	0.0	0	0	0	0	0	0	0	0	0	0	0
2697861289	2008	0.6	2.4	0.2	-0.4	0	0	0	0	3	0	0	0	0	0	1
2698923267	2010	0.0	2.0	0.0	0.0	2	2	1	4	1	1	0	0	0	0	0
2703892096	2008	0.3	1.5	-0.1	1.7	0	0	1	1	1	0	1	2	1	3	0
2704079037	2014	-0.3	-0.1	0.0	0.2	2	1	0	0	1	1	0	0	1	0	0
2704480455	2002	0.0	0.0	0.8	-1.4	0	0	0	0	0	0	0	0	0	2	3
2706688620	2006	-0.2	-0.4	-0.4	2.6	1	0	0	0	0	0	0	4	3	0	0
2707215890	2006	0.1	0.5	0.1	2.1	0	0	0	1	0	1	2	3	2	2	3
2709438096	2003	0.0	0.0	-0.9	6.1	0	0	0	0	0	5	7	5	0	0	5
2709743151	2004	0.2	0.8	-0.8	4.2	0	0	0	0	1	1	3	3	2	1	0
2714818106	2004	0.0	0.0	0.3	-0.1	0	0	0	0	0	0	0	1	0	2	1
2724872233	2007	0.0	0.0	-0.1	1.1	0	0	0	0	0	0	1	1	0	2	0
2731373980	2010	0.2	0.8	0.0	1.6	0	0	0	0	1	0	3	0	1	2	2
2735341471	2005	0.3	1.5	0.0	0.0	0	0	0	3	0	0	0	0	0	0	0
2735931832	2014	0.0	0.0	-0.6	5.0	0	0	0	0	0	1	1	5	9	1	0
2736152990	2002	0.0	0.0	0.4	0.0	0	0	0	0	0	0	0	2	1	0	3
2747018825	2012	0.3	2.9	0.0	0.0	1	0	5	3	1	1	0	0	0	0	0
2747122479	2013	0.0	0.6	-0.7	2.9	0	1	1	1	0	0	3	1	0	0	0
2749112847	2008	-0.2	0.2	-0.1	1.1	1	1	1	1	0	0	0	1	3	0	0
2750229706	2009	0.0	0.0	2.4	-2.2	0	0	0	0	0	0	0	4	2	10	9
2752021877	2010	-1.3	-2.5	0.0	0.0	6	1	0	0	0	0	0	0	0	0	0
2761242835	2013	-0.3	-0.3	-0.2	1.0	2	0	0	1	0	0	0	2	0	0	0
2761594101	2011	0.2	0.8	0.3	-0.1	0	0	0	0	1	1	0	0	2	1	1
2763403883	2002	-2.7	-4.1	0.0	0.0	11	7	1	0	1	1	0	0	0	0	0
2768145722	2015	0.5	3.3	-0.2	1.2	1	1	2	2	3	0	0	2	1	0	0
2776609185	2010	0.0	0.0	0.0	0.0	0	0	0	0	0	0	0	0	0	0	0
2776741894	2012	1.8	7.4	0.0	0.0	0	0	0	2	8	0	0	0	0	0	0
2777267753	2014	0.0	0.0	0.0	0.0	0	0	0	0	0	0	0	0	0	0	0
2777969829	2010	2.6	12.0	0.0	0.0	0	0	0	16	5	0	0	0	0	0	0
2778124847	2004	0.0	0.0	-0.2	3.4	0	0	0	0	0	0	0	5	7	1	1
2778389430	2004	0.0	0.0	0.6	-0.8	0	0	0	0	0	2	0	0	1	2	2
2778429779	2012	-0.2	-0.2	0.0	0.0	0	2	0	0	0	0	0	0	0	0	0
2778901814	2010	-0.2	-0.4	0.4	-0.2	1	0	0	0	0	0	0	0	2	2	1
2780817638	2015	0.0	0.0	-4.2	18.2	0	0	0	0	0	3	15	12	1	0	0
2780914239	2006	0.0	0.0	1.5	-0.9	0	0	0	0	0	2	0	1	6	6	5
2781286171	2015	-0.2	0.2	-0.2	0.8	0	2	2	0	0	0	1	0	0	0	0
