842037	2009	0.9733333333333333	0.14612636665475429	2.8	2.4
8167851	2011	20.8	0.5756756756756757	2.6	0.6
12088164	2010	16.983333333333338	2.162208891873232	5.4	3.4
23695802	2011	0.5333333333333334	0.017191977077363897	1.0	1.2
72047946	2005	0.4	0.06136363636363636	0.4	0.2
125694532	2010	1.0	0.0	2.2	2.0
134072846	2013	0.0	0.0	4.0	0.0
241592301	2001	0.0	0.0	0.0	0.0
259118630	2003	0.0	0.0	0.0	0.0
336991397	2008	0.4	0.0	1.0	0.4
680543339	2002	0.0	0.0	0.0	0.0
719783363	2007	2.5066666666666664	1.6824448088570692	1.4	3.4
1126371583	2004	0.0	0.0	0.0	0.0
1225317958	2005	10.0	0.46541320741026027	1.2	0.8
1236973206	2006	4.0	0.10987600035177206	1.2	0.4
1342033561	2003	0.0	0.03917525773195876	1.0	0.2
1384196968	2014	0.0	0.0	2.0	0.0
1637265637	2011	420.5	2.6624529496847673	3.4	0.8
1770419413	2006	0.0	0.026813186813186812	0.0	0.8
1811820982	2001	0.0	0.0	0.0	0.0
1858722361	2008	1.4	0.10815009428311935	2.0	1.0
1880976219	2011	1.7416666666666665	0.17942841478010446	2.0	4.0
1881842846	2009	10.3	0.5716342403464114	1.6	1.0
1910347612	2002	0.0	0.0	0.0	0.0
1945329861	2009	7.433333333333333	0.49722401079269946	5.2	1.6
1968812139	2004	3.2	0.6540932642487045	0.2	0.2
1968948896	2011	2.006666666666667	0.36278908075639127	4.0	3.2
1972320896	2009	0.0	0.0	0.0	0.0
1972562975	2014	0.9219047619047618	0.06385542168674699	3.2	3.6
1975294417	2011	5.0285714285714285	0.502220977976857	2.2	2.2
1979207691	2002	0.0	0.0	0.0	0.0
1988031962	2012	0.0	0.0	1.0	0.0
1993688379	2009	0.0	0.0	0.0	0.0
1995952108	2014	19.6	0.0	0.2	0.2
1999704061	2014	1.2	0.3605345622119816	3.4	0.6
2003165644	2013	1.4	0.3258843538381928	1.6	0.6
2003632787	2008	14.12	1.336326317774844	2.0	1.2
2004954964	2000	0.0	0.0	0.0	0.0
2007547991	2002	0.48	0.05820997486028869	0.4	1.6
2012674138	2013	19.695238095238096	2.417452856141136	7.6	2.8
2016189893	2001	0.0	0.0	0.0	0.0
2016451659	2014	15.933333333333332	2.0670443733595443	4.4	1.2
2017396131	2007	0.0	0.0	0.0	0.0
2021996926	2010	13.746666666666666	0.7917069438692198	9.4	2.4
2025763354	2014	1.0333333333333332	0.17700732650279125	3.0	2.2
2031479677	2010	21.777142857142856	2.3259918235460297	24.4	13.0
2032104448	2014	25.466666666666665	2.567790889512349	8.6	1.4
2036025750	2007	1.2	0.0	1.0	0.2
2039801083	2013	7.35	0.05523809523809524	0.8	1.0
2046677457	2011	0.4	0.09841188147930299	3.0	0.6
2047517919	2014	0.6	0.30398796087283675	8.0	0.2
2051112775	2011	2.970714285714286	0.46936868321574876	5.6	8.2
2059994571	2001	4.0	0.13877551020408163	0.2	0.2
2071998504	2008	59.02134238310708	0.39436547919528087	10.0	7.4
2072159334	2009	5.8	1.2543911486386528	2.0	1.6
2077703186	2011	3.4	0.2972537713296169	5.0	1.0
2081130532	2013	59.0	6.657341077269903	5.8	0.4
2081450660	2007	29.7	0.5564000551588693	2.4	1.4
2086581877	2008	29.4	0.48204042015817483	6.4	1.8
2086965096	2010	0.2	0.0	0.2	0.4
2089222651	2009	34.1	2.096362752666127	6.4	1.4
2094052010	2010	1.2	0.9792110076122977	0.4	0.4
2095885832	2008	43.8	1.8631365769248092	5.0	2.0
2095892170	2007	14.426666666666666	0.3916835065933815	4.0	2.0
2095926508	2007	4.666666666666666	0.27843973475782696	1.4	1.6
2095940946	2008	0.0	0.0	0.0	0.0
2095973066	2000	0.6	0.17119518486672397	0.2	0.2
2095987900	2011	27.742857142857144	2.948199693279848	2.6	1.8
2096042674	2008	3.1666666666666665	0.5309952641579879	2.0	1.4
2096072814	2007	0.0	0.0	0.0	0.0
2096130056	2002	0.0	0.0	0.0	0.0
2096224780	2006	9.2	0.5427509852309905	5.2	1.8
2096225661	2012	18.559166666666663	2.134882144360955	10.6	8.4
2096236940	2011	0.0	0.0	0.0	0.0
2096256243	2009	35.591647033626046	2.3807377874564053	29.0	22.0
2096264089	2013	31.416666666666668	2.5945889390244026	9.8	2.0
2096271176	2003	12.250952380952382	0.8202620549477964	10.4	8.0
2096300312	2007	17.080000000000002	0.8762717075381836	1.4	1.2
2096321700	2014	17.936666666666667	1.2089566692888485	18.8	17.8
2096383815	2011	4.4	0.15117719950433706	0.2	0.2
2096386199	2007	2.9	0.37848313418639684	0.4	0.4
2096504552	2009	0.0	0.0	0.0	0.0
2096543976	2015	4.2	0.28730964467005077	7.0	0.2
2096593387	2004	2.2	0.6740268277926079	2.0	1.4
2096658368	2011	1.6	0.12442322991249004	2.0	0.6
2096883221	2005	0.0	0.0	0.0	0.0
2097059535	2001	0.0	0.0	0.0	0.0
2097076567	2013	10.8	1.4982676962674728	5.2	1.6
2097093281	2013	26.712384716732544	2.419380027088394	22.4	13.6
2097207902	2005	0.0	0.0	0.0	0.0
2097346130	2010	6.3	0.5661022324811471	2.2	1.4
2097470770	2000	0.33333333333333337	0.06824858757062145	2.0	1.4
2097630498	2012	13.833333333333332	1.580845844860392	7.4	1.2
2097649935	2011	0.0	0.0	0.0	0.0
2097784377	2006	0.0	0.0	0.0	0.0
2098219782	2013	11.2	1.9852857523856193	1.6	0.6
2098350942	2001	0.0	0.0	0.0	0.0
2098491570	2009	3.0	1.4880911349352288	13.0	0.6
2098712983	2014	0.0	0.0	3.0	0.0
2099020214	2007	32.123333333333335	2.201622689090258	5.6	2.8
2099033448	2014	29.3	3.364560630353511	6.8	1.6
2099094270	2014	10.866666666666665	2.106394715365931	4.4	2.0
2099094960	2008	1.6666666666666667	0.16235917826375085	0.6	0.8
2099250567	2014	2.933333333333333	0.669147269828062	5.0	1.2
2099254133	2008	17.5	0.6718451349357049	2.4	1.2
2099460795	2006	4.6	0.5342390306590784	2.8	0.2
2099480643	2012	4.0	1.4365968599976369	1.2	0.6
2099536266	2009	6.2666666666666675	0.776563143568148	7.8	1.8
2099898379	2013	21.28666666666667	0.6317984471737629	7.6	4.8
2100051933	2014	14.63	1.1104099590939778	9.4	2.0
2100161364	2013	24.416666666666668	2.5252659690813344	16.8	4.0
2100570559	2005	26.866666666666664	0.307201646090535	1.6	1.0
2100858094	2013	0.0	0.0	7.0	0.2
2101240970	2007	15.066666666666668	0.8728494732681433	11.0	1.4
2101266726	2003	0.0	0.0	0.0	0.0
2101308751	2012	21.0	4.42278247781711	0.6	0.6
2101336747	2004	0.0	0.0	0.0	0.0
2101476622	2004	0.0	0.0	0.0	0.0
2101519778	2000	0.0	0.0	0.0	0.0
2101658581	2012	68.9	2.8603200353660445	3.6	1.6
2101729186	1999	0.0	0.0	0.0	0.0
2101740809	2003	0.0	0.0	0.0	0.0
2101790054	2006	11.373809523809523	0.9595396862105469	7.0	5.8
2101867916	2006	4.0	0.30137340505615345	2.0	0.8
2101881875	2012	8.14	2.1076485650164622	2.0	1.6
2101921658	2014	11.366666666666665	3.006692755638037	2.2	1.6
2102037186	2002	0.0	0.0	0.0	0.0
2102216805	2010	23.052380952380954	0.443093118572501	11.4	4.2
2102243677	2014	5.159090909090909	1.6455416775648188	5.6	4.8
2102270311	2006	59.1	1.4233964343530694	2.4	1.0
2102380888	2002	0.1	0.06545454545454546	0.4	0.4
2102715665	2001	4.8	0.25707196029776674	0.2	0.2
2102960998	2014	20.614285714285714	2.1072017860623573	7.8	4.0
2103116688	2003	8.4	0.2870011393139749	1.6	1.0
2103130315	2011	31.657142857142855	3.123399901259501	8.8	4.4
2103274962	2012	81.35	3.92143036612676	16.0	2.6
2103451196	2010	27.726666666666667	1.0500989054276737	9.6	3.0
2103584406	2009	23.1	1.711786592385319	3.8	1.4
2104117573	2004	0.0	0.0	0.0	0.0
2104169870	2012	38.68333333333334	1.670670202842628	8.6	2.2
2104259714	2012	11.575	1.0791691320891659	13.8	3.4
2104412229	2014	49.81	4.551822038378516	12.0	3.6
2104415777	2004	9.6	1.0617305085014686	1.2	0.4
2104423096	2009	28.969047619047615	2.8415163884466117	19.2	7.0
2104594067	2001	0.0	0.0	0.0	0.0
2104810978	2003	0.0	0.0	0.0	0.0
2104873046	2004	32.4	0.7203225753569106	7.4	4.2
2104879825	2014	11.4	0.8579782196969697	1.2	0.4
2104908036	2000	0.0	0.0	0.0	0.0
2105004084	2007	123.46666666666667	1.6950977417835884	4.4	1.8
2105015565	2000	0.0	0.0	1.0	0.0
2105269132	2006	6.5	0.40396824858056685	1.0	0.6
2105361934	2011	4.2	0.4062896294411934	4.8	4.0
2105591820	2006	1.2	0.0	0.4	0.4
2105634974	2014	3.9	2.399245803124161	5.8	1.8
2105781040	2000	1.4	0.5389040520680244	0.2	0.4
2105823394	2005	2.65	0.5685094914307322	1.2	1.6
2105946567	1996	2.0	0.12666666666666665	0.2	0.2
2106156992	2013	53.0	2.3270222365927458	2.0	1.4
2106228171	2009	22.751666666666665	1.3546037610120574	13.0	7.2
2106233588	2004	15.008333333333335	0.9740126832922712	8.2	4.6
2106281576	2012	16.71333333333333	1.259029243256537	8.2	3.4
2106340623	2015	6.992857142857143	0.6383706875070526	5.4	4.8
2106348166	2012	16.880000000000003	1.1782544382529982	6.6	2.4
2106520669	2002	10.5	0.34637334990680824	6.8	1.2
2106659691	2015	5.683333333333333	1.6496606675773884	3.6	6.6
2106917834	2009	21.8	0.7066882876545744	1.4	1.0
2106974805	2012	13.2	1.7710873598894559	6.6	1.2
2106980268	2014	20.23333333333333	2.177353863790182	12.8	2.2
2106989669	2012	31.1	1.4931536593011618	2.6	1.0
2107094063	2008	1.6813186813186813	0.7914762439445959	3.8	14.6
2107184605	2003	0.0	0.0	0.0	0.0
2107490671	2010	18.925	1.0982705437651596	1.6	2.0
2107521940	2011	56.92444444444444	3.4907688625523248	15.8	7.0
2107573700	2004	1.4000000000000001	0.37414773762826314	0.6	1.6
2107726642	2004	18.4	0.4063622571309578	2.2	0.6
2107803903	2000	0.0	0.0	0.0	0.0
2107811228	2001	0.0	0.03333333333333333	0.0	0.4
2108034294	2000	0.0	0.0	0.0	0.0
2108134994	2008	28.833333333333332	2.7771195126793975	7.6	1.2
2108375291	2009	10.134733893557422	1.6332605533107358	10.2	9.4
2108499568	2011	12.783333333333335	0.5618848388374598	4.0	2.2
2108581453	2014	2.1	0.5537135208760857	3.0	1.2
2108626641	2012	68.8	4.379785118022845	1.4	0.8
2108691189	2010	63.279999999999994	2.2003740952705475	5.4	1.8
2108708388	2006	0.0	0.0	0.0	0.0
2108896006	2010	9.533333333333331	0.4981825774265792	16.0	1.0
2109042203	2008	6.533333333333334	0.13409639942820215	2.4	2.6
2109064762	2008	127.9	2.7749134505457556	1.6	0.8
2109099773	2014	114.24428571428571	4.857863248902282	10.8	4.6
2109137159	2010	12.183333333333334	1.0419771520482999	3.4	1.8
2109351857	2014	36.52166666666666	2.013859133188947	26.6	5.4
2109376833	2005	1.8	0.23389633578055155	4.0	0.6
2109636682	2004	0.0	0.0	0.0	0.0
2109788877	1997	0.0	0.0	0.0	0.6
2109797586	2014	19.869999999999997	4.002420828467603	4.2	2.4
2110091597	2013	24.660000000000004	2.6650538493472418	23.2	7.0
2110349578	2005	19.183333333333334	1.202611536924183	6.2	6.2
2110473235	2010	2.15	0.15219890054972515	1.8	1.8
2110705915	2010	67.06666666666668	1.031394179488777	8.4	1.8
2110707874	2012	8.535555555555558	2.008127398857878	11.6	9.4
2110753830	2008	3.3566666666666665	0.19002892020193657	5.6	7.0
2110775846	2015	23.541666666666668	2.418586072321009	10.8	5.2
2110797574	2006	0.0	0.0	1.0	0.0
2110809243	2009	2.7333333333333334	0.3945746172394423	2.6	1.0
2110984307	2013	140.15	2.0151071105562464	3.2	1.4
2111175337	2012	2.6	1.0908045977011496	0.4	0.4
2111276463	2008	1.2	0.0	1.0	0.2
2111332042	2010	14.666666666666666	0.9584172546958609	0.6	0.6
2111405469	2014	38.928333333333335	4.790707304925455	19.4	5.6
2111471200	2001	17.8	0.27465423031727376	1.0	0.4
2111599228	2011	6.8	1.7570061318663748	12.0	2.2
2111754571	2013	20.123333333333335	2.753247845263094	12.0	5.2
2111757033	2014	123.9	3.8677154793172632	7.2	2.2
2111894757	2009	33.4	0.39389830508474577	0.4	0.2
2112004371	2003	0.8	0.05969859017987359	2.0	0.2
2112126268	2002	0.0	0.0	0.0	0.0
2112187811	2007	39.3	0.8655890201191727	5.0	2.0
2112273716	2006	1.2	0.5481053051455923	2.4	0.4
2112394150	2007	3.804415584415584	1.5504718643459574	2.4	5.4
2112451192	2008	16.466666666666665	0.8502082544032834	2.0	1.0
2112621182	2012	2.0	0.7012402975412003	0.8	1.2
2112651016	2014	0.2	0.39546199301172463	2.0	0.4
2112722258	2009	23.15714285714286	0.8236170770771238	4.0	2.2
2113043869	2000	0.0	0.0	0.0	0.0
2113185932	2011	46.66978354978355	2.7035106283471477	16.0	7.0
2113264552	2014	23.21	2.7420504841253583	10.2	6.8
2113277774	2012	0.0	0.0	1.0	0.0
2113319397	2008	0.0	0.0	0.0	0.0
2113496154	2010	49.14666666666667	1.9837355738440965	15.4	4.2
2113542901	2014	5.5	1.1762529164213418	3.8	0.8
2113648768	2011	9.6	0.7735591125403861	1.4	1.0
2113707818	2010	1.1	0.36641881318056735	1.4	1.0
2113871370	2012	20.1	2.602361024686529	6.8	1.8
2113950879	2002	0.0	0.0	0.0	0.0
2114072197	2011	16.314529914529913	1.4256646298397428	15.2	6.2
2114173801	2002	7.2	0.4178767624406799	1.8	0.6
2114268393	2006	0.0	0.0	0.0	0.0
2114317941	2002	5.0	0.38649484781418814	1.6	0.8
2114361230	2007	13.1	1.4775694088926088	5.0	2.2
2114362624	2014	3.7745454545454544	2.0049059047074795	9.8	7.4
2114795606	2008	0.0	0.10281425891181988	3.0	0.2
2114975082	2014	53.56666666666666	2.6332199558473066	10.8	1.6
2115034244	2012	88.37489177489176	2.9749176890502866	9.4	7.2
2115039528	2003	38.96476190476191	2.119686259558345	10.4	5.8
2115096685	1994	0.0	0.0	0.0	0.0
2115208004	2013	33.70722222222223	2.735927615955781	18.2	6.2
2115440492	2014	0.9333333333333332	0.5640272508720704	2.0	0.8
2115863081	2000	0.0	0.0	0.0	0.0
2115955933	2013	0.0	0.0	10.0	0.0
2115979104	2010	1.5333333333333332	0.27661434664119033	1.6	1.4
2116004973	2012	12.966666666666665	0.7589302875343924	4.4	2.0
2116008615	2011	13.5	0.7249202172097293	6.8	1.2
2116119152	2014	17.455757575757573	3.8530639394288144	22.0	10.6
2116122190	2012	9.809999999999999	1.911158469830902	11.0	3.8
2116209495	2005	0.0	0.0	0.0	0.0
2116375788	2011	25.385714285714286	0.8194994064031353	2.6	2.2
2116466705	2013	122.18666666666665	2.9464085210137667	34.0	4.0
2116559141	2008	94.79333333333332	1.651018284712967	27.2	8.4
2116873136	2008	0.0	0.0	0.0	0.0
2117054624	2011	0.0	0.0	6.0	0.0
2117310676	2005	0.0	0.0	0.0	0.0
2117485077	2003	13.2	0.4221672706305178	2.4	1.0
2117553164	2011	0.0	0.0	0.0	0.0
2117568215	2006	0.0	0.0	0.0	0.0
2117615860	2012	15.2140522875817	1.1644944682305098	14.0	8.0
2117626141	2010	24.1	0.9977033191390072	9.4	0.6
2117647565	2009	14.6	0.5801047120418847	0.4	0.4
2117715968	2006	0.0	0.0	0.0	0.0
2117782603	2003	2.9	0.38185830942396815	2.0	0.4
2118137145	2000	0.0	0.0	2.0	0.0
2118214211	2008	29.5	0.6909122625751657	2.4	0.8
2118257724	2011	26.6	1.0913206488272937	1.0	0.4
2118298011	2000	0.0	0.0	0.0	0.0
2118299508	2011	0.0	0.0	0.0	0.0
2118371760	2011	16.633333333333333	2.3507714156151103	5.6	1.8
2118483151	2005	0.0	0.016	1.0	0.4
2118779695	2014	0.4	0.2243167875069715	2.0	0.6
2119012425	2013	10.2	0.953139605109045	1.4	0.8
2119380415	2003	13.959999999999999	1.045959507877894	3.2	1.6
2119394733	2011	0.0	0.0	0.0	0.0
2119546815	2005	6.9	0.0	2.2	0.8
2119571818	2011	9.821247173878753	1.3000589502212794	13.0	11.6
2119748216	2007	37.733333333333334	1.0279696121518866	1.8	1.2
2119763375	2010	51.75153297682709	2.2591101607231154	42.4	21.2
2119846317	2014	21.26047619047619	2.9433290351922206	11.2	5.4
2119972174	2006	7.15	1.2331815307548224	4.4	2.2
2120048231	2005	114.8	3.351183785105472	8.0	2.6
2120140305	2004	15.733333333333334	0.2837211563391237	5.4	2.4
2120162492	2008	0.0	0.0	0.0	0.0
2120207348	2014	14.0125	4.566809842343152	12.2	6.0
2120317704	2004	13.3	0.6116120581520621	4.0	1.2
2120394816	2002	0.0	0.0	0.0	0.0
2120965470	2010	0.0	0.0	5.0	0.0
2120971950	2014	14.116666666666669	2.5858139628028063	10.6	4.6
2120979678	2014	0.0	0.0	0.0	0.4
2121069363	2000	0.4	0.0	0.4	0.2
2121215760	2012	3.6577777777777776	0.5569449514076283	3.4	2.8
2121262826	2014	0.0	0.06854838709677417	4.0	0.2
2121376638	2007	0.0	0.0	0.0	0.0
2121403715	2005	21.14	1.021593023832063	3.4	1.8
2121443691	2011	46.720000000000006	3.273005636310195	24.0	4.2
2121523516	2006	0.8	0.5001000200040008	1.2	0.2
2121799127	2009	9.171428571428573	1.3539720416484877	10.0	6.8
2121991166	2003	57.11666666666666	0.6895029062989022	5.4	3.0
2122010476	2008	2.2	0.148629608575605	1.2	0.4
2122177297	2013	7.283333333333334	0.7828037713687619	3.6	1.4
2122193271	2013	32.74501976284584	1.5432082299239454	13.4	12.0
2122210000	2013	22.042124542124544	1.7695100209672727	27.0	12.6
2122303705	2002	0.0	0.0	0.0	0.0
2122451041	2003	30.066666666666663	0.4495615849873379	8.8	1.4
2122576518	2013	22.15	1.4025470785858536	2.0	1.4
2122710088	2011	7.0	1.0379711587200098	2.0	1.2
2122739653	2014	49.99702380952381	3.27590369268941	25.0	12.2
2122751853	2014	9.667619047619047	1.978048225757279	10.0	4.0
2122921279	2002	0.0	0.0	0.0	0.0
2122960772	2013	7.266666666666666	0.8355585794585199	0.8	1.4
2123182407	2005	0.2	0.0	0.8	0.2
2123306026	2012	4.5777777777777775	0.8263341040784148	4.6	3.0
2123485745	2012	7.85	1.1787191049302987	3.8	1.2
2123557187	2014	5.2	1.1065349347798012	2.6	0.6
2123838230	2003	0.0	0.0	0.0	0.0
2123910355	2003	0.0	0.0	1.0	0.0
2123985438	2014	2.6	0.31565217391304345	2.0	0.8
2123995904	2002	4.6	0.09596638655462186	1.2	0.4
2124222436	2011	5.8	0.589598108747045	0.2	0.2
2124225101	2006	17.3	0.7521718459804875	1.2	0.8
2124403451	2006	0.0	0.0	0.0	0.0
2124457473	2004	10.92	0.9466386219598487	7.2	5.0
2124458555	2009	0.0	0.0	0.0	0.0
2124468905	2012	45.72	3.055353945520985	11.2	3.2
2124613142	2006	6.45	0.34403483447091127	5.2	1.0
2124707982	2013	0.0	0.0	3.0	0.0
2124841962	2003	0.4	0.3328372448359913	1.0	1.0
2124980087	2010	112.0	3.4248696026467713	3.2	1.0
2125009864	2007	17.6	0.23223589276220857	4.0	0.6
2125050832	2008	7.8	0.5424200899228299	1.6	1.0
2125086336	2009	21.348095238095237	1.0309218365956456	8.4	6.2
2125201152	2013	35.47714285714285	2.1067951790852697	11.4	3.6
2125492118	2006	0.0	0.0	0.0	0.0
2125682841	2003	0.0	0.0	0.0	0.0
2125785075	2014	33.2	1.6516657500474596	9.2	1.6
2125868245	2007	8.6	0.5375	0.6	0.2
2125874394	2013	25.44	1.5021242242295672	19.0	2.2
2126121460	2000	0.0	0.0	0.0	0.0
2126386058	2009	0.0	0.0	0.0	0.0
2126664890	2006	27.004361937082525	1.4319265880489322	23.2	30.8
2126670394	2011	32.50476190476191	2.103217490789412	12.8	5.0
2126887540	2004	0.0	0.0	0.0	0.0
2126968285	2011	20.35773809523809	1.646295447104252	17.0	8.6
2126971597	2012	10.664444444444444	1.6587565836926141	6.4	6.0
2127181958	2011	0.11333333333333333	0.0	2.0	4.8
2127389950	2009	27.339523809523808	1.6433373610078057	16.0	9.0
2127412708	2010	0.0	0.0	0.0	0.0
2127628539	2009	69.58333333333334	1.9993737186479543	23.8	7.2
2127909259	2004	1.7	0.28776844070961716	0.8	1.0
2128005576	2012	0.0	0.0	17.0	0.0
2128273557	2013	70.13729603729603	5.577326377582571	29.8	8.4
2128406112	2003	0.4	0.04307692307692308	0.4	0.2
2128505437	2005	0.0	0.0	0.0	0.0
2128579718	2010	0.0	0.0	0.0	0.0
2128684847	2011	56.8	5.269750889679715	5.2	0.2
2128836615	2005	2.2666666666666666	0.26288916562372877	2.2	1.4
2128961535	2015	0.0	0.2359696031522657	16.0	0.2
2128988761	2010	3.0	0.4403614457831325	1.0	0.2
2129031682	2014	12.966666666666665	1.7899657605605164	5.4	1.0
2129036690	2006	0.6333333333333333	0.6255175185876686	1.6	3.6
2129285711	2012	6.733333333333334	0.4681016716281201	3.4	0.8
2129315804	2015	46.9	2.4182912715784752	3.6	1.0
2129418036	1998	1.0	0.0	1.0	0.2
2129438427	2009	5.2	0.32287266143633075	3.2	0.2
2129452128	2009	27.8	1.313645959297111	4.6	1.2
2129456769	2013	0.0	0.0	0.0	0.0
2129572409	2009	0.0	0.30868852459016394	0.0	0.2
2129593249	2012	30.0	2.220741768314717	16.8	0.8
2129696040	2009	3.5	0.302565505524313	2.4	1.6
2129707538	2011	34.405394605394605	2.649233993862416	13.8	8.0
2129840949	2008	13.27217391304348	1.3677279365830202	15.8	11.4
2130006258	2011	5.0	0.20056603773584905	1.2	0.2
2130233059	2014	16.4	2.7188531910282023	5.0	2.2
2130371764	2004	7.35	0.2912390095714833	1.8	1.2
2130446888	2009	39.68	1.5367155494176792	12.2	5.8
2130533168	2006	0.0	0.0	0.0	0.4
2130638385	2008	20.466666666666665	1.1658954578949714	16.6	6.8
2130647009	2005	0.0	0.0	0.0	0.0
2130687195	2009	31.97833333333333	1.8621836223308115	19.4	7.0
2130779389	2010	11.4	1.065441071308552	1.4	0.6
2130877461	2011	13.919999999999998	0.32119363603874207	4.6	3.6
2130924367	2014	3.9333333333333327	0.9921385543509444	2.8	1.0
2130968869	2002	0.0	0.0	0.0	0.0
2131075225	2012	0.0	0.0	7.0	0.0
2131079553	2008	92.3	2.068846233733398	3.2	1.6
2131274496	2012	6.8	0.034666666666666665	4.6	1.0
2131378765	2015	5.2	0.4404978611234328	3.8	0.8
2131442170	2013	21.123809523809523	0.604658784805024	8.8	4.0
2131464134	2011	16.0	1.3135072819135019	1.6	0.8
2131688799	2004	0.0	0.0	0.0	0.0
2131706324	2010	3.2	0.3611764705882353	0.2	0.2
2131759505	2013	20.2	1.6541293757463975	3.0	1.0
2131857602	2005	36.54579630895421	1.8005799194137577	19.2	10.4
2132032762	2002	0.0	0.0	0.0	0.0
2132053256	2009	2.9466666666666663	0.30452380952380953	5.8	2.0
2132056394	2013	8.583333333333334	1.4774458038101517	5.4	1.8
2132229286	2010	1.2	0.7650947203092908	5.0	0.4
2132246969	2014	0.0	0.0	4.0	0.0
2132371958	2002	2.533333333333333	0.3681663068241313	1.0	1.2
2132452411	2011	17.469117647058823	0.8565930164905564	12.4	12.0
2132499049	2014	8.8	0.8523712111890406	23.6	0.4
2132852458	2013	37.146904761904764	4.289628041678299	27.0	10.4
2132908064	2014	26.61764705882353	4.526231805337447	15.2	8.8
2132946446	2000	0.0	0.0	0.0	0.0
2132966298	2012	137.68	2.284634940577747	6.0	4.2
2133024693	2011	36.24285714285714	0.9008009404408517	8.6	6.0
2133263018	2011	29.048127530364372	1.6647314326359877	9.8	13.6
2133344717	2013	14.9	1.3476109574766326	7.0	1.2
2133458302	2010	25.070238095238096	1.9494852859343434	22.0	4.8
2133738430	2007	1.8	0.0	0.2	0.2
2133938339	2013	9.3	2.5850958626325475	8.8	2.8
2134062735	2010	0.15238095238095237	0.0	1.6	4.8
2134359195	2015	18.666666666666664	3.0383003637297916	10.0	3.6
2134475986	2015	13.457142857142859	1.3382699670093137	10.0	5.4
2134507548	2003	0.0	0.0	0.0	0.0
2134593789	2002	3.5	0.1928843710292249	1.2	0.4
2134835601	2010	0.0	0.0	0.0	0.0
2135098536	1995	0.0	0.0	0.0	0.0
2135189109	2006	44.70142857142857	1.2839593154003195	11.6	4.6
2135471349	2005	0.0	0.0	0.0	0.0
2135487126	2004	1.75	0.12143604996156421	2.4	0.8
2135920179	2010	5.0	0.43850919102761365	0.4	0.4
2135927516	2009	19.44848484848485	0.9838738356470085	13.4	8.8
2135958607	2008	2.8	0.22477876106194689	0.4	0.2
2136036615	2012	16.0	1.6546094160011031	10.8	0.8
2136115836	2011	39.269999999999996	1.7965904822751586	10.8	4.6
2136179193	2013	30.68333333333333	2.055783540669256	9.8	2.2
2136266794	2014	5.833333333333334	0.7954536267401944	8.6	1.2
2136549642	2011	19.240000000000002	0.838249786253446	8.2	4.2
2136575268	2010	27.78666666666667	1.7746558297432653	9.6	2.0
2136696627	2011	29.137777777777774	2.8720687950946027	23.8	6.6
2136816253	2001	0.0	0.0	0.0	0.0
2136933829	2000	0.0	0.0	0.0	0.0
2136953855	2012	8.25	0.5244622939492999	4.6	2.2
2137005904	2011	5.0	0.3228798216351231	0.8	1.0
2137165949	2003	16.15	0.6328517086729686	7.6	2.0
2137266704	2004	39.7	0.4930180643859514	1.4	0.6
2137467464	2009	13.9	0.9587996268819381	1.0	0.6
2137543114	2014	16.67151515151515	1.654784148368213	4.2	4.0
2137721112	2012	18.953333333333333	1.5002553847649094	4.0	3.2
2137787012	2011	0.11904761904761904	0.0	2.0	5.0
2137872106	2001	4.7	0.13547194719471947	0.4	0.4
2137888961	2012	4.0	0.5077769833053563	1.8	1.4
2137930062	2006	0.0	0.0	0.0	0.0
2138250145	2012	23.34325814536341	1.7611440718487004	30.8	13.8
2138515857	2003	0.0	0.0	0.0	0.0
2138623437	2008	17.55	1.6166546463164024	2.6	1.6
2138694383	2008	55.57142857142858	1.512098516293262	5.0	2.2
2138730132	2006	20.408571428571427	0.7148466795449988	17.2	7.4
2138774193	2010	66.8	1.6901840490797546	4.0	0.4
2138788641	2012	138.32393939393938	2.116940987983832	26.4	8.0
2138812682	2002	0.0	0.0	0.0	0.0
2138942620	2006	6.1	0.43447045552118463	4.2	0.6
2139359872	2004	20.957142857142856	2.290747230724185	8.0	4.6
2139383353	2002	0.0	0.0	0.0	0.0
2139563917	2011	18.507272727272728	0.5473703167307349	10.6	9.2
2140139299	2014	2.783333333333333	0.9693143679097123	4.2	2.6
2140142482	2014	18.4	1.7176556776556775	10.6	0.2
2140193922	2013	10.748032751562162	1.2467998271975884	18.2	17.4
2140246466	2014	32.46712121212121	2.9500865454832566	20.4	8.2
2140299053	2011	20.0	1.5051837723920312	2.2	1.4
2140415916	2006	3.866666666666667	0.5843432511565627	2.8	1.8
2140420991	2000	0.8	0.2016597510373444	1.0	0.2
2140835453	2002	0.0	0.0	0.0	0.0
2141043845	2013	4.352792207792207	1.2438503577085442	5.6	7.8
2141044430	2014	14.35	3.4545281596786728	10.4	3.8
2141239370	2011	25.666666666666668	1.5643570414175492	9.8	2.6
2141240247	2014	85.85776018099548	3.0258283416365788	41.0	10.0
2141557542	2006	5.7	0.25582967954259056	1.4	0.4
2141591688	2006	0.0	0.0	0.0	0.0
2141739943	2008	9.6	0.0	0.2	0.2
2141859088	2006	18.21333333333333	0.9189450850074818	6.2	4.6
2141917321	2001	0.0	0.0	0.0	0.0
2141922035	2012	3.4666666666666663	0.98769304237873	1.6	1.4
2141954396	2010	1.8	0.4735632183908046	2.8	1.0
2142144324	2011	19.297514619883042	2.4888680197863198	19.0	10.6
2142236357	2014	9.2	0.0	0.6	0.4
2142251200	2001	0.0	0.0	0.0	0.0
2142476884	2004	101.41666666666666	2.109684094995173	13.2	3.8
2142477919	2010	36.958207282913165	1.9468750433592341	18.4	11.0
2142521509	2004	0.5	0.0	0.2	0.6
2142528260	2007	0.0	0.0	0.0	0.0
2142540666	2008	38.596161616161616	1.2862163146675702	18.8	11.4
2142600833	2010	53.14040404040404	1.8521505771681703	28.8	12.4
2142603089	2003	5.2	0.258948023653906	2.4	0.6
2142606130	2009	0.0	0.0	0.0	0.0
2142834820	2007	21.266666666666666	1.099780453184754	10.0	2.0
2143249676	2007	34.9	1.5930771022546473	4.0	1.8
2143414206	2009	22.919999999999998	1.4283851085927046	7.2	3.4
2143517294	2006	0.0	0.0	0.0	0.0
2143560452	2012	46.533333333333324	1.2847242194658575	2.2	1.0
2143737760	2001	0.0	0.0	0.0	0.0
2143804335	2014	37.15833333333334	4.520969805114786	17.2	3.6
2143875236	2012	2.0666666666666664	0.6769265360886527	6.4	0.8
2143875278	2008	8.944705882352942	0.6980362360402119	9.6	12.0
2144161069	2006	0.0	0.0	0.0	0.0
2144244693	2010	10.188333333333333	1.3842746458017572	9.0	4.8
2144399546	2015	0.0	0.0	4.0	0.0
2144806485	2010	34.266666666666666	3.638306229561094	4.2	1.4
2144857100	2011	0.0	0.0	0.0	0.0
2144967616	2004	6.183174603174605	0.6977609088516609	3.2	5.4
2144983540	2011	0.0	0.0	0.0	0.0
2145303506	2008	33.9	1.6955846675201631	10.2	2.2
2145588887	2012	8.010714285714286	1.6472646891488913	10.6	5.2
2145699650	2012	13.3	1.8342995235042436	6.0	4.0
2145801676	2003	0.0	0.0	0.0	0.0
2145801772	2010	56.6	0.689988721771126	1.6	0.4
2145805884	2006	0.0	0.0	0.0	0.0
2146048256	2007	34.42727272727272	1.768876231808708	10.0	3.2
2146306046	2014	8.2	0.5492385786802031	3.2	1.6
2146436343	2003	0.0	0.0	0.0	0.0
2147008306	2009	0.0	0.0	0.0	0.0
2147119203	2014	1.742857142857143	1.0281163145329946	4.8	6.0
2147182381	2013	0.0	0.0	0.0	0.2
2147468748	2005	13.833333333333334	1.2578889694601276	2.2	1.8
2147469531	2004	26.4	2.3227877666791934	4.0	1.4
2147480086	2013	28.06666666666667	4.316474513683504	5.4	1.4
2147533149	2011	17.57	0.9459689771842253	33.4	4.6
2147835917	2010	0.0	0.0	0.0	0.0
2147856635	2005	57.06666666666666	0.46509218408951514	4.6	1.2
2147887109	2013	2.4	0.6145597341177915	1.4	1.6
2148219056	2001	0.0	0.0	0.0	0.0
2148252713	2013	8.0	0.6702922027395379	7.8	1.0
2148269573	2012	0.0	0.0	0.0	0.0
2148571677	2010	6.1	0.28976848394324123	1.2	0.4
2148692915	2009	13.617460317460319	1.095799819337748	10.4	7.6
2148887477	2003	69.13333333333334	1.0288252750757918	4.4	1.0
2149179121	2005	4.4	0.12711555959963602	6.0	0.4
2149466897	2013	4.1	0.3012693935119887	1.4	1.6
2149890508	2005	10.8	0.22201834862385317	0.8	0.4
2149967164	2003	1.2	0.10487804878048779	0.4	0.2
2150041333	2015	22.315476190476193	5.176692581132267	15.6	5.4
2150143441	2007	37.19047619047619	1.8586066010900217	10.8	4.0
2150238559	2006	3.2	0.17466251298026997	0.4	0.2
2150321504	2011	13.4	0.9560455826096879	11.6	0.8
2150413527	2013	45.30666666666666	2.3653324411558203	8.6	3.6
2150448886	2007	27.7	0.68261455149782	22.6	5.6
2150645749	2005	21.34679487179487	1.3412759814779114	11.8	9.2
2150662063	2008	17.70079365079365	1.1082511445335006	10.0	5.8
2150814619	2004	1.8	0.19927849927849928	0.4	0.4
2150822877	2007	0.0	0.0	0.0	0.0
2150860615	2003	20.4	0.5118193019058757	4.4	2.6
2150962668	2002	0.0	0.0	0.0	0.0
2151071109	2010	0.0	0.0	5.0	0.0
2151084988	2005	0.0	0.06337209302325582	2.0	0.2
2151090628	2014	26.333333333333332	2.3754133562990742	4.2	4.6
2151111624	2009	45.516666666666666	2.9134182016375796	5.6	2.0
2151150107	2011	62.35	2.0893049391663805	9.4	3.2
2151338004	2010	0.0	0.0	0.0	0.0
2151411149	2013	29.343333333333334	1.5808184112565535	10.8	3.8
2151467832	2005	0.0	0.0	4.0	0.0
2151497270	2002	1.7	0.15896832951806772	1.6	0.8
2151841224	2007	10.500000000000002	1.0384039587045615	3.4	1.8
2151882070	2011	0.0	0.0	0.0	0.0
2152129726	2014	55.13787878787879	4.840475936432046	52.2	15.2
2152263836	2010	6.8	0.31512627434920815	1.2	1.4
2152742497	2009	0.0	0.0	0.0	0.0
2152746768	2009	60.51666666666667	1.6061788035452664	8.6	3.6
2152759239	2002	0.0	0.0	0.0	0.0
2152922038	2003	0.0	0.0	0.0	0.0
2152986995	2003	18.72	0.44073428157253935	3.6	2.2
2153093055	2005	6.0	0.3078014184397163	0.8	0.2
2153333472	2005	1.3	0.0	1.2	0.4
2153403073	2015	10.7	4.51299877303998	5.4	2.0
2153464239	2011	30.65333333333333	1.9205266432160104	7.0	3.6
2153729420	2003	3.8	0.21555023923444977	1.0	0.2
2154038270	2014	23.03333333333333	2.0328964379659484	11.8	2.6
2154120132	2001	0.0	0.0	0.0	0.0
2154147473	2006	41.82	1.6441470951858412	6.8	4.6
2154367007	2002	2.666666666666667	0.12185458476360027	1.2	0.6
2154459738	2015	13.811904761904762	4.424288902214874	27.0	6.6
2154473071	2010	8.0	0.8870826090778998	5.8	4.4
2154538814	2008	57.348597189773656	2.0125451807845405	32.6	21.0
2154642950	2011	8.25	1.1643397666162307	6.8	2.2
2154690304	2004	15.253333333333334	0.9486910134004225	10.0	5.2
2154701305	2013	17.869285714285716	1.9062654109031065	18.8	6.8
2154799673	2002	0.0	0.0	0.0	0.0
2154845982	2008	0.0	0.0	0.0	0.0
2154940096	2012	14.953333333333333	1.084126466056825	11.2	7.0
2154970772	2014	32.55	2.718805658084103	23.2	2.8
2155024381	2014	0.0	0.0	3.0	0.0
2155053817	2010	53.08095238095238	1.9199874379023636	14.6	6.0
2155077995	2012	2.2	0.3638095238095238	0.8	0.4
2155203226	2009	19.46888888888889	1.3571660452378094	9.8	10.6
2155241416	2009	49.1	1.7901609131678824	5.6	1.8
2155410336	2006	3.2	1.058095238095238	0.2	0.2
2155500052	2012	0.6	0.2145018257694314	10.0	0.2
2155508843	2005	0.0	0.0	0.0	0.0
2155560721	2013	7.233333333333332	2.0528976439414635	3.6	2.2
2155752892	2007	1.5428571428571427	0.2803077924307934	0.6	1.6
2156048252	2010	8.425490196078432	1.959787771351992	7.2	10.0
2156057592	2013	0.768595817536994	1.2721883140749708	4.4	23.8
2156061973	2009	0.0	0.0	0.0	0.0
2156070389	2008	38.708513708513706	1.5381140723160474	24.6	9.6
2156395590	2015	13.2	3.271258519585325	9.8	1.2
2156431734	2009	49.83333333333333	2.4626407043729706	8.6	4.2
2156498571	2008	22.096158008658005	1.46346401111182	17.4	11.4
2156872840	2008	53.92	2.423403928506924	2.4	1.4
2157101960	2006	4.2	0.7483300024486504	3.6	0.6
2157204938	2012	0.0	0.0	15.0	0.0
2157213243	2011	0.0	0.0	0.0	0.0
2157274563	2011	71.8	1.472166120735157	7.0	2.0
2157655962	2005	3.4	0.2678440366972477	0.2	0.2
2157899901	2011	24.85666666666667	1.1221334806689933	4.2	3.4
2157960410	2000	34.9	0.6683874853504648	1.0	0.6
2158149647	2002	9.6	0.6119857988679235	0.6	0.4
2158255297	2011	9.933333333333334	1.3786840775001172	5.4	2.4
2158260898	2012	22.85	1.202965544025723	2.4	1.4
2158269646	2014	4.333333333333334	0.42761701578619277	7.0	0.6
2158302723	2014	5.932380952380951	1.4532097190088487	5.8	6.2
2158637162	2011	30.166666666666664	1.5554502333665678	2.8	1.6
2158768696	2011	4.20909090909091	1.1118878658375675	6.6	4.4
2158783344	2012	0.11363636363636362	0.0	2.0	7.0
2159011737	2004	0.0	0.0	0.0	0.0
2159206680	2014	28.46428571428571	4.145512562073519	2.2	2.2
2159209699	2014	21.746666666666666	1.1737478079147667	5.8	4.4
2159641247	2001	0.0	0.0	0.0	0.0
2160041688	2007	27.119999999999997	1.9067949801469095	2.0	1.6
2160530418	2003	1.8	0.03875	0.6	0.6
2160587199	2005	0.0	0.0	0.0	0.0
2160785160	2010	52.43333333333334	2.045052317446224	10.6	2.6
2160966931	2009	29.523809523809526	1.2070779611421614	7.2	5.4
2161096072	2010	8.163636363636364	0.8427395548754554	4.2	2.8
2161122016	2004	7.266666666666666	0.3572409408233401	2.2	1.0
2161281631	2008	1.15	0.4871859154486874	1.8	1.2
2161282059	2004	20.366666666666667	0.627999809300294	4.2	1.6
2161289470	2011	1.4866666666666668	0.5424917005830376	2.0	4.8
2161294656	2012	27.3	1.9212171345639875	4.0	1.2
2161344787	2004	8.040000000000001	0.27632412168494647	0.6	1.0
2161348131	2011	0.4	0.0	1.0	0.4
2161364670	2009	16.4	0.34480543811269926	0.6	0.6
2161572675	2002	58.75860805860806	0.7080570244080936	8.2	6.2
2161630513	2012	11.7	1.322831062897095	5.4	0.6
2161639598	2009	0.0	0.0	7.0	0.0
2161735462	2000	0.0	0.0	0.0	0.2
2161752117	2013	32.73452380952381	3.0440041094957904	18.8	6.0
2162116654	2010	0.0	0.0	1.0	0.2
2162608454	2003	0.0	0.0	0.0	0.0
2162670899	2009	30.95	1.5415696241216164	7.0	2.6
2162991425	2013	1.2	0.18854489164086688	6.0	0.2
2163116786	2014	12.733333333333334	5.253735457469962	5.2	1.4
2163230821	2013	6.0	0.45232031016999696	5.6	0.8
2163258159	2007	0.0	0.0	0.0	0.0
2163554368	2012	41.42857142857143	2.546859914181005	9.0	5.2
2163564647	2014	4.65	0.7492058199700176	0.8	0.8
2163570495	2012	3.6799999999999997	0.5602055126134704	4.0	1.8
2163809637	2013	5.95	0.8112859998044037	3.8	1.2
2163876039	2007	23.9	0.4236844284666036	8.0	1.6
2163948149	2008	0.0	0.0	0.0	0.0
2164096993	2008	2.25	0.6664979575427337	1.0	1.0
2164157085	2007	1.2	0.0	0.6	0.2
2164306456	2007	12.7	0.5625180898756227	2.0	1.2
2164380808	2006	3.6	0.28318584070796465	0.2	0.2
2164782366	2001	0.0	0.0	0.0	0.0
2164864761	2013	2.4	0.0	2.4	0.4
2164946101	2012	5.0600000000000005	1.5554676187300238	7.8	3.2
2165039334	2011	26.9	1.9938485161170258	4.8	1.6
2165112351	2009	17.87880116959064	1.309027488029736	21.4	15.2
2165118231	2010	2.6	0.09885496183206108	1.0	0.4
2165129454	2012	24.505000000000003	3.3788471974295717	14.6	8.0
2165182151	2004	10.8	0.10381693330411282	1.0	0.4
2165290838	2013	17.497619047619047	2.8542825438226913	22.8	5.6
2165347178	2009	3.7	0.6727931769722815	1.2	0.6
2165440259	2003	1.1833333333333331	0.3575767496912434	4.0	3.0
2165487645	2014	4.133333333333333	2.0609357193441467	3.6	2.0
2165522783	2006	143.8	0.8137520968649612	2.8	1.8
2165632109	2010	8.36	0.571427944195032	1.4	1.2
2165913566	2008	3.5666666666666664	0.49678455630090534	2.0	2.4
2166072646	2010	0.0	0.0	4.0	0.0
2166101634	2008	4.0666666666666655	0.2866338852764644	1.8	1.0
2166293065	2002	0.0	0.0	1.0	0.0
2166524114	2010	4.133333333333334	0.688383211876358	1.4	1.0
2167043544	2013	7.333333333333333	1.7634262976623951	6.0	1.2
2167170244	2007	3.2	0.2835124532026914	2.0	0.6
2167316255	2009	31.573333333333334	1.1940147152091787	7.8	3.8
2167322902	2014	13.998245614035088	2.339670249885331	19.4	10.0
2167387482	2009	49.81428571428572	3.255649564328384	12.8	5.0
2167430128	2014	6.166666666666667	1.3423131126318044	2.6	3.0
2167432162	2009	60.35	1.8273490582447294	5.4	2.2
2167716309	2012	2.777777777777778	0.34068693560763025	1.4	1.8
2167758628	2009	50.12142857142857	0.8522231115719506	17.8	5.4
2167901638	2006	51.3	0.5242129629629629	1.2	0.8
2167911662	2011	5.436190476190475	1.3507538229334064	8.4	10.0
2167922976	2013	21.9	1.756983400675591	4.4	1.6
2167941445	2013	18.656011619958992	2.2974791203174707	26.2	13.8
2167979857	2003	0.0	0.0	0.0	0.0
2168088888	2013	2.2	0.17013574660633485	2.0	0.4
2168143308	2011	21.366666666666667	2.126483532964096	6.6	1.8
2168145360	2003	88.6	1.462640066626287	1.6	0.4
2168149035	2007	0.6	0.0	1.0	1.0
2168473544	2006	20.25	0.8622656678964262	4.2	1.8
2168636615	2005	22.8	0.1178933595027805	1.4	0.4
2168703332	2010	6.385714285714285	1.2502583551235504	6.0	5.4
2168740874	2014	26.366060606060604	2.003910959365918	11.6	6.8
2168776308	2013	272.71999999999997	5.511744995921446	13.8	4.4
2169184086	2013	14.9	1.0299335486807273	10.4	0.8
2169327097	2006	13.733333333333334	0.4954924604986342	1.2	1.4
2169354526	2013	25.9	2.9556472709610118	8.2	1.6
2169407879	2002	3.2	0.24738605898123325	0.2	0.2
2169565136	2004	0.0	0.0	0.0	0.0
2169646040	2002	0.0	0.0	0.0	0.0
2169652390	2004	41.4	1.4276623467464589	1.2	0.6
2169749833	2007	0.0	0.0	0.0	0.0
2169842180	2011	0.33333333333333337	0.1950326797385621	3.0	0.6
2169899449	2002	0.0	0.0	0.0	0.0
2170033343	2001	0.0	0.0	0.0	0.0
2170085096	2007	17.833333333333336	0.4320686375673956	6.0	1.4
2170530196	2013	38.35666666666666	2.3401863321327303	5.2	3.0
2170547846	2014	0.1	0.0	0.8	0.4
2170606828	2009	28.8	0.402964782964783	0.6	0.4
2170746678	2003	2.6	0.0608695652173913	0.4	0.2
2170764363	2000	0.0	0.20876494023904382	0.0	0.2
2170981137	2011	2.333333333333333	0.339134236030837	1.0	1.6
2171054309	2002	9.285714285714286	0.8330197925395424	4.8	4.8
2171200862	2003	0.0	0.0	0.0	0.0
2171204101	2012	33.05479797979798	2.2948985007084977	22.6	10.0
2171373538	2012	0.0	0.0	0.0	0.0
2171646946	2009	34.288820536188965	1.6952650989879956	19.2	15.2
2171745429	2010	0.0	0.0	0.0	0.0
2171793099	2006	0.0	0.0	0.0	0.0
2171955601	2000	1.1	0.027650429799426935	0.2	0.6
2172282589	2011	0.0	0.0	2.0	0.0
2174116335	2001	8.4	0.0391304347826087	0.4	0.2
2176810612	2006	16.466666666666665	0.48536014706701575	2.2	0.6
2177245446	2005	0.0	0.0	0.0	0.0
2177855532	2012	0.0	0.0	6.0	0.0
2177955397	2012	20.736666666666668	2.0530343162359834	6.2	2.6
2182911313	2014	5.8	1.53083530120108	3.6	0.8
2183942996	2012	5.2	0.42279792746113987	8.0	0.2
2184041548	2013	7.633333333333333	0.5132478577070684	2.4	1.2
2185613937	2009	0.0	0.0	0.0	0.0
2187214087	2010	0.8	0.0	0.8	0.2
2187278809	2012	23.45	3.0027500713882747	4.8	1.8
2190332578	2012	0.2	0.06910086718393428	3.0	0.4
2191402932	2010	0.0	0.0	0.0	0.0
2192254066	2004	9.68095238095238	1.2692177061806433	4.6	4.0
2193636198	2011	0.8	0.6570397111913358	1.8	0.2
2194481242	2005	0.0	0.0	0.0	0.0
2196459595	2004	7.866666666666665	0.08275	3.0	0.8
2196568245	2008	1.4928571428571429	0.12747884195766995	3.0	3.0
2197204323	2005	29.4	1.0816901408450703	0.2	0.2
2198106591	2009	1.3	0.1061937295049735	2.6	0.6
2199629150	2006	1.4	0.5342390306590784	2.8	0.2
2201735012	2014	53.4	5.093484488083555	12.0	5.4
2204775031	2014	18.866666666666667	1.1737478079147667	6.2	5.0
2205371838	2006	0.0	0.0	0.0	0.0
2205470096	2015	24.6	2.679735898965504	11.2	2.0
2207345732	2013	1.9	0.04346666666666665	2.8	0.4
2212034063	2004	9.933333333333334	1.0423816161282704	4.4	3.2
2215796638	2011	0.0	0.0	0.0	0.0
2218715893	2009	87.0	2.5694985033439717	5.4	2.0
2221072935	2005	4.2	0.14570259208731243	1.0	0.2
2222010542	2010	45.2	0.8477269729929737	2.8	0.6
2223707507	2013	0.0	0.0	4.0	0.0
2223796977	2014	39.01179487179487	4.763219860644281	12.4	6.8
2223847123	2011	7.3	1.068176316809628	9.2	2.4
2225391444	2000	0.0	0.0	0.0	0.0
2225462145	2013	8.8	1.439981174401085	3.0	0.6
2226937957	2009	0.0	0.0	3.0	0.0
2227996592	2013	0.0	0.0	0.0	0.0
2230265955	2007	0.0	0.0	0.0	0.0
2231487564	2011	3.9666666666666663	1.2025151184905016	1.6	1.0
2233307994	2011	20.36	0.9585253209306697	13.6	1.8
2234104560	2012	11.766666666666667	1.8783462378841307	5.0	2.8
2235351327	2005	14.7	1.020764119601329	2.8	2.8
2235413275	2010	4.6	0.4520951302378256	0.2	0.2
2235471002	2004	1.8	0.09574064873415737	3.4	1.0
2235888740	2004	2.1	0.17769904344824708	0.6	1.2
2235950228	2009	0.2	0.18616352201257863	3.0	0.2
2236023538	2012	0.0	0.0	0.0	0.0
2236413543	2013	62.48571428571429	0.9580529269409983	14.2	1.6
2236599932	2008	4.6	1.2097413239512746	0.8	0.4
2236867554	2007	80.27666666666667	1.7652489508833813	5.8	2.6
2237541417	2012	0.9314285714285713	0.9793688110301634	2.0	2.4
2238150253	2002	0.0	0.0	0.0	0.0
2238358095	2014	0.4	0.177393857271906	1.2	0.8
2239686435	2011	6.35	1.2316197011585772	3.0	1.6
2241452699	2003	0.0	0.0	0.0	0.0
2243585430	2011	1.5	0.859503277570219	2.8	3.0
2243692557	2011	11.05	1.420366422872095	2.8	1.4
2243713403	2006	0.8	0.0	0.8	1.0
2245040899	2000	0.0	0.0	0.0	0.0
2245092705	2008	56.31999999999999	2.6744697312031187	11.8	4.6
2245214548	2014	5.6	0.0	4.2	1.4
2247273528	2006	0.0	0.0	0.0	0.0
2248182573	2007	14.60833333333333	0.42144535482354273	3.4	4.0
2249889733	2003	0.0	0.0	2.0	0.2
2250234745	2011	8.8	1.4490811704632094	6.8	1.6
2250419888	2006	1.2	0.252	0.2	0.2
2251034904	2004	28.728571428571428	0.2495763622619814	6.0	3.8
2251657612	2015	68.18974358974359	9.174996037526856	27.4	4.4
2252247208	2002	0.0	0.0	0.0	0.0
2252455567	2009	0.0	0.0	0.0	0.0
2253737003	2014	1.1	0.40340581953258015	4.6	0.8
2253936662	2012	0.0	0.0	2.0	0.4
2258153833	2010	5.4	0.06577981651376147	3.0	1.4
2259399147	2008	2.9	0.3657164145508335	2.8	3.0
2259978413	2011	0.648792270531401	0.0	3.4	10.4
2262385899	2010	37.0	0.8843721096537654	1.2	0.8
2263887713	2012	22.76666666666667	0.7958057204356506	3.4	2.2
2264628315	2007	9.8	0.8323105324158684	4.6	0.6
2265464800	2007	15.8	1.4254211629687006	2.0	0.8
2267357186	2009	9.8	0.38907057785114113	0.8	0.4
2269141726	2002	0.7	0.07033074946198367	5.0	0.4
2273517658	2011	1.6	0.09275092024539874	1.8	0.4
2276152985	2008	4.2	1.0270573497015485	1.0	1.4
2278593545	2013	25.46666666666666	0.40747864330037037	8.0	0.6
2279202333	2013	6.33	1.6115394762614266	6.6	3.0
2279508135	2006	36.06666666666667	2.3101883506852006	5.0	2.6
2280650151	2011	14.23333333333333	1.443045747963752	20.6	2.2
2287429527	2007	4.966666666666667	0.2769330975919158	7.0	1.0
2287948179	2008	139.26190476190476	2.110930110773212	12.2	6.6
2289626938	2004	6.0	0.29277204375024174	2.6	1.6
2290637690	2004	5.0	0.05915768854064642	1.6	0.2
2292864690	2012	0.0	0.0	8.0	0.0
2293219852	2008	8.3	1.6327802716151054	3.4	1.2
2293648838	2009	14.240476190476192	0.9304521591927518	7.6	6.8
2294042172	2010	1.6	0.369540792623836	1.0	0.4
2295270651	2009	5.55	1.4535014337278465	2.8	2.2
2296595471	2008	498.6	1.6522318347540856	6.2	1.8
2297109039	2012	0.0	0.0	0.0	0.0
2297341045	2005	0.0	0.0	1.0	0.0
2298187013	2004	3.6	0.4157009443063412	1.0	0.4
2299076990	2002	0.0	0.0	0.0	0.0
2299437103	2006	0.0	0.0	0.0	0.0
2300692282	2003	0.0	0.0	0.0	0.0
2301499624	2008	0.0	0.0	0.0	0.0
2301860113	2007	22.73	1.2739605897195694	5.6	3.0
2303073511	2011	20.3	1.4464035512248004	6.6	1.0
2303091550	2002	0.0	0.0	0.0	0.0
2303408767	2013	3.2	3.467711632395363	3.6	1.0
2303916260	2013	9.993419913419913	2.906051337615934	20.2	9.0
2304020625	2014	15.633333333333335	2.3565489742559085	3.2	1.6
2304084810	2014	20.18	2.84920622049997	24.6	5.0
2304458524	2012	25.266666666666666	0.7339259282995464	2.6	0.8
2304494935	2009	3.233333333333333	0.83286821162016	1.6	1.4
2304708675	2008	0.0	0.0	0.0	0.0
2304986032	2011	0.0	0.0	16.0	0.0
2305287551	2011	1.975	0.04348607367475292	2.8	2.6
2305434694	2014	3.95	0.48181126856523315	3.4	1.2
2305880237	2013	31.34166666666667	2.1556882524006595	9.0	4.4
2305919268	2008	0.0	0.0	0.0	0.0
2306346593	2005	3.4	0.20150943396226415	0.2	0.2
2307014634	2012	3.12	0.32728859065926547	8.0	1.0
2307335826	2004	7.3	0.3383474097579267	3.6	0.6
2307619098	2004	0.0	0.0	0.0	0.0
2307673999	2003	0.0	0.0	0.0	0.0
2307697009	2015	90.86666666666666	1.1763106796116505	2.0	0.8
2308256259	2010	34.4	1.9243108061034655	0.6	0.4
2308693179	2006	0.0	0.0	0.0	0.0
2309133828	2003	0.0	0.0	0.0	0.0
2309164315	2004	6.9	0.3713816653532966	1.6	0.6
2309187068	2014	19.6	0.0	0.2	0.4
2309691742	2010	35.62142857142857	1.734126136013041	6.8	5.2
2309728730	2014	0.0	0.0	2.0	0.4
2311712812	2013	35.05	2.5619355608333008	4.8	1.6
2316252289	2008	17.28	1.0548765665805875	3.6	2.4
2316372243	2010	0.4	0.11423776685991163	0.4	1.4
2317205900	2001	0.0	0.0	0.0	0.0
2318751012	2013	60.14	3.8225544082535494	7.4	3.2
2320426110	2002	0.0	0.0	0.0	0.0
2321558102	2014	13.4	0.6069649212218006	2.0	0.4
2322488068	2010	3.8	0.42769339109375737	4.2	1.6
2323573072	2014	29.26666666666667	1.0927516076582364	1.0	0.8
2323686043	2006	0.0	0.0	0.0	0.0
2327747144	2008	12.2	0.39906793466879176	0.6	0.6
2327844854	2007	24.9	0.8249155636414226	7.2	2.0
2331439848	2011	0.6	0.1653833758803614	4.0	0.4
2334373290	2014	4.605213675213674	1.5395330525615554	7.4	12.0
2342412496	2001	17.05333333333333	0.6120961232223765	3.0	2.8
2343751466	2013	322.41	4.9461679787234845	17.2	7.2
2343833113	2002	18.82	0.5679656813485633	5.2	4.4
2355500693	2014	1.8	0.04745762711864407	3.6	0.4
2395153991	2003	0.6	0.12069249793899424	0.2	0.2
2420186739	2004	0.0	0.0	0.0	0.0
2420664774	2009	32.4	0.528949893413668	5.2	1.8
2420702928	2007	0.0	0.0	0.0	0.0
2420721969	2009	15.547619047619047	1.0800926637660937	8.6	7.0
2420797795	2003	0.8	0.0	0.6	0.4
2420880613	2013	9.633333333333333	1.1632141310072457	2.0	1.0
2420934537	2013	18.740000000000002	1.181179514667276	6.2	4.8
2421131083	2012	8.2	1.4351542699140445	4.2	1.8
2421134446	2010	16.72	0.4464126219448518	4.6	3.6
2422378326	2014	18.2	0.73575	4.0	0.4
2423501223	2012	14.433333333333334	2.8814891154385416	1.8	1.2
2423863694	2003	1.2	0.42636033857315603	1.2	0.2
2423985264	2001	0.0	0.0	0.0	0.0
2425472716	2009	0.0	0.0	0.0	0.0
2425617645	2006	34.50833333333333	0.7173049126367794	6.2	3.8
2425950242	2010	7.4	0.6128192536431797	22.0	0.6
2426973820	2006	9.6	0.5356141662402021	5.6	2.2
2427666413	2012	0.0	0.0	0.0	0.0
2428429988	2001	0.0	0.0	0.0	0.0
2428719819	2012	13.8	1.36876016921575	0.4	0.2
2428845296	2000	1.9333333333333336	0.04625508096221763	0.6	0.8
2428973165	2008	0.0	0.0	0.0	0.0
2429134211	2006	2.0	0.16799999999999998	2.8	0.4
2430222803	2014	22.933333333333334	4.308336083407542	9.6	3.2
2430418512	2015	2.2	0.7414478976234004	2.6	0.4
2430668537	2014	11.850000000000001	2.3641282199576046	20.4	3.6
2430783453	2003	0.0	0.0	0.0	0.0
2431320349	2007	22.01666666666667	0.49593353697262854	6.8	3.4
2431455375	2011	47.266666666666666	1.0333074587273632	7.0	1.8
2434856473	2014	12.145	2.314810593296103	4.4	4.0
2435034426	2013	6.6	0.932346538126071	1.2	0.6
2435248972	2004	1.0714285714285716	0.2194426566244437	1.0	2.0
2436231491	2009	9.6	0.5092084842214175	0.2	0.2
2438976802	2002	0.0	0.0	0.0	0.0
2439678994	2011	11.307692307692308	0.7985954846412125	3.8	5.0
2439877570	2012	18.4	1.224169532555861	6.2	0.4
2440571190	2011	1.925	0.5683274596861858	6.8	2.4
2441598949	2013	98.28	2.3871547000793054	7.2	3.0
2443384450	2006	0.0	0.0	0.0	0.0
2444411017	2009	1.2	0.1300462249614792	0.4	0.2
2444676853	2014	16.793333333333333	2.638607545101288	9.4	3.0
2460222195	2012	39.56	1.8872383842598495	10.0	1.8
2462394557	2013	11.9	1.8389268419332037	11.0	2.2
2463523865	2003	6.8166666666666655	0.2887581837276337	1.2	2.2
2464372715	1995	0.0	0.0	0.0	0.0
2466349405	2013	0.0	0.0	0.0	0.0
2467165878	2006	58.75	0.9669507878007355	2.2	1.0
2467333156	2013	22.445454545454545	3.738516151980142	11.4	4.8
2467808327	2001	0.0	0.0	0.0	0.0
2468691129	2011	12.966666666666665	1.9136715298780218	6.2	2.2
2470631395	2005	11.103333333333335	0.5004877118253663	7.4	2.8
2471024582	2014	13.6	2.006719829586746	11.6	3.8
2471503937	2009	5.769230769230769	0.9265611103076165	11.0	4.0
2472746478	2013	0.0	0.0	1.0	0.0
2472815583	2012	26.6	2.5058439317799523	3.6	1.2
2474919475	2013	8.933333333333334	1.9574032226323979	5.4	0.8
2482558687	2003	0.0	0.0	0.0	0.0
2482613009	2005	2.2	0.4066290480051629	1.6	0.6
2482903946	2014	2.4666666666666672	0.7270114700357754	2.4	0.8
2483316828	2005	0.0	0.0	0.0	0.0
2484236144	2010	114.2	1.6281590763309814	0.2	0.2
2485801996	2001	2.3	0.20171756701859236	5.8	0.8
2489575497	2001	1.2	0.6860593950143791	1.2	0.8
2490185788	2011	15.6	0.9622500666488936	0.2	0.2
2490532619	2006	1.2	0.08819374369323915	1.4	0.4
2490701366	2000	0.0	0.0	0.0	0.0
2492406983	2012	60.71666666666666	1.469180151920457	3.8	2.4
2493107792	2006	0.0	0.0	0.0	0.0
2497099214	2014	30.4	2.0750069108553513	3.4	0.4
2499187671	2002	0.0	0.0	0.0	0.0
2499512103	2012	97.14285714285714	1.071186010320336	3.6	1.8
2499659807	2011	0.0	0.0	0.0	0.0
2500836872	2011	0.1	0.07869826954356246	1.0	0.8
2502068411	2008	3.1056005398110655	0.0	3.0	18.2
2504548383	2011	6.840000000000001	0.8145286193374754	3.8	1.6
2505133586	2009	2.88	0.19626961926961925	5.8	1.6
2505237151	2011	5.8	0.4162321385400364	4.6	0.4
2506212675	2007	0.0	0.0	0.0	0.0
2506769544	2004	0.2	0.1742639040348964	0.2	0.2
2506920196	2010	12.0	1.1840038968159212	1.6	1.0
2509319508	2006	0.0	0.0	0.0	0.0
2512611275	2013	0.0	0.0	5.0	0.0
2513490537	2011	172.2	1.726451612903226	1.2	0.6
2514083705	2011	18.32111111111111	2.072444825099077	20.0	5.4
2514705995	2011	17.4	1.7574126755976447	8.8	1.0
2517218746	2008	0.0	0.0	0.0	0.0
2518223341	2005	0.0	0.0	0.0	0.0
2519154089	2001	1.2666666666666666	0.39055286952081414	2.8	2.0
2519432510	2010	63.0	1.8894185888236479	3.8	0.6
2524716205	2001	6.8	0.7356382978723405	0.2	0.2
2526354806	2011	9.8	1.045733001324764	3.6	0.4
2527066934	2005	0.0	0.0	0.0	0.0
2528072962	2000	3.3	0.47199678585777416	0.4	0.4
2528802866	2012	28.630000000000003	2.000731219152941	14.4	4.2
2529592301	2001	0.0	0.0	0.0	0.4
2530309766	2013	2.5333333333333337	0.7161861462054213	2.2	1.0
2532505512	2014	34.6	4.915159191348229	4.4	1.6
2538491856	2006	0.0	0.0	0.0	0.0
2542327831	2012	28.835	2.27255884658019	9.2	4.6
2545898039	2002	3.2	0.0945054945054945	0.2	0.2
2549424322	2010	19.93333333333333	1.6192668844100013	6.8	1.0
2550412142	2006	0.0	0.0	5.0	0.0
2551188948	2007	7.47948717948718	0.9339814147174158	7.8	6.0
2551567325	2006	0.0	0.0	0.0	0.0
2552152551	2006	4.4	0.23236741879369305	1.2	0.4
2552163634	2014	13.555714285714284	2.3015120881493774	10.4	7.4
2552403349	2014	28.06666666666667	2.103790576372322	6.2	1.8
2557235859	2013	0.8	0.8091872791519437	0.2	0.2
2557936967	2011	4.0	0.19932998324958123	0.6	0.2
2558096301	2009	10.275	0.9172667682814417	13.8	3.0
2558121541	2002	4.266666666666667	0.4055958215912683	2.6	3.8
2558476565	2014	16.4	2.7188531910282023	3.4	2.2
2558682455	2009	10.414285714285715	0.822536610551162	4.0	4.2
2559975655	2013	0.6	0.46681823510396053	3.0	0.4
2560877256	2006	18.5	0.44455076644313596	2.2	0.6
2564120281	2008	0.0	0.0	0.0	0.0
2564512449	2001	0.0	0.0	0.0	0.0
2564746783	2005	0.0	0.0	1.0	0.0
2565220215	2013	2.480659340659341	0.8712384218451419	5.4	11.4
2566536478	2008	5.2	0.4582743988684583	0.2	0.2
2567668220	2014	5.266666666666666	0.7253423521493554	0.6	0.6
2568110818	2010	0.7	0.27358490566037735	0.4	0.4
2569360905	2010	4.0	0.3331782945736434	8.2	0.2
2569637065	2009	76.0	3.6935155448142014	6.8	2.0
2570467540	2006	0.0	0.0	0.0	0.0
2571543092	2003	0.0	0.0	1.0	0.0
2572299092	2012	6.566666666666667	3.889300397519669	8.8	3.6
2572577206	2013	3.274509803921569	0.6569212478407651	3.8	5.8
2572753407	2007	16.8	0.6004862848365152	6.8	0.4
2572855291	2012	10.52	2.798710266730513	4.8	3.4
2572966537	2008	21.8	0.11655629139072847	2.2	0.6
2573061670	2004	0.0	0.0	0.0	0.0
2573243793	2010	0.0	0.0	0.0	0.0
2574659337	2006	17.1	0.44547452356892386	3.8	2.2
2575498750	2005	6.8	0.6760108964340004	5.6	2.0
2577624551	2007	0.0	0.0	0.0	0.0
2577879507	2007	30.0	0.6364664310954062	0.8	0.2
2578399752	2012	9.8	0.5856449375866852	0.6	0.2
2579594571	2008	20.68	1.4417935628351222	7.0	3.2
2581456552	2009	9.1	1.2080444571971405	4.8	1.0
2582457136	2003	0.0	0.0	0.0	0.0
2582602085	2014	13.1	1.5180716401509278	3.0	0.6
2582634567	2003	0.0	0.0	0.0	0.0
2582823888	2008	2.2	0.0	0.4	0.2
2583219095	2012	12.933333333333332	0.7242215845454029	6.8	1.6
2583332178	2009	17.22222222222222	0.9973145682921281	4.8	3.6
2583554384	2013	21.9	1.416622528875432	8.8	1.4
2583711942	2000	0.0	0.0	1.0	0.0
2583840783	2002	0.0	0.0	0.0	0.0
2583978275	2012	16.7	0.6260389646060378	3.8	0.8
2583990910	2005	30.0	0.6364664310954062	0.4	0.2
2584951063	2009	82.96666666666667	0.667952691831193	5.8	1.8
2585157491	2007	0.0	0.0	0.0	0.0
2585426535	2011	0.0	0.0	12.0	0.0
2585669862	2012	3.8	0.7245139949603665	1.0	3.4
2585796070	2013	1.4974358974358974	0.5676420448221091	1.4	4.4
2585832987	2013	35.94615384615385	1.8925131221733196	6.6	6.8
2585927258	2011	1.4	0.16693602558687132	8.0	0.6
2586495105	2004	0.0	0.0	0.0	0.0
2586892900	2011	1.4	0.0543265781720594	4.0	0.8
2588988522	2006	11.2	0.3408195075764544	2.2	1.0
2590361030	2011	4.6	0.8590165984921023	4.6	1.2
2590626426	2010	19.84	1.836170907056046	3.2	2.0
2593542062	2009	0.0	0.0	0.0	0.0
2593610793	2008	23.681746031746034	1.9458094686859233	7.4	5.0
2594488950	2010	0.0	0.0	7.0	0.0
2596045860	2000	0.0	0.0	0.0	0.0
2596966651	2012	0.0	0.0	3.0	0.0
2597524415	2008	0.0	0.0	0.0	0.4
2599026875	2008	8.55	0.46040133973388475	1.6	0.8
2599095413	2008	0.0	0.0	0.0	0.0
2599663233	2010	6.2	0.5859754778557702	0.8	0.4
2599933360	2008	12.731428571428571	1.5471448921867408	3.4	3.2
2599974333	2002	0.0	0.0	0.0	0.0
2600321636	2003	0.0	0.0	0.0	0.0
2601428267	2008	9.7	0.40893021765811766	2.4	1.8
2602803908	2013	33.53333333333333	3.3554186560495483	5.8	3.2
2603153112	2014	18.6	1.9464734692153605	9.0	0.8
2603841987	2003	3.8	0.11368124118476727	0.4	0.2
2604750650	2004	18.507272727272728	0.6767910885055309	11.8	6.6
2605386677	2007	0.6	0.11925287356321838	3.0	0.2
2606624860	2013	13.496666666666666	3.528609459400312	8.0	3.8
2606761933	2013	15.040000000000001	1.7041796542684167	4.0	3.0
2607622088	2005	0.0	0.0	0.0	0.0
2607921394	2013	13.0	1.5809238420865932	2.8	0.4
2608156510	2011	2.7	0.7302609620425254	14.0	0.6
2609137751	2003	3.0	0.10934570256054563	1.6	0.6
2609782886	2014	1.44	0.29298679171846	2.8	4.6
2609889729	2015	3.2600000000000002	0.6439596214723582	7.8	1.6
2610136632	2003	0.0	0.0	0.0	0.0
2610397620	2009	38.2	1.1188910876695697	5.6	1.0
2610449870	2007	0.0	0.0	0.0	0.0
2610454923	2002	0.0	0.0	0.0	0.0
2612818936	2002	0.0	0.0	0.0	0.0
2614311846	2008	0.7333333333333333	0.1609362014213879	1.2	1.0
2614424582	2008	4.016666666666667	0.5069686589842494	2.6	2.0
2615102315	2012	5.8	1.042718290176072	5.8	0.8
2615199620	2014	146.17857142857142	6.365122233761633	24.0	6.6
2617145017	2014	20.31666666666667	2.9089837127109215	22.2	7.8
2617145875	2013	0.0	0.0	21.0	0.0
2617157005	2008	0.0	0.0	0.0	0.0
2617299861	2008	0.0	0.0	1.0	0.0
2617352438	2011	8.5	0.6655218715422981	1.6	0.6
2617359486	2014	16.997142857142855	1.6881962422437788	5.2	4.6
2617477523	2009	7.6	0.6843727809212734	3.0	0.8
2618044699	2012	0.0	0.0	0.0	0.0
2618341169	2003	0.0	0.0	0.0	0.0
2618792320	2006	0.0	0.0	0.0	0.0
2619315278	2014	9.059999999999999	1.45588949146161	2.8	2.0
2619327966	2005	0.0	0.0	0.0	0.0
2619763753	2007	0.0	0.0	0.0	0.0
2620217620	2004	0.0	0.0	0.0	0.0
2620743261	2005	9.8	0.432813547954393	1.4	0.8
2620912768	2013	0.2	0.009217633734100016	0.4	0.4
2620979493	2015	34.40238095238095	4.928779922037914	16.0	3.0
2621430112	2008	0.0	0.10727272727272727	0.0	0.2
2623618940	2007	0.0	0.0	0.0	0.0
2623953262	2010	3.3	0.7706139431800655	2.4	1.4
2624534586	2009	5.2	0.36706391471657296	0.4	0.4
2625091181	2005	0.0	0.0	0.0	0.0
2625163221	2014	14.1	3.4000287357578935	5.6	1.6
2625380526	2008	16.6	0.8957217485721873	2.8	0.6
2626025562	2004	0.0	0.0	0.0	0.0
2627135579	2014	11.7	1.2043088985865675	3.6	1.0
2628026287	2011	36.53333333333333	0.33551210971695355	2.0	0.8
2629046442	2006	43.11666666666666	0.0	4.8	2.8
2629758138	2012	15.584848484848484	1.338962546679533	15.2	6.2
2630323486	2013	80.45	2.960683358502661	8.4	1.4
2633136282	2007	15.8	0.7465125053396297	1.2	0.6
2634692018	2008	0.6	0.07916230366492147	1.8	0.4
2635254491	2012	0.0	0.0	0.0	0.0
2635277405	2010	6.7	0.33494508440658066	9.6	0.6
2637569646	2007	0.0	0.0	0.0	0.0
2637925846	2004	0.0	0.0	0.0	0.0
2638443532	2008	0.0	0.0	1.0	0.0
2639767613	2008	0.0	0.0	0.0	0.0
2641249074	2010	66.8	1.6901840490797546	5.0	0.4
2643372635	2005	0.0	0.0	0.0	0.0
2643812006	2002	0.0	0.0	0.0	0.0
2645374424	2014	20.544444444444444	2.0462614275794544	8.4	4.0
2645410941	2000	0.8	0.17119518486672397	0.4	0.4
2645922475	2013	3.6	0.4316461490826377	4.8	0.6
2647013095	2012	44.565714285714286	2.4767979389382964	3.2	2.4
2647359094	2014	87.28333333333333	4.576814344543179	3.6	2.0
2648703612	2003	0.0	0.0	0.0	0.0
2649939361	2014	76.76666666666667	3.5224238945136364	6.2	1.2
2649963885	2002	22.966666666666665	1.9702226661424826	4.4	1.8
2651029627	2014	0.02727272727272727	0.0	4.0	4.8
2651831884	2006	51.2	0.6680389598697047	4.8	0.8
2652397350	2002	0.0	0.0	0.0	0.0
2652834205	2014	38.9	3.046994277262852	12.8	1.2
2653849141	2010	0.0	0.0	0.0	0.0
2655940493	2011	0.0	0.0	4.0	0.0
2656454723	2010	5.4	0.9279549350757763	5.4	1.0
2656577137	2012	0.9	0.2525782486112397	13.0	0.6
2657060330	2012	1.3	0.13683273667462212	2.0	0.6
2657228645	2009	10.2	0.7680061208228033	3.2	1.0
2657481909	2011	0.0	0.0	0.0	0.2
2661062812	2015	17.333333333333336	3.3931130925750175	23.0	2.2
2663520892	2012	16.6	0.6754227027413109	10.6	1.4
2664069056	2013	14.0	0.5002632348639954	11.0	0.2
2664875949	2007	4.9	0.0	2.2	1.2
2665688544	2009	2.2399999999999998	0.07357142857142858	5.6	1.0
2666000811	2007	12.4	0.926329357130327	5.0	0.6
2666810207	2012	11.8	0.4130659025787965	1.6	0.2
2667190869	2009	22.0	0.42044208533678995	7.2	0.6
2668851114	2002	4.6	0.35395846121242935	2.0	1.0
2669455673	2010	0.0	0.0	0.0	0.0
2669630631	2013	11.186666666666667	0.9310881482316459	3.0	1.8
2670541404	2006	11.2	1.966318997316458	4.6	2.6
2672612038	2004	0.7	0.14252199413489736	1.6	0.4
2672741848	2008	2.1	0.1897381452376407	1.2	0.6
2672872526	2009	0.0	0.0	0.0	0.2
2674239164	2014	0.0	0.239072789089852	1.0	0.6
2674843675	2005	0.0	0.0	0.0	0.0
2681477211	2009	4.790909090909091	0.48603451582341056	2.2	2.6
2682361799	2000	0.0	0.0	0.0	0.0
2683236842	2011	12.3	2.123063206495271	2.6	0.8
2684097888	2014	20.6	1.4254042403572893	6.8	0.4
2684446373	2014	12.573333333333334	1.4433977682407977	10.8	3.0
2685000871	2002	0.0	0.0	0.0	0.0
2685909078	2010	0.0	0.0	1.0	0.0
2686917406	2014	0.0	0.0011772584681541008	2.0	1.2
2687212611	2010	17.5	1.566989579958289	6.4	1.8
2688455705	2004	0.0	0.0	0.0	0.0
2690184982	2013	7.1	0.855309587734092	5.6	0.8
2691119769	2010	0.0	0.0	2.0	0.0
2691761383	2010	9.2	0.996156963926525	1.0	0.6
2693722088	2001	0.0	0.0	0.0	0.0
2695103898	2009	0.0	0.0	1.0	0.0
2695140909	2013	19.665	1.6319142022328144	10.6	5.4
2695156146	2013	18.3	0.7970384244382503	5.0	0.4
2696719243	2012	1.5	0.6353747662224737	2.4	0.8
2696778657	2009	0.0	0.0	0.0	0.0
2697861289	2008	1.7333333333333332	0.2379790738138588	0.4	0.6
2698923267	2010	59.45	1.5962681607624103	7.0	2.0
2703892096	2008	71.8	2.6636880810064056	1.2	0.6
2704079037	2014	13.2	1.8501500042203944	12.0	0.8
2704480455	2002	0.0	0.0	0.0	0.0
2706688620	2006	3.2	0.13495934959349593	3.0	0.2
2707215890	2006	14.2	0.5952817379497624	0.4	0.2
2709438096	2003	0.0	0.0	2.0	0.0
2709743151	2004	44.2	0.4751813669339443	1.2	0.2
2714818106	2004	0.0	0.0	0.0	0.0
2724872233	2007	0.0	0.0	0.0	0.0
2731373980	2010	22.4	0.4958424507658642	0.2	0.2
2735341471	2005	0.13333333333333333	0.18333333333333332	0.4	0.6
2735931832	2014	0.0	0.0	0.0	0.0
2736152990	2002	0.0	0.0	1.0	0.0
2747018825	2012	5.333333333333334	0.8695346803335454	7.2	2.0
2747122479	2013	1.4	0.3579496402877698	0.4	0.6
2749112847	2008	1.8	0.5293979075640334	2.8	0.8
2750229706	2009	0.0	0.0	1.0	0.0
2752021877	2010	27.4	0.8442225610259987	11.8	1.4
2761242835	2013	21.2	1.137686188770526	5.0	0.6
2761594101	2011	2.8	0.9335441036990197	0.2	0.2
2763403883	2002	3.958441558441559	0.5869086583534511	4.8	4.0
2768145722	2015	1.8	2.180762652874516	1.2	1.8
2776609185	2010	0.0	0.0	3.0	0.0
2776741894	2012	2.9	1.0894755169861918	1.2	2.0
2777267753	2014	0.0	0.0	13.0	0.0
2777969829	2010	11.9625	0.6235595793874988	5.8	4.2
2778124847	2004	0.0	0.0	0.0	0.0
2778389430	2004	0.0	0.0	0.0	0.0
2778429779	2012	9.4	0.6107638209757383	6.6	0.4
2778901814	2010	15.8	0.46950000000000003	1.0	0.2
2780817638	2015	0.0	0.0	1.0	0.0
2780914239	2006	0.0	0.0	0.0	0.0
2781286171	2015	2.0	0.37443448029805576	3.6	0.8
