842037	2009	2.6	0.15694601853574736	3.0	0.8
8167851	2011	0.0	0.0	3.0	0.2
12088164	2010	0.7833333333333333	0.8077539794899303	9.0	1.8
23695802	2011	0.1	0.0	1.0	0.6
72047946	2005	2.6	0.23379323179495848	2.4	1.2
125694532	2010	1.1133333333333333	0.42652693744765136	4.4	4.2
134072846	2013	0.0	0.0	4.0	0.0
241592301	2001	0.0	0.0	0.0	0.0
259118630	2003	26.04	1.2602726007372707	7.4	4.2
336991397	2008	1.7916666666666665	0.3433892594005724	4.0	4.2
680543339	2002	0.0	0.0	0.0	0.0
719783363	2007	3.913333333333333	1.4488294837818712	5.8	2.4
1126371583	2004	20.6	1.5282246673980278	1.2	0.6
1225317958	2005	17.48	1.2296505974061371	11.4	4.8
1236973206	2006	5.6	0.2583913043478261	2.4	0.4
1342033561	2003	3.15	0.23554421098436623	3.4	1.8
1384196968	2014	0.0	0.0	2.0	0.0
1637265637	2011	4.1	1.7532540501699287	6.0	0.8
1770419413	2006	10.0	0.12033705866210367	4.0	1.2
1811820982	2001	63.6	1.2678089432223294	3.6	1.0
1858722361	2008	0.4	0.03788437468285917	2.0	0.4
1880976219	2011	2.0	0.3393387043871698	5.0	1.2
1881842846	2009	4.4	1.0968126148568846	4.8	1.0
1910347612	2002	0.0	0.0	1.0	0.0
1945329861	2009	0.0	0.0	6.0	0.0
1968812139	2004	19.566666666666666	3.2307594418974093	7.8	1.8
1968948896	2011	0.2	0.12911999999999998	4.0	0.2
1972320896	2009	13.1	1.7818329345879254	3.8	2.0
1972562975	2014	0.33333333333333337	0.0	4.0	2.6
1975294417	2011	0.2	0.0	6.0	0.8
1979207691	2002	0.0	0.0	0.0	0.0
1988031962	2012	2.4666666666666672	0.6275563444776332	3.8	0.8
1993688379	2009	3.3	0.7534908423329868	2.2	1.6
1995952108	2014	0.8433333333333334	1.603581897051642	5.0	9.4
1999704061	2014	0.0	0.0	4.0	0.0
2003165644	2013	0.0	0.05327510917030568	2.0	0.4
2003632787	2008	0.0	0.04605381804375682	3.0	0.2
2004954964	2000	3.8	0.09202628973662288	1.2	0.4
2007547991	2002	1.0	0.022040816326530613	2.4	0.2
2012674138	2013	0.0	0.0	8.0	0.0
2016189893	2001	0.8	0.0	0.4	0.2
2016451659	2014	8.921855921855922	2.3565783234496016	16.2	6.4
2017396131	2007	1.2	0.35242718446601945	0.2	0.2
2021996926	2010	5.608333333333333	1.7493343311107126	15.0	3.6
2025763354	2014	0.2	0.0735930735930736	3.0	0.2
2031479677	2010	13.508589743589743	3.2894438019327907	30.6	9.6
2032104448	2014	0.0	0.0	9.0	0.0
2036025750	2007	0.0	0.0	1.0	0.2
2039801083	2013	19.2	0.28156097560975607	11.2	2.6
2046677457	2011	0.0	0.0	3.0	0.0
2047517919	2014	0.0	0.0	8.0	0.0
2051112775	2011	8.587543859649122	1.6828645696273388	12.0	11.4
2059994571	2001	17.06666666666667	1.071771060637983	5.0	2.6
2071998504	2008	41.981764705882355	2.5601315402685656	31.8	13.0
2072159334	2009	0.0	0.0	5.0	0.0
2077703186	2011	0.0	0.0	5.0	0.0
2081130532	2013	0.0	0.0	7.0	0.0
2081450660	2007	9.666666666666666	0.651370746149413	7.4	2.4
2086581877	2008	4.6	0.22285714285714286	9.8	0.4
2086965096	2010	0.8	0.0	1.8	0.6
2089222651	2009	10.7	0.9605449568916298	13.0	0.4
2094052010	2010	51.779999999999994	7.140071634151684	6.0	3.0
2095885832	2008	20.980499325236167	2.690691397404789	17.4	9.0
2095892170	2007	2.0	0.12179364863023034	7.0	0.4
2095926508	2007	14.39818181818182	2.0561081920141375	13.2	8.2
2095940946	2008	5.666666666666666	0.7935648605076113	1.4	1.2
2095973066	2000	0.2	0.12235723674602017	2.0	0.6
2095987900	2011	63.06666666666668	9.905165020072644	14.2	3.8
2096042674	2008	0.8	0.18274647887323944	4.0	0.4
2096072814	2007	13.8	1.1086317959288843	0.2	0.4
2096130056	2002	0.9	0.0574738003309432	1.2	1.2
2096224780	2006	23.91630036630037	2.3719538774602347	23.6	8.8
2096225661	2012	8.834090038314176	3.739970687133682	22.2	27.0
2096236940	2011	40.733333333333334	8.0258616393249	3.2	1.6
2096256243	2009	40.81532128933444	6.829029840140817	53.8	27.0
2096264089	2013	2.0	0.7021040095275903	11.0	0.2
2096271176	2003	37.374901960784314	2.3007529555653723	25.6	15.4
2096300312	2007	46.02333333333333	3.0794313912353424	19.8	7.2
2096321700	2014	3.0875	1.3920473894416734	26.0	5.8
2096383815	2011	2.4	1.2725608391670324	3.2	2.6
2096386199	2007	14.319999999999999	5.821142011209907	8.4	3.0
2096504552	2009	2.230769230769231	1.201839438527109	3.2	7.0
2096543976	2015	0.0	0.0	7.0	0.0
2096593387	2004	13.697619047619051	1.5424114396096353	10.4	6.8
2096658368	2011	1.4833333333333334	0.7392037087330712	7.0	1.4
2096883221	2005	30.75	1.5911288279007425	7.6	2.4
2097059535	2001	19.30857142857143	1.150024610110876	3.4	3.6
2097076567	2013	0.8	0.26808873720136517	7.0	0.2
2097093281	2013	11.630769230769229	3.9408169474450956	35.0	7.0
2097207902	2005	28.8	1.6386269163185276	4.2	1.6
2097346130	2010	6.0	1.9200176628396963	7.6	2.4
2097470770	2000	4.64	0.17009606816368922	4.4	1.0
2097630498	2012	0.0	0.0	8.0	0.0
2097649935	2011	7.760000000000001	1.34657986111017	8.2	3.0
2097784377	2006	0.0	0.0	0.0	0.0
2098219782	2013	3.15	1.9943758179532913	9.6	2.6
2098350942	2001	0.0	0.0	0.0	0.0
2098491570	2009	0.0	0.0	13.0	0.0
2098712983	2014	0.0	0.0	3.0	0.0
2099020214	2007	21.788461538461537	3.6959509624269726	21.8	7.2
2099033448	2014	0.9199999999999999	2.2420833526351354	9.0	1.6
2099094270	2014	1.1285714285714286	0.9284759917714677	7.0	1.8
2099094960	2008	5.9	0.369954608609781	5.0	1.0
2099250567	2014	0.0	0.0	5.0	0.0
2099254133	2008	6.0	1.1396791282062888	4.8	0.6
2099460795	2006	47.43333333333334	4.081684581529236	8.8	2.6
2099480643	2012	0.0	0.0	3.0	0.0
2099536266	2009	0.0	0.0	8.0	0.0
2099898379	2013	6.203093203093203	2.628902102446251	21.8	15.2
2100051933	2014	2.6	0.7679875679875681	12.0	0.2
2100161364	2013	3.6	3.041893755891698	19.0	2.2
2100570559	2005	55.67	3.0475921454340114	10.4	2.8
2100858094	2013	0.9	1.6385095351606196	8.0	1.2
2101240970	2007	51.24000000000001	4.014596992436002	17.6	3.8
2101266726	2003	0.0	0.0	0.0	0.0
2101308751	2012	8.0	2.3131843226968662	4.0	0.6
2101336747	2004	28.90539215686274	1.659260054873862	9.4	6.8
2101476622	2004	3.6	0.5724361493123772	0.6	0.4
2101519778	2000	11.073333333333334	0.5777417365366062	4.6	2.0
2101658581	2012	11.5	4.298634247604509	10.8	3.2
2101729186	1999	2.4	0.3275594760759155	0.2	0.2
2101740809	2003	17.0	1.0312232468213085	0.6	0.4
2101790054	2006	13.290000000000001	1.6044629350029755	12.4	2.4
2101867916	2006	6.2	0.7622223748683428	3.6	0.6
2101881875	2012	5.976666666666667	4.1622726681992965	10.0	4.6
2101921658	2014	3.3222222222222215	4.403486678102676	9.2	4.4
2102037186	2002	16.433333333333334	0.5482717534513375	1.4	1.0
2102216805	2010	20.253986013986015	1.9052947871262078	23.8	11.6
2102243677	2014	0.4	0.11111111111111112	10.0	0.4
2102270311	2006	52.075	2.6152207758829613	13.6	4.0
2102380888	2002	9.04717086834734	1.4436378678961648	6.6	15.6
2102715665	2001	18.993333333333332	1.9399564882095657	6.6	3.2
2102960998	2014	0.0	0.0	10.0	0.0
2103116688	2003	9.6	0.5899979628764012	5.8	0.8
2103130315	2011	20.388870035193566	5.688293129168501	20.2	11.8
2103274962	2012	16.765714285714285	3.5875541142718683	27.4	6.6
2103451196	2010	16.425	2.1341170832179217	22.6	6.2
2103584406	2009	24.716666666666665	7.015846372768758	11.4	2.4
2104117573	2004	3.0	0.0502283105022831	1.6	1.6
2104169870	2012	7.914285714285714	4.764616046811061	13.2	3.2
2104259714	2012	2.8	1.6073679173333733	16.0	0.4
2104412229	2014	0.6	0.5798596684898055	18.0	0.4
2104415777	2004	1.4	0.3158872928746961	3.4	0.6
2104423096	2009	34.0984126984127	4.681486936160146	30.6	7.4
2104594067	2001	1.2	0.04919614147909968	2.0	0.2
2104810978	2003	19.2	0.8349297555653484	3.2	2.0
2104873046	2004	44.1590811965812	2.246441650011367	28.0	10.2
2104879825	2014	0.06666666666666667	0.532322335359276	2.0	0.8
2104908036	2000	4.6	0.14031413612565444	0.4	0.4
2105004084	2007	33.733333333333334	2.1012284678303383	12.2	1.8
2105015565	2000	3.6	0.2608599779492834	1.4	0.2
2105269132	2006	2.4	0.3213336675858611	4.2	0.2
2105361934	2011	26.166666666666668	1.6718172169682706	9.2	2.2
2105591820	2006	23.4	1.593410345807028	5.8	2.2
2105634974	2014	3.3	1.9938586437459473	7.8	1.6
2105781040	2000	14.76666666666667	1.4709060669143927	6.4	2.8
2105823394	2005	45.661904761904765	2.264965128981745	9.4	3.0
2105946567	1996	27.93333333333333	0.9357776723526922	4.6	2.2
2106156992	2013	4.2	2.188554189898401	7.8	0.4
2106228171	2009	13.78772893772894	2.5655402328359287	25.2	11.4
2106233588	2004	8.7	0.4492156482445943	14.0	0.4
2106281576	2012	4.185714285714286	0.8084487163717065	12.4	3.4
2106340623	2015	0.4	1.178358177798262	8.0	1.6
2106348166	2012	9.882925407925407	3.583041047034502	16.2	18.0
2106520669	2002	8.8	0.41007124950616214	7.8	0.8
2106659691	2015	0.0	0.0	6.0	0.0
2106917834	2009	49.16666666666667	3.183097544735836	10.6	1.4
2106974805	2012	7.733333333333334	2.4687698741160533	11.8	1.4
2106980268	2014	3.4894444444444446	2.8003794165941107	16.0	6.0
2106989669	2012	9.0	2.204955358541399	4.0	0.6
2107094063	2008	3.3566972243442827	1.1860420145966177	10.6	11.4
2107184605	2003	3.7	0.2521281904669691	1.0	0.6
2107490671	2010	14.67095238095238	3.3040975080083017	18.6	10.8
2107521940	2011	24.312600732600732	7.774213856633144	35.0	17.6
2107573700	2004	39.2	1.483390647448162	6.2	1.6
2107726642	2004	0.0	0.0	3.0	0.0
2107803903	2000	201.61333333333334	0.6895015702460718	7.2	3.2
2107811228	2001	1.2	0.13857622958540813	1.4	0.6
2108034294	2000	0.0	0.0	0.0	0.0
2108134994	2008	36.65	3.055428929733275	13.6	1.8
2108375291	2009	1.2	0.8192866304192398	14.0	0.6
2108499568	2011	10.866666666666665	1.2445881967025545	10.4	0.8
2108581453	2014	0.0	0.0	3.0	0.0
2108626641	2012	6.6	1.6980281690140846	6.0	0.2
2108691189	2010	27.68861111111111	3.3490261792642118	21.8	10.8
2108708388	2006	6.8	1.037741935483871	0.2	0.2
2108896006	2010	0.0	0.0	16.0	0.0
2109042203	2008	11.026666666666667	0.4504966269578632	7.6	3.4
2109064762	2008	4.4	1.3000762215870423	6.0	0.4
2109099773	2014	5.4	1.57387697048714	21.0	0.2
2109137159	2010	13.317422969187678	4.048518273950347	15.8	14.6
2109351857	2014	2.7	1.802744249344166	29.0	1.8
2109376833	2005	29.868650793650794	2.347226056321575	16.0	6.0
2109636682	2004	0.0	0.0	0.0	0.0
2109788877	1997	9.45	0.7874372341199286	3.4	3.2
2109797586	2014	3.8416666666666663	6.750197703387975	13.0	5.0
2110091597	2013	8.210757575757574	3.4589294180006265	29.8	8.6
2110349578	2005	13.176190476190476	1.8718090132614875	14.0	5.0
2110473235	2010	0.0	0.0	3.0	0.4
2110705915	2010	0.0	0.0	11.0	0.0
2110707874	2012	3.4019480519480516	2.735785708888309	17.0	13.2
2110753830	2008	6.8	0.13873873873873874	7.0	0.8
2110775846	2015	1.0	0.7166775670372793	14.0	0.2
2110797574	2006	0.0	0.0	1.0	0.0
2110809243	2009	1.7399999999999998	0.760271395128999	4.8	5.4
2110984307	2013	13.919999999999998	3.474746838394303	10.6	1.4
2111175337	2012	7.142857142857143	3.6494038227591736	6.8	2.4
2111276463	2008	36.1	1.7195017399310129	2.6	1.6
2111332042	2010	10.2	1.0846774628879892	4.8	0.6
2111405469	2014	0.8	2.085050634426075	22.0	1.8
2111471200	2001	47.41111111111111	0.7512346515806833	10.4	4.2
2111599228	2011	8.022222222222222	2.8150904564858235	16.2	4.8
2111754571	2013	0.0	0.0	15.0	0.4
2111757033	2014	9.6	2.8400210100150454	12.0	1.2
2111894757	2009	23.86	2.0158099148300783	11.8	5.2
2112004371	2003	14.866666666666669	1.3614608230608742	8.6	2.0
2112126268	2002	0.0	0.0	0.0	0.0
2112187811	2007	0.0	0.0	7.0	0.0
2112273716	2006	0.0	0.0	3.0	0.0
2112394150	2007	12.229953379953379	2.1036802100709524	16.4	11.4
2112451192	2008	23.933333333333334	2.105910924637181	10.0	2.0
2112621182	2012	0.0	0.0	3.0	0.0
2112651016	2014	0.4	0.21649175412293853	2.0	0.2
2112722258	2009	21.35	2.816640775228637	13.6	1.6
2113043869	2000	0.0	0.0	0.0	0.0
2113185932	2011	9.424444444444443	3.7764561454389862	28.4	14.2
2113264552	2014	1.542857142857143	1.680842387611745	19.0	4.0
2113277774	2012	11.933333333333334	2.648679892139209	5.4	2.4
2113319397	2008	15.1	1.0274987017341561	1.8	0.6
2113496154	2010	18.25357142857143	3.2062729584408927	27.4	7.6
2113542901	2014	0.8	1.4262925217553168	4.0	0.4
2113648768	2011	9.09	1.8505322917614397	9.8	2.8
2113707818	2010	3.4	1.0072981026414352	2.6	0.6
2113871370	2012	1.8	0.8038498304710024	8.4	0.4
2113950879	2002	0.0	0.0	0.0	0.0
2114072197	2011	0.0	0.0	17.0	0.0
2114173801	2002	0.8	0.31249305941143807	3.8	0.2
2114268393	2006	1.8857142857142857	0.4051853681056645	0.8	1.4
2114317941	2002	0.0	0.0	3.0	0.0
2114361230	2007	24.36	1.6414503630168962	14.2	1.6
2114362624	2014	0.8483333333333333	1.5121691342136683	11.0	7.0
2114795606	2008	14.933333333333334	1.8514677629455782	5.4	1.2
2114975082	2014	4.95	2.1208089786265427	15.8	3.6
2115034244	2012	29.30657322654463	6.2116954051129865	41.0	17.0
2115039528	2003	59.510000000000005	5.462577023643268	25.6	4.4
2115096685	1994	0.0	0.0	0.0	0.0
2115208004	2013	12.28	4.096197721008553	31.8	8.2
2115440492	2014	0.0	0.0	2.0	0.0
2115863081	2000	0.4	0.0	1.0	0.2
2115955933	2013	0.0	0.0	10.0	0.0
2115979104	2010	5.4	2.979486447545482	3.6	0.4
2116004973	2012	2.9333333333333336	0.7275048577636692	9.8	1.6
2116008615	2011	13.881428571428568	2.3006083913840962	13.6	5.6
2116119152	2014	1.7266666666666666	3.0898254611025395	25.0	3.6
2116122190	2012	3.6	1.0881292236148596	12.0	0.8
2116209495	2005	10.930555555555555	1.0338324500873326	7.8	5.8
2116375788	2011	13.24	1.320545148569352	16.6	1.6
2116466705	2013	48.221666666666664	4.469993399243805	50.8	12.0
2116559141	2008	52.37166666666667	4.7351457008791265	45.6	8.8
2116873136	2008	0.0	0.0	0.0	0.0
2117054624	2011	0.0	0.0	6.0	0.0
2117310676	2005	29.2	2.3422273406977334	1.8	1.0
2117485077	2003	37.208245812158864	2.1643911067265735	25.0	19.4
2117553164	2011	6.7	1.5341236623917718	4.4	1.8
2117568215	2006	43.06666666666666	2.5688672928346863	2.2	0.8
2117615860	2012	2.7116666666666664	2.40533824069218	17.0	5.0
2117626141	2010	5.1	1.5097686798475478	12.6	1.0
2117647565	2009	6.8	0.9481940441882803	4.2	0.4
2117715968	2006	65.4	3.3328268408141986	1.2	0.6
2117782603	2003	27.886666666666667	1.8232971418846193	9.4	4.0
2118137145	2000	0.0	0.0	2.0	0.0
2118214211	2008	9.7	0.9763421443337051	8.6	0.8
2118257724	2011	13.566666666666666	2.774531075819824	8.2	1.8
2118298011	2000	0.0	0.0	0.0	0.0
2118299508	2011	17.76666666666667	4.002770430804574	9.6	3.4
2118371760	2011	18.462222222222223	5.200811091777044	18.4	3.4
2118483151	2005	6.4833333333333325	1.0521316906903349	3.2	2.4
2118779695	2014	0.0	0.0	2.0	0.0
2119012425	2013	4.0	1.4312703874631114	7.0	1.2
2119380415	2003	32.86	1.3475165659291886	10.6	4.0
2119394733	2011	37.486666666666665	2.6007995968993693	10.8	3.0
2119546815	2005	23.95888888888889	2.900491911937285	12.2	5.4
2119571818	2011	5.506080586080587	1.9011186899012131	19.8	14.4
2119748216	2007	37.57333333333333	2.633405696239426	16.6	3.2
2119763375	2010	18.142893772893775	3.770682394861602	49.8	9.8
2119846317	2014	2.3333333333333335	1.7111818631581912	17.0	1.2
2119972174	2006	0.0	0.0	6.0	0.0
2120048231	2005	50.4	3.962522306252029	16.4	1.6
2120140305	2004	7.24121212121212	0.19881671008180107	11.8	3.8
2120162492	2008	7.6	0.38812826927450533	0.2	0.2
2120207348	2014	22.466666666666665	4.683399402296809	15.0	1.2
2120317704	2004	200.525	1.968779633777394	15.0	3.2
2120394816	2002	199.3177777777778	1.0890267339911948	17.6	3.6
2120965470	2010	0.0	0.0	5.0	0.0
2120971950	2014	0.0	0.0	12.0	0.0
2120979678	2014	3.4	1.7055427196149222	2.0	0.8
2121069363	2000	19.05892857142857	1.1189839132786525	7.8	10.0
2121215760	2012	0.0	0.0	7.0	0.0
2121262826	2014	0.0	0.0	4.0	0.0
2121376638	2007	11.522222222222222	1.6854252923023687	10.6	9.2
2121403715	2005	30.591111111111115	2.5193084916235633	17.8	5.6
2121443691	2011	39.733333333333334	6.386931229154445	27.6	2.4
2121523516	2006	1.4	0.1575083426028921	3.8	0.2
2121799127	2009	7.595238095238095	1.7385768279841045	15.4	7.0
2121991166	2003	55.352335968125445	1.8858724621089809	32.4	16.6
2122010476	2008	117.6	0.8427573800338116	4.6	0.8
2122177297	2013	5.8	1.0241387502969828	6.0	0.2
2122193271	2013	17.76175824175824	3.026423927150654	30.8	5.8
2122210000	2013	5.213744588744589	3.4391821742423394	29.0	6.4
2122303705	2002	5.7	0.7247547798872032	3.4	1.2
2122451041	2003	15.116666666666669	0.8666470480524401	14.0	2.2
2122576518	2013	2.1	1.8121633076920407	7.8	1.2
2122710088	2011	9.566666666666666	4.2756233008046864	4.6	2.8
2122739653	2014	8.692647058823528	3.7834942319725093	39.0	8.0
2122751853	2014	2.975	1.8614618461710908	16.0	3.0
2122921279	2002	0.0	0.0	0.0	0.0
2122960772	2013	4.173333333333334	2.26977453881356	8.6	3.8
2123182407	2005	12.035	1.243710296697592	5.0	3.4
2123306026	2012	1.6666666666666665	1.3218680598446777	9.8	3.8
2123485745	2012	4.515151515151516	2.839450051808796	12.6	5.2
2123557187	2014	0.9	2.4911837114645556	3.0	0.8
2123838230	2003	79.3	4.116677425039039	2.2	1.0
2123910355	2003	9.184761904761903	1.354372103505902	8.2	6.6
2123985438	2014	1.25	2.7532095580643854	4.0	2.4
2123995904	2002	40.03160173160173	1.0429313784875154	7.2	4.8
2124222436	2011	15.916666666666666	2.9559084482088767	12.6	3.0
2124225101	2006	5.9	1.1211650158534192	5.6	1.0
2124403451	2006	314.6190476190476	4.4640809529711785	10.2	3.4
2124457473	2004	47.37797619047619	2.7757564558081578	23.8	12.8
2124458555	2009	7.0	1.2912337628368837	3.6	3.6
2124468905	2012	3.1	0.8021951583095379	14.8	0.4
2124613142	2006	1.8	0.38596189506426587	6.8	0.4
2124707982	2013	0.0	0.0	3.0	0.0
2124841962	2003	3.4666666666666663	0.6756295021355262	3.8	1.0
2124980087	2010	39.3	4.7595389946883015	7.2	1.2
2125009864	2007	28.0	0.14054054054054055	5.0	0.2
2125050832	2008	0.0	0.0	2.0	0.0
2125086336	2009	20.92380952380952	2.1164009407745072	17.2	4.6
2125201152	2013	8.8	7.899181257382456	19.6	1.8
2125492118	2006	20.633333333333333	1.358260994211404	2.4	2.0
2125682841	2003	18.06666666666667	0.45619614793549984	3.6	1.6
2125785075	2014	5.05	1.842789354391936	12.0	1.8
2125868245	2007	5.5	1.0602092243244716	3.6	2.4
2125874394	2013	0.0	0.0	19.0	0.0
2126121460	2000	60.17333333333333	2.705825849093647	2.8	1.8
2126386058	2009	17.1	1.7801600611803956	3.2	1.6
2126664890	2006	8.7	3.7683173710312934	30.0	1.2
2126670394	2011	7.219047619047619	2.679494915302243	21.8	5.2
2126887540	2004	2.9833333333333334	0.4807902573664403	2.6	2.4
2126968285	2011	8.022271062271063	2.56975195926231	22.6	16.4
2126971597	2012	3.09	1.9130431612486434	11.8	5.0
2127181958	2011	5.4	0.15702479338842976	2.0	1.8
2127389950	2009	28.760454545454547	4.527621250273724	31.0	15.2
2127412708	2010	25.768611111111113	4.059192968298712	18.4	16.2
2127628539	2009	23.219805194805197	4.10017416401885	37.2	10.2
2127909259	2004	1.1433333333333333	0.4591067621359821	1.6	3.0
2128005576	2012	0.0	0.0	17.0	0.0
2128273557	2013	0.0	0.0	34.0	0.0
2128406112	2003	0.4	0.049917397382132425	2.0	0.2
2128505437	2005	0.0	0.0	0.0	0.0
2128579718	2010	16.6	3.064903907831291	4.4	1.2
2128684847	2011	173.2	4.809692793957018	8.2	0.6
2128836615	2005	15.897142857142857	1.0938780821671026	15.0	10.6
2128961535	2015	0.0	0.0	16.0	0.0
2128988761	2010	9.316666666666666	2.719182693066735	5.8	2.0
2129031682	2014	0.0	0.0	9.0	0.0
2129036690	2006	2.6799999999999997	0.934198866725311	5.0	8.0
2129285711	2012	1.6	0.9700890729168015	4.6	0.6
2129315804	2015	1.429090909090909	1.8994430210915776	8.0	3.4
2129418036	1998	9.1	0.1222669617964672	3.4	1.6
2129438427	2009	12.6	0.5648809827022857	5.0	0.4
2129452128	2009	4.2	1.1911921555135043	7.6	0.2
2129456769	2013	2.8	1.6181356044014508	3.0	2.6
2129572409	2009	9.76666666666667	3.4204365189364387	4.2	4.2
2129593249	2012	3.3	1.1293642438024651	19.0	0.6
2129696040	2009	0.1	0.08367784771094035	3.0	0.4
2129707538	2011	13.719999999999999	5.704714913234497	25.2	5.8
2129840949	2008	15.353921568627452	1.907248453623517	24.2	13.0
2130006258	2011	7.357142857142857	1.2798308676096313	6.0	3.0
2130233059	2014	5.14	2.7142238917430532	11.8	2.0
2130371764	2004	18.157142857142855	2.0219634629819745	15.2	6.6
2130446888	2009	41.27139619001689	4.66307014417859	38.6	25.0
2130533168	2006	2.05	0.6669269256111583	1.8	1.4
2130638385	2008	3.1233333333333335	0.6839058933686176	20.0	2.4
2130647009	2005	77.84945054945055	1.8441308438364505	9.6	10.0
2130687195	2009	11.972793148880106	3.6408269957318575	30.2	14.2
2130779389	2010	16.06666666666667	3.531992865431161	7.4	1.2
2130877461	2011	12.178571428571429	2.0887817013714978	11.2	7.4
2130924367	2014	0.0	0.0	6.0	0.2
2130968869	2002	0.0	0.0	0.0	0.0
2131075225	2012	0.0	0.0	7.0	0.0
2131079553	2008	6.133333333333335	0.613754149327219	13.0	0.8
2131274496	2012	0.0	0.0	5.0	0.0
2131378765	2015	0.76	0.4281284545394145	6.0	1.0
2131442170	2013	8.1	0.8286029672945338	12.0	1.0
2131464134	2011	121.95714285714284	7.85613052988506	5.2	2.6
2131688799	2004	5.6	0.5388195232690125	1.0	0.2
2131706324	2010	13.438095238095238	2.785013090503682	11.4	5.6
2131759505	2013	0.4	0.4642673521850901	5.0	0.2
2131857602	2005	31.326262626262622	2.3337790066756363	39.4	7.0
2132032762	2002	0.0	0.0	0.0	0.0
2132053256	2009	4.6	0.3834101382488479	6.2	0.2
2132056394	2013	1.56	0.8893852465312128	12.0	1.0
2132229286	2010	0.0	0.0	5.0	0.0
2132246969	2014	0.0	0.0	4.0	0.0
2132371958	2002	8.559999999999999	0.9306858164154115	6.6	4.2
2132452411	2011	5.433333333333333	1.4487681623244086	20.0	2.2
2132499049	2014	0.8	0.7851851851851853	24.0	0.4
2132852458	2013	8.373260073260074	5.409712473015537	37.0	9.6
2132908064	2014	9.81925925925926	3.420000701165887	24.6	9.6
2132946446	2000	3.4	0.30101537568900494	0.2	0.2
2132966298	2012	16.0	2.736002823734879	13.8	0.4
2133024693	2011	15.472882672882672	2.554766491069828	21.8	8.6
2133263018	2011	10.542530345471523	3.1611577174901115	27.8	37.2
2133344717	2013	0.0	0.0	10.0	0.0
2133458302	2010	12.8	2.603257242712594	23.0	1.2
2133738430	2007	27.48888888888889	3.1855558370884896	7.0	3.4
2133938339	2013	1.8333333333333333	2.416367139855685	10.0	1.6
2134062735	2010	0.16	0.0	2.0	2.4
2134359195	2015	0.1	0.6782608695652174	12.0	0.8
2134475986	2015	1.1318181818181816	1.062927438584542	14.0	5.8
2134507548	2003	0.0	0.0	0.0	0.0
2134593789	2002	22.9	1.5163028360996038	5.8	1.2
2134835601	2010	1.4	0.19865591397849464	0.2	0.2
2135098536	1995	0.5657894736842105	0.19473233643880575	0.8	4.8
2135189109	2006	6.0	0.8469272949574538	18.2	0.4
2135471349	2005	6.733333333333334	0.4174935246655272	1.4	1.0
2135487126	2004	24.176666666666666	1.8877345344585474	13.4	7.6
2135920179	2010	23.766666666666666	4.011236191584844	5.6	1.6
2135927516	2009	10.314285714285713	2.562177573469731	22.6	7.0
2135958607	2008	12.7	2.984504948731369	4.6	2.0
2136036615	2012	0.0	0.0	11.0	0.0
2136115836	2011	21.61198717948718	4.471305051065855	28.8	15.8
2136179193	2013	9.172222222222222	2.3621920102620146	14.0	3.4
2136266794	2014	0.0	0.0	10.0	0.0
2136549642	2011	11.676666666666666	1.5577571979643867	13.4	3.2
2136575268	2010	17.586666666666666	4.641392997304039	14.8	2.6
2136696627	2011	15.67026568203039	4.488018566163231	29.4	12.4
2136816253	2001	16.333333333333332	0.7166331899211009	1.4	1.0
2136933829	2000	0.0	0.0	0.0	0.0
2136953855	2012	5.256666666666666	2.165570620888435	7.6	7.6
2137005904	2011	13.8	3.4080959514245577	7.2	1.4
2137165949	2003	7.133333333333333	0.24419109863264152	11.0	0.6
2137266704	2004	77.60571428571428	2.095099054651963	16.8	6.4
2137467464	2009	13.466666666666665	3.018999510308725	7.0	1.4
2137543114	2014	1.8	0.4110236220472441	9.0	0.2
2137721112	2012	11.34	1.5505199173036304	10.6	1.6
2137787012	2011	0.0	0.0	2.0	3.4
2137872106	2001	0.0	0.0	2.0	0.0
2137888961	2012	5.944444444444445	1.1746208715042419	5.8	3.6
2137930062	2006	16.55140350877193	1.4702228225890874	14.8	15.6
2138250145	2012	7.213636363636364	2.7307673640660752	37.0	5.0
2138515857	2003	16.93333333333333	1.0188985000246067	1.6	1.0
2138623437	2008	9.8	1.4386106214535235	7.8	2.2
2138694383	2008	0.0	0.0	9.0	0.0
2138730132	2006	0.32	0.06882911234248554	22.0	1.0
2138774193	2010	14.8	3.2177664733127402	5.6	0.4
2138788641	2012	34.41111111111111	8.82800869557646	34.4	7.0
2138812682	2002	14.5	1.3721531897202832	3.2	1.4
2138942620	2006	20.4	1.4304719771111167	10.0	1.4
2139359872	2004	8.1	1.5479163412733903	13.4	1.0
2139383353	2002	1.7	0.12095959595959596	1.0	0.8
2139563917	2011	15.835508021390376	2.4464445595495734	24.6	12.8
2140139299	2014	1.6233766233766231	1.0165123694103104	5.0	4.4
2140142482	2014	0.0	0.0	11.0	0.0
2140193922	2013	3.858333333333333	1.8071679618270386	23.0	5.4
2140246466	2014	6.972222222222223	3.4378173343625313	28.8	4.2
2140299053	2011	16.938095238095237	3.7567760881163146	11.0	3.4
2140415916	2006	10.28	1.435465808556753	12.4	6.2
2140420991	2000	4.733333333333333	0.5210680382840549	3.8	3.2
2140835453	2002	2.6	0.457029702970297	0.4	0.2
2141043845	2013	6.17090909090909	1.671707528767009	11.6	4.8
2141044430	2014	2.2683333333333335	2.1042017081001125	13.0	4.0
2141239370	2011	0.0	0.0	12.0	0.0
2141240247	2014	7.948333333333333	1.8517285886692019	51.0	4.4
2141557542	2006	9.790000000000001	0.9703533282935751	11.2	4.8
2141591688	2006	21.6	1.6281590763309814	1.2	0.6
2141739943	2008	66.20666666666666	4.7205763030720265	15.4	8.0
2141859088	2006	7.56	2.274504211771057	14.8	2.2
2141917321	2001	0.0	0.0	0.0	0.0
2141922035	2012	2.0599999999999996	2.228695525159856	4.2	3.6
2141954396	2010	0.0	0.0	3.0	0.0
2142144324	2011	9.569285714285716	3.5036539744375914	23.4	9.2
2142236357	2014	0.6	0.9475373134328358	4.0	0.2
2142251200	2001	0.0	0.0	0.0	0.0
2142476884	2004	22.25	1.6679804958017201	20.2	8.8
2142477919	2010	22.503174603174603	3.5558363391081933	41.0	22.8
2142521509	2004	1.0	0.03595505617977528	3.0	0.2
2142528260	2007	16.4	1.5890404161611462	2.8	1.2
2142540666	2008	14.02	2.067691081012347	31.4	4.8
2142600833	2010	20.61781980338502	3.090356533185776	44.0	24.8
2142603089	2003	19.266666666666666	1.0964153319768013	3.6	1.0
2142606130	2009	9.9	1.5100394815233853	2.6	1.8
2142834820	2007	38.05	1.2596008221212363	13.4	2.8
2143249676	2007	125.0	4.355862552348998	18.8	4.2
2143414206	2009	5.7	1.3606151330074527	15.8	0.6
2143517294	2006	31.85	1.8747115485832517	4.4	1.6
2143560452	2012	3.2	1.0810073452256033	6.0	0.2
2143737760	2001	74.0	0.7751527494908349	0.4	0.2
2143804335	2014	1.6	1.6248915275065827	21.0	0.8
2143875236	2012	0.0	0.0	7.0	0.0
2143875278	2008	0.0	0.0011772584681541008	13.0	1.0
2144161069	2006	36.81166666666667	2.537548651616951	5.0	3.6
2144244693	2010	5.433333333333333	1.2405838432901724	13.0	2.0
2144399546	2015	0.0	0.0	4.0	0.0
2144806485	2010	0.0	0.0	7.0	0.0
2144857100	2011	5.6	2.2590537596352327	2.0	1.8
2144967616	2004	12.1	1.5697713093879746	11.6	1.4
2144983540	2011	10.4	3.819323825003301	3.4	1.6
2145303506	2008	0.0	0.0	13.0	0.0
2145588887	2012	4.7299999999999995	3.8488382108313033	14.2	3.0
2145699650	2012	1.1333333333333335	0.6191604291536332	10.0	0.6
2145801676	2003	5.942857142857143	0.7676435850965317	1.8	2.0
2145801772	2010	14.84	2.0428185344461505	5.8	3.4
2145805884	2006	331.1	2.28098322963047	5.0	1.0
2146048256	2007	55.81444444444444	2.6575169889083328	29.0	10.2
2146306046	2014	0.360042735042735	1.709810001493817	5.0	15.8
2146436343	2003	14.104155844155844	1.7156758301790311	6.4	6.2
2147008306	2009	7.85	0.26904761904761904	1.8	1.8
2147119203	2014	0.33333333333333337	0.7984330494959406	7.0	1.4
2147182381	2013	2.9	1.0936456940547667	1.0	1.0
2147468748	2005	24.609523809523814	4.2918512234528485	16.8	6.2
2147469531	2004	0.0	0.0	5.0	0.0
2147480086	2013	3.8	5.729426895788217	9.0	1.4
2147533149	2011	43.5	6.259517355516431	38.4	3.6
2147835917	2010	1.6	0.7870622824278881	0.6	0.4
2147856635	2005	23.35	1.0315745437344879	10.2	1.0
2147887109	2013	5.1	1.5429464590599966	7.0	1.0
2148219056	2001	3.6	0.16306306306306306	1.2	0.6
2148252713	2013	0.0	0.0	10.0	0.0
2148269573	2012	2.85	2.140337563087962	5.0	3.6
2148571677	2010	7.866666666666667	1.0484439181187617	4.4	1.0
2148692915	2009	12.666666666666666	2.2932013886410294	17.4	7.2
2148887477	2003	55.4	1.637285564667342	10.4	1.2
2149179121	2005	0.0	0.0	6.0	0.0
2149466897	2013	2.5142857142857142	0.6055453344043948	7.0	1.6
2149890508	2005	0.0	0.0	1.0	0.0
2149967164	2003	16.236363636363638	0.8512433331840061	5.2	3.2
2150041333	2015	0.9	2.254033583200679	17.0	1.4
2150143441	2007	40.92	3.005619723270538	22.8	2.2
2150238559	2006	13.8	1.1751515026975177	2.0	0.6
2150321504	2011	0.0	0.0	12.0	0.0
2150413527	2013	5.466666666666667	4.210244758580281	14.6	1.8
2150448886	2007	0.0	0.0011772584681541008	24.0	0.2
2150645749	2005	22.241666666666667	2.261437109835451	28.2	8.0
2150662063	2008	19.05412698412698	2.3488134328965304	22.0	6.6
2150814619	2004	4.5166666666666675	0.4973533820546737	5.2	1.8
2150822877	2007	6.663095238095238	1.5831386196727972	5.2	6.2
2150860615	2003	13.99098079515537	1.5099889639488446	24.6	25.8
2150962668	2002	4.734285714285714	0.15049007714442583	4.6	4.8
2151071109	2010	0.4	0.5088261515601784	5.0	0.2
2151084988	2005	8.333333333333332	0.8566641754895284	5.4	2.2
2151090628	2014	4.608333333333333	2.114508691457993	17.8	5.2
2151111624	2009	0.0	0.0	8.0	0.0
2151150107	2011	14.8034126984127	4.006457308187881	20.8	6.2
2151338004	2010	6.0	0.5731220657276994	4.8	0.4
2151411149	2013	12.0	1.3581928269141983	16.0	0.8
2151467832	2005	0.0	0.0	4.0	0.0
2151497270	2002	14.4	0.48434101105153743	4.0	0.4
2151841224	2007	6.357142857142857	1.375679725877386	7.8	3.0
2151882070	2011	2.1346153846153846	2.101044185774746	4.8	8.4
2152129726	2014	7.541025641025641	5.196938754308651	59.8	8.6
2152263836	2010	34.92	2.471451184325633	18.2	2.0
2152742497	2009	22.56	3.336254909035515	6.2	2.4
2152746768	2009	40.00272727272728	4.093849730167281	33.0	16.4
2152759239	2002	58.4	0.7754981850530076	4.4	1.4
2152922038	2003	17.45	1.1082663274395137	5.4	1.6
2152986995	2003	31.276190476190475	1.4865580143272128	11.0	3.2
2153093055	2005	42.4	0.8793683847470402	3.6	2.2
2153333472	2005	6.0666666666666655	0.8234248882322015	2.8	1.6
2153403073	2015	0.0	0.0	9.0	0.0
2153464239	2011	9.05	2.118790830074653	16.0	1.6
2153729420	2003	9.499230769230769	0.8186686642609315	6.6	7.0
2154038270	2014	0.0	0.0	13.0	0.0
2154120132	2001	12.733333333333334	0.3991190476190476	1.8	1.2
2154147473	2006	29.113636363636363	3.6372853899099327	24.2	5.4
2154367007	2002	34.2	0.8093748308043056	3.8	0.6
2154459738	2015	0.0	0.0	27.0	0.0
2154473071	2010	2.3	0.5636296475416599	11.0	2.2
2154538814	2008	55.54382284382284	4.5299752510105	61.4	16.8
2154642950	2011	0.0	0.0	7.0	0.0
2154690304	2004	6.466666666666666	0.9062163623076162	21.0	3.8
2154701305	2013	1.4555555555555555	2.765999417729185	22.0	15.8
2154799673	2002	0.0	0.0	0.0	0.0
2154845982	2008	0.0	0.0	0.0	0.0
2154940096	2012	4.2444444444444445	2.289303259945533	16.0	4.2
2154970772	2014	2.4933333333333336	2.0718357542767096	25.0	2.8
2155024381	2014	0.0	0.0	3.0	0.0
2155053817	2010	40.859111239637556	5.687868731403574	40.4	22.0
2155077995	2012	18.066666666666666	4.4724472714522125	6.8	3.6
2155203226	2009	8.587087912087913	1.9979962126192945	21.2	17.6
2155241416	2009	94.7	1.3794606805441219	13.0	0.4
2155410336	2006	54.59666666666667	4.032925870399307	9.8	5.2
2155500052	2012	6.2666666666666675	3.6575274137040203	10.8	1.6
2155508843	2005	2.0	0.3108663496409132	1.6	0.6
2155560721	2013	0.0	0.8425414364640883	4.0	0.2
2155752892	2007	49.48095238095239	1.9732806018271511	9.6	4.4
2156048252	2010	0.0	0.0	9.0	0.6
2156057592	2013	0.2394444444444445	1.1166637157998895	5.0	18.2
2156061973	2009	6.933333333333333	1.1880778675566712	0.8	0.8
2156070389	2008	57.366666666666674	2.7890527289764853	30.6	2.0
2156395590	2015	0.0	0.0	11.0	0.0
2156431734	2009	26.892272727272722	3.8025968486349497	21.0	7.4
2156498571	2008	14.607528436475807	1.9386826786088647	26.0	13.6
2156872840	2008	7.8	2.330758965691726	9.8	0.8
2157101960	2006	0.0	0.0	4.0	0.0
2157204938	2012	0.0	0.0	15.0	0.0
2157213243	2011	46.583333333333336	4.268744205501022	9.4	2.2
2157274563	2011	21.55238095238095	2.693555726871299	21.2	7.6
2157655962	2005	29.333333333333336	1.6823126620515805	13.0	2.8
2157899901	2011	11.213333333333335	0.8136882857922438	34.0	3.6
2157960410	2000	17.2	0.4298279151134864	6.2	1.0
2158149647	2002	40.99166666666667	1.6028387782679991	9.0	3.6
2158255297	2011	8.5	2.9437467113150326	8.6	0.8
2158260898	2012	0.0	0.0	5.0	0.0
2158269646	2014	0.0	0.0	7.0	0.0
2158302723	2014	0.6428571428571429	1.119122705937608	8.0	6.6
2158637162	2011	20.64	4.386815548667999	14.2	3.0
2158768696	2011	5.466287878787879	2.2034779630816805	11.2	11.8
2158783344	2012	0.04812834224598932	0.0	2.0	7.4
2159011737	2004	21.988095238095234	1.5010151937133434	6.4	5.0
2159206680	2014	3.435526315789474	1.6043715200621687	10.6	6.4
2159209699	2014	1.840909090909091	1.9886197189260293	8.8	5.4
2159641247	2001	2.057142857142857	0.0	2.0	6.2
2160041688	2007	20.033333333333335	2.2432050747836203	11.8	1.8
2160530418	2003	1.4333333333333333	0.533166292790302	2.8	2.2
2160587199	2005	5.2	0.4732625902224766	1.0	0.6
2160785160	2010	48.809444444444445	7.647762704721233	20.0	5.4
2160966931	2009	22.562142857142856	3.1503262581475253	21.4	7.6
2161096072	2010	6.107354978354978	0.89969372089247	14.4	19.0
2161122016	2004	26.265714285714285	1.490936913015861	17.0	14.4
2161281631	2008	0.0	0.0	3.0	0.0
2161282059	2004	185.89333333333335	1.9018190653766616	10.6	4.2
2161289470	2011	3.1744200244200242	1.1966479885121397	8.4	10.6
2161294656	2012	17.666666666666664	3.4647774811848584	10.6	1.8
2161344787	2004	18.01666666666667	1.0125764437446558	7.6	2.0
2161348131	2011	5.0	0.8801090304014462	2.2	1.6
2161364670	2009	23.533333333333335	1.6056834004756706	8.4	1.8
2161572675	2002	31.620303030303035	1.5303597431316103	25.6	7.4
2161630513	2012	0.0	0.0	6.0	0.0
2161639598	2009	0.0	0.0	7.0	0.0
2161735462	2000	0.0	0.0	0.0	0.0
2161752117	2013	6.561666666666667	6.773622078877986	26.8	7.0
2162116654	2010	11.7	1.7031962271362784	4.0	0.8
2162608454	2003	0.0	0.0	0.0	0.0
2162670899	2009	19.73333333333333	3.1554580891092145	15.4	1.8
2162991425	2013	0.0	0.0	6.0	0.0
2163116786	2014	14.895238095238096	4.298169254376875	10.6	4.4
2163230821	2013	0.2	0.22506393861892585	6.0	0.2
2163258159	2007	0.0	0.0	0.0	0.0
2163554368	2012	14.468795093795094	4.188881252628545	20.8	8.8
2163564647	2014	5.0	2.5393653316560703	8.8	0.4
2163570495	2012	1.6	0.20190779014308421	6.0	0.2
2163809637	2013	0.4	0.13749187784275502	4.0	0.2
2163876039	2007	14.6	0.8915736205370036	10.6	0.6
2163948149	2008	6.7700000000000005	0.8507158948873196	4.8	3.0
2164096993	2008	21.85	3.330216927737369	4.6	1.6
2164157085	2007	10.997619047619049	1.496150695967333	8.8	6.8
2164306456	2007	88.32000000000001	3.012028406054191	14.0	2.8
2164380808	2006	42.825	1.7130440928015438	3.4	2.0
2164782366	2001	12.233333333333334	1.0873570156705825	5.8	2.0
2164864761	2013	1.0	0.8085110565110565	3.0	0.4
2164946101	2012	0.4	0.48489709443099277	8.0	0.2
2165039334	2011	8.133333333333333	2.700599734896749	9.4	2.4
2165112351	2009	10.991666666666667	2.1447854627784553	30.6	6.8
2165118231	2010	13.675	1.324459989169309	6.0	3.4
2165129454	2012	6.487301587301587	1.9688820315799904	20.6	6.8
2165182151	2004	5.8	0.5483652159292509	3.2	1.6
2165290838	2013	6.55	3.0503973471725514	24.8	3.8
2165347178	2009	1.0	0.6610340479192939	2.0	0.4
2165440259	2003	2.004848484848485	1.0750337007139183	4.4	4.6
2165487645	2014	0.6	0.27567047949558027	6.0	0.4
2165522783	2006	76.77924297924298	2.4373754484096923	37.0	15.2
2165632109	2010	10.863333333333333	4.936580879492772	12.0	7.6
2165913566	2008	6.332121212121211	1.1084251411946326	10.0	8.8
2166072646	2010	19.533333333333335	2.770007067692215	5.8	1.2
2166101634	2008	7.744444444444443	1.4638078726350496	9.6	5.0
2166293065	2002	0.0	0.0	1.0	0.0
2166524114	2010	15.656608391608392	2.297725084536853	20.4	20.0
2167043544	2013	2.532380952380952	1.9339103921956802	11.0	3.6
2167170244	2007	14.458333333333332	1.8232273914104487	9.0	11.2
2167316255	2009	19.866666666666667	3.0419177810748965	13.6	2.2
2167322902	2014	1.2581818181818183	0.8785736924574928	22.0	4.2
2167387482	2009	27.27777777777778	5.14814912166246	25.8	4.8
2167430128	2014	1.0	0.42713495694344905	6.0	0.8
2167432162	2009	32.2	1.924380362044671	14.2	1.6
2167716309	2012	4.866666666666667	1.0599233581419452	10.8	0.8
2167758628	2009	16.356493506493507	1.4984854665864815	31.6	8.0
2167901638	2006	27.2	1.2722724566454353	8.6	1.2
2167911662	2011	5.187581699346405	2.2885052946009194	13.0	8.8
2167922976	2013	3.6000000000000005	3.6323849072521783	8.8	2.4
2167941445	2013	2.9	1.505887690504934	31.0	1.8
2167979857	2003	48.93333333333333	2.6496919556827434	1.8	1.0
2168088888	2013	1.0	0.7374175399264146	3.6	1.0
2168143308	2011	12.1	3.151372543469201	12.8	0.8
2168145360	2003	86.03666666666668	4.935366322951521	14.4	3.8
2168149035	2007	1.7416666666666665	0.17942841478010446	3.4	3.6
2168473544	2006	4.9	0.509474763057544	10.6	0.8
2168636615	2005	6.1	0.6426564973366466	3.2	2.6
2168703332	2010	11.212640692640694	2.658600008165704	17.0	17.0
2168740874	2014	7.428269769446241	2.610851839266032	21.8	9.4
2168776308	2013	0.0	0.0	20.0	0.0
2169184086	2013	9.169444444444443	2.6345831396723005	14.4	5.2
2169327097	2006	26.72	2.2668612390508325	18.6	4.4
2169354526	2013	4.533968253968254	2.7968421067461486	11.0	6.6
2169407879	2002	13.573333333333334	1.5296593253751096	5.8	2.8
2169565136	2004	43.9	2.423306679877769	3.0	1.8
2169646040	2002	1.2	0.13025641025641027	0.6	0.2
2169652390	2004	76.1	1.5017815434023631	7.0	1.4
2169749833	2007	15.133333333333335	2.2403775968099344	1.0	0.8
2169842180	2011	0.0	0.0	3.0	0.0
2169899449	2002	7.9	1.158973447973478	4.2	1.6
2170033343	2001	34.2	0.7646396613353185	2.2	0.8
2170085096	2007	26.3	2.4815484355289983	11.6	2.2
2170530196	2013	6.207692307692308	3.26584624485006	13.8	7.0
2170547846	2014	3.9	4.952799193234656	2.8	1.8
2170606828	2009	1.8	0.5937650920923215	3.8	0.8
2170746678	2003	18.105714285714285	1.719918391707705	9.0	5.4
2170764363	2000	8.933333333333334	0.5079943204341655	2.2	1.8
2170981137	2011	2.416666666666667	1.3820159187881962	4.2	4.2
2171054309	2002	5.216666666666667	0.8630297592711618	9.6	2.4
2171200862	2003	0.0	0.0	0.0	0.0
2171204101	2012	17.238333333333333	4.057252975629934	33.0	9.0
2171373538	2012	2.506666666666667	1.3680772545787916	2.6	2.8
2171646946	2009	36.28754652123073	4.2863170691330765	53.4	35.0
2171745429	2010	4.8	0.3236631016042781	1.0	0.4
2171793099	2006	9.6	1.0403940886699508	0.2	0.2
2171955601	2000	79.61966507177033	1.2112425839329553	13.0	7.8
2172282589	2011	0.0	0.0	2.0	0.0
2174116335	2001	73.96666666666667	0.9205190836710662	4.8	2.0
2176810612	2006	13.45	1.2999448928563282	6.4	1.0
2177245446	2005	15.6	0.692576882290562	0.6	0.2
2177855532	2012	5.05	0.9638377115485209	8.6	1.2
2177955397	2012	6.05	3.6332002375130834	15.4	7.6
2182911313	2014	0.13333333333333333	0.7580401098693484	4.0	0.8
2183942996	2012	0.0	0.0	8.0	0.0
2184041548	2013	0.0	0.0	4.0	0.0
2185613937	2009	12.291428571428572	1.367608915107183	5.6	4.0
2187214087	2010	0.0	0.0	1.0	0.0
2187278809	2012	1.0	2.0507012781359575	9.0	0.4
2190332578	2012	0.0	0.0	3.0	0.0
2191402932	2010	15.783333333333335	4.916783945726644	4.4	2.6
2192254066	2004	7.391666666666666	1.190808201140524	10.8	3.4
2193636198	2011	26.9	3.017250853082006	3.4	0.8
2194481242	2005	6.93	1.0066182029394248	5.4	4.2
2196459595	2004	6.4	0.21729179183474953	4.6	0.6
2196568245	2008	1.05	0.15852983552675673	4.0	1.4
2197204323	2005	63.9	4.473785398648815	3.2	1.0
2198106591	2009	0.7	0.046999288382850016	3.0	0.4
2199629150	2006	31.25	2.689385631082287	7.2	1.8
2201735012	2014	0.0	0.0	18.0	0.0
2204775031	2014	1.770909090909091	1.9022319060761064	8.8	5.6
2205371838	2006	0.0	0.0	0.0	0.0
2205470096	2015	1.2	1.4930449869384879	14.0	0.6
2207345732	2013	1.6	0.2607594936708861	4.0	1.2
2212034063	2004	0.0	0.0	7.0	0.0
2215796638	2011	1.1333333333333335	0.9249021303717292	0.6	0.6
2218715893	2009	30.7	4.403155444027556	13.2	1.4
2221072935	2005	29.30412698412698	1.7681487121037442	14.4	6.2
2222010542	2010	2.2	0.06949152542372881	6.0	0.2
2223707507	2013	0.0	0.0	4.0	0.0
2223796977	2014	7.73904761904762	4.583964920336791	20.0	4.4
2223847123	2011	7.99	3.4315503203273594	11.4	2.8
2225391444	2000	0.0	0.0	0.0	0.0
2225462145	2013	3.8	1.3555555555555556	4.8	0.2
2226937957	2009	0.0	0.0	3.0	0.0
2227996592	2013	3.565714285714286	1.838854003106278	3.0	3.2
2230265955	2007	6.5200000000000005	0.6197034642108633	1.0	1.0
2231487564	2011	20.369444444444444	2.8809880737005984	14.6	5.4
2233307994	2011	0.0	0.0	14.0	0.0
2234104560	2012	6.533333333333333	0.0	9.0	0.6
2235351327	2005	21.236168831168833	2.7532891730846716	12.6	8.2
2235413275	2010	16.81666666666667	2.1045513637447075	11.8	3.6
2235471002	2004	2.6	0.27464612813945644	4.0	2.6
2235888740	2004	1.5	0.3349874324015539	4.8	0.8
2235950228	2009	0.0	0.0	3.0	0.0
2236023538	2012	3.5799999999999996	2.4122587928319064	2.4	1.8
2236413543	2013	0.0	0.0	16.0	0.0
2236599932	2008	21.42666666666667	3.116475072422428	7.0	1.8
2236867554	2007	39.00190476190476	3.826581897555589	23.8	5.4
2237541417	2012	5.8934981684981675	3.5262924719247954	9.0	8.8
2238150253	2002	24.1	0.7078930702897146	1.4	1.6
2238358095	2014	0.4	0.8021147764092836	2.0	1.4
2239686435	2011	3.675	1.4334169396204428	7.8	4.0
2241452699	2003	0.0	0.0	0.0	0.0
2243585430	2011	4.4107142857142865	2.0685744752072592	7.8	6.0
2243692557	2011	55.33153846153846	9.31751201931957	21.8	6.2
2243713403	2006	1.2666666666666668	0.7081694992285705	2.8	3.2
2245040899	2000	5.279999999999999	0.9388914161100674	2.4	1.4
2245092705	2008	31.388181818181817	3.5416257496690315	30.2	6.0
2245214548	2014	0.2	0.0	5.0	0.2
2247273528	2006	3.758333333333333	0.8256958808585397	3.8	3.6
2248182573	2007	6.816666666666667	0.926325239879667	10.0	4.8
2249889733	2003	7.700000000000001	1.7663839423063905	6.0	2.2
2250234745	2011	5.246666666666667	2.738287845205361	13.0	3.4
2250419888	2006	0.4	0.0	2.0	0.2
2251034904	2004	40.97904761904762	0.8705061767026793	23.8	9.2
2251657612	2015	2.55	3.1822851145157016	30.0	9.2
2252247208	2002	3.073113553113553	0.0	3.2	20.8
2252455567	2009	15.85	1.7768230670705152	5.4	2.6
2253737003	2014	0.0	0.0	5.0	0.0
2253936662	2012	0.0	0.0	2.0	0.0
2258153833	2010	0.06666666666666667	0.0	4.0	1.0
2259399147	2008	0.0	0.0	4.0	0.0
2259978413	2011	23.345	3.6395893442536953	11.2	5.2
2262385899	2010	5.788484848484848	3.6143452115337587	13.4	8.4
2263887713	2012	2.1166666666666663	1.5001584437068307	6.8	1.8
2264628315	2007	19.6	0.586043265875785	6.6	0.2
2265464800	2007	15.6	2.6788308479152034	6.0	0.8
2267357186	2009	39.526666666666664	3.197449440412572	5.6	2.4
2269141726	2002	0.0	0.0	5.0	0.0
2273517658	2011	0.0	0.0	2.0	0.0
2276152985	2008	8.3	1.8257197913551946	7.4	0.8
2278593545	2013	0.0	0.0	8.0	0.0
2279202333	2013	2.65	2.379787558416607	9.0	2.8
2279508135	2006	25.833333333333332	2.853778995306472	12.0	2.2
2280650151	2011	0.0	0.0	21.0	0.0
2287429527	2007	0.0	0.0	7.0	0.0
2287948179	2008	9.2	1.0980991699995697	26.8	0.4
2289626938	2004	5.6	0.659450538515536	7.0	3.0
2290637690	2004	27.666666666666664	1.1310907361717886	5.2	1.0
2292864690	2012	0.0	0.0	8.0	0.0
2293219852	2008	0.2	0.10119047619047619	6.0	0.2
2293648838	2009	7.234999999999999	1.1876512299446338	17.0	7.2
2294042172	2010	8.466666666666665	2.410834726785616	3.0	1.0
2295270651	2009	6.88	0.9793739760961202	5.2	2.2
2296595471	2008	11.916450216450217	1.6761072400614367	20.0	13.0
2297109039	2012	2.45	2.314683185720445	2.6	1.4
2297341045	2005	13.2	1.657305417222251	4.4	0.8
2298187013	2004	6.8	0.7311365648357595	2.6	0.6
2299076990	2002	18.1	0.43402477962324804	1.0	1.4
2299437103	2006	42.11666666666667	0.7902003657373371	4.4	2.6
2300692282	2003	70.7	2.3746813434365754	2.0	1.0
2301499624	2008	9.5	1.5170347712048542	1.4	1.4
2301860113	2007	28.228571428571428	2.4982037874038627	16.4	4.6
2303073511	2011	0.0	0.0	7.0	0.0
2303091550	2002	0.0	0.0	0.0	0.0
2303408767	2013	0.0	0.0	5.0	0.0
2303916260	2013	3.019047619047619	2.964571170023216	22.0	4.8
2304020625	2014	1.3	0.865773024196441	8.0	0.6
2304084810	2014	2.743333333333333	2.75923644464884	28.0	5.2
2304458524	2012	9.443809523809524	3.241832459139561	8.0	5.2
2304494935	2009	6.6	1.3625223883252935	7.6	1.4
2304708675	2008	52.96666666666666	4.291533855008322	6.0	1.6
2304986032	2011	0.0	0.0	16.0	0.0
2305287551	2011	4.4	0.47980099502487566	5.0	0.6
2305434694	2014	0.6666666666666666	0.7374098198107414	5.0	0.8
2305880237	2013	9.669999999999998	2.9419318544487116	22.8	7.6
2305919268	2008	0.0	0.0	0.0	0.0
2306346593	2005	26.9	1.5269115551571182	3.8	1.8
2307014634	2012	0.0	0.0	8.0	0.0
2307335826	2004	0.0	0.0	4.0	0.0
2307619098	2004	0.0	0.0	0.0	0.0
2307673999	2003	0.0	0.0	0.0	0.0
2307697009	2015	1.2	3.9473053892215573	4.8	0.2
2308256259	2010	15.162857142857144	4.508863297793711	13.8	6.6
2308693179	2006	0.8	0.5203393135725428	0.4	0.4
2309133828	2003	9.485714285714286	0.9771710037699826	2.0	2.0
2309164315	2004	16.6	2.5003892100908067	5.0	0.6
2309187068	2014	1.0	0.551362897647891	2.6	1.0
2309691742	2010	16.161904761904765	2.9553592747082402	17.8	5.0
2309728730	2014	0.0	0.0	2.0	0.0
2311712812	2013	4.1	2.6983430441968728	12.0	0.8
2316252289	2008	5.92	1.407169444511719	8.2	3.0
2316372243	2010	0.2	0.10199887069452288	1.0	0.4
2317205900	2001	16.45	0.632675954991287	1.4	1.2
2318751012	2013	11.3	3.499566553590978	17.8	1.4
2320426110	2002	18.8	0.5418654739926011	2.4	0.6
2321558102	2014	0.2	0.8425414364640883	5.0	0.4
2322488068	2010	4.1	1.4049844748387983	5.8	3.8
2323573072	2014	5.7676923076923075	1.9108646798168927	10.6	6.0
2323686043	2006	20.033333333333335	2.1990505978136694	5.4	1.6
2327747144	2008	10.5	2.746068549164956	8.0	2.0
2327844854	2007	15.333333333333334	1.2738247858926308	13.8	1.6
2331439848	2011	1.0	0.2149425287356322	4.0	0.4
2334373290	2014	0.71	0.9587653621753376	10.0	3.6
2342412496	2001	40.07666666666667	2.4120695662209517	25.8	6.6
2343751466	2013	21.6	4.290881128440938	33.0	0.4
2343833113	2002	2.266666666666667	0.14643423137876385	12.0	0.6
2355500693	2014	0.0	0.0	4.0	0.0
2395153991	2003	9.879999999999999	1.0588894633408832	2.8	2.0
2420186739	2004	4.466666666666667	0.7187704122197809	1.4	1.0
2420664774	2009	21.026190476190475	1.7537064809468217	10.6	5.8
2420702928	2007	12.0	1.2697295657801573	3.0	1.6
2420721969	2009	15.4830303030303	2.5815287062568126	23.2	11.8
2420797795	2003	67.9	3.0762983535756883	10.0	2.6
2420880613	2013	0.0	0.0	3.0	0.6
2420934537	2013	9.007142857142856	2.498437995352614	17.8	5.2
2421131083	2012	6.2	2.703033495575781	9.0	1.4
2421134446	2010	15.830000000000002	2.1342991047782687	15.4	9.0
2422378326	2014	0.8	1.0271186440677966	5.0	0.2
2423501223	2012	15.919999999999998	5.844337170578105	10.8	5.6
2423863694	2003	0.0	0.0	5.0	0.0
2423985264	2001	0.0	0.0	0.0	0.0
2425472716	2009	2.4082417582417586	1.2470115764124499	3.4	7.4
2425617645	2006	0.0	0.0	16.0	0.0
2425950242	2010	15.0	0.8788770968846287	22.8	0.2
2426973820	2006	14.733333333333334	1.6548481380820668	11.0	2.8
2427666413	2012	2.933333333333333	1.2342461450259037	2.8	1.4
2428429988	2001	13.933333333333332	0.35680047304335344	1.0	1.2
2428719819	2012	12.173809523809522	4.534031017781291	10.0	5.4
2428845296	2000	17.183333333333337	0.6275645918876551	9.2	3.6
2428973165	2008	13.7	1.8067778843834894	2.8	1.2
2429134211	2006	0.0	0.0	3.0	1.4
2430222803	2014	12.55	4.031347333902028	15.6	6.2
2430418512	2015	0.0	0.0	3.0	0.0
2430668537	2014	0.0	0.0	21.0	0.0
2430783453	2003	7.2	0.37241936871183423	1.8	1.8
2431320349	2007	0.0	0.0	9.0	0.0
2431455375	2011	8.8	2.195153506816032	12.0	1.2
2434856473	2014	2.2666666666666666	2.0692659468643635	10.0	3.4
2435034426	2013	13.17968253968254	3.6475395706945606	11.6	10.0
2435248972	2004	2.569127651060424	0.9295112701626786	10.2	42.4
2436231491	2009	22.633333333333333	2.8512341739135745	5.2	1.4
2438976802	2002	0.0	0.0	0.0	0.0
2439678994	2011	4.2	1.1495484998547796	16.0	3.2
2439877570	2012	6.2	2.1610329066230944	8.2	0.6
2440571190	2011	0.0	0.0	7.0	0.0
2441598949	2013	0.0	0.0	12.0	0.0
2443384450	2006	0.0	0.0	0.0	0.0
2444411017	2009	6.6	1.275156479823518	2.0	0.8
2444676853	2014	1.7	2.1027389375484367	13.0	2.0
2460222195	2012	16.642061403508773	5.191745557853304	33.6	13.4
2462394557	2013	4.612272727272727	2.533928877646724	15.0	8.4
2463523865	2003	2.333333333333333	0.42941483789723855	5.0	1.4
2464372715	1995	0.0	0.0	0.0	0.0
2466349405	2013	3.5200000000000005	0.7045613494735349	5.0	1.0
2467165878	2006	27.2	1.6036695021775125	7.2	0.8
2467333156	2013	1.8	0.4991596638655461	15.0	0.2
2467808327	2001	0.0	0.0	0.0	0.0
2468691129	2011	3.8666666666666663	0.9284112220357187	10.8	0.8
2470631395	2005	0.0	0.0011772584681541008	8.0	0.2
2471024582	2014	1.5333333333333337	1.0654135557992346	15.0	2.4
2471503937	2009	9.459999999999999	2.156384249357952	13.2	3.0
2472746478	2013	1.1	0.2149425287356322	1.0	0.8
2472815583	2012	5.2	1.9628267820771117	6.8	0.4
2474919475	2013	0.0	0.0	6.0	0.0
2482558687	2003	6.35	0.4292526808440905	3.4	2.6
2482613009	2005	12.8	0.7565909897717569	3.4	0.8
2482903946	2014	1.1238095238095238	0.7092154089140642	5.0	2.2
2483316828	2005	116.46666666666667	3.6620911271390995	3.6	1.8
2484236144	2010	18.48333333333333	3.0654814442896603	11.2	3.0
2485801996	2001	0.0	0.0	6.0	0.0
2489575497	2001	0.8	0.2410358565737052	2.0	0.2
2490185788	2011	2.8	0.7769965181392601	3.8	0.6
2490532619	2006	6.257142857142857	1.8998546714975746	3.2	2.2
2490701366	2000	0.0	0.0	0.0	0.0
2492406983	2012	17.56666666666667	4.038664692788826	19.6	3.8
2493107792	2006	25.2	2.0833891973413095	5.2	2.0
2497099214	2014	4.033333333333333	3.8928252469734956	7.4	1.4
2499187671	2002	0.0	0.0	0.0	0.0
2499512103	2012	9.443333333333333	2.6279834908443798	9.6	3.2
2499659807	2011	8.2	3.919123887419276	2.4	1.4
2500836872	2011	1.75	0.9480282079112008	3.4	1.6
2502068411	2008	0.26136086136086134	0.0	5.0	12.8
2504548383	2011	11.0	2.7303538256741353	7.4	2.0
2505133586	2009	0.0	0.0	6.0	0.0
2505237151	2011	3.4	1.2198384298073313	5.6	2.2
2506212675	2007	23.68	2.0288728038434622	3.8	1.4
2506769544	2004	2.166666666666667	0.48351084555116974	2.0	1.0
2506920196	2010	12.4	1.7622005178791227	4.6	1.0
2509319508	2006	35.7	1.6176804094660036	5.4	3.0
2512611275	2013	0.0	0.0	5.0	0.0
2513490537	2011	9.766666666666667	1.5198193267158786	4.8	1.4
2514083705	2011	8.941666666666668	3.1189289144503696	24.0	4.8
2514705995	2011	5.208571428571429	2.058619268259084	15.0	5.8
2517218746	2008	12.0	2.596919126894895	0.8	0.6
2518223341	2005	0.0	0.0	0.0	0.0
2519154089	2001	11.293333333333333	0.9994721359113751	8.6	6.0
2519432510	2010	45.54380952380953	6.635381276863315	13.6	5.2
2524716205	2001	27.52	1.8803618687897292	5.8	3.0
2526354806	2011	18.88846153846154	5.083089163092207	15.4	8.2
2527066934	2005	1.55	0.0	0.6	1.0
2528072962	2000	0.0	0.0	1.0	0.0
2528802866	2012	10.020512820512822	3.748919374560009	21.8	8.2
2529592301	2001	10.316666666666666	0.5232729556207595	3.0	3.6
2530309766	2013	3.3333333333333335	1.491495142501796	4.8	1.0
2532505512	2014	1.7	0.6217151388483263	9.0	0.6
2538491856	2006	19.7	1.5388000780913722	1.8	1.0
2542327831	2012	14.199447908195538	4.519213740707848	26.6	21.6
2545898039	2002	0.0	0.12941176470588237	4.0	0.6
2549424322	2010	11.633333333333333	2.102658932679866	10.8	2.0
2550412142	2006	0.0	0.0	5.0	0.0
2551188948	2007	2.0	0.54347576877793	13.0	1.0
2551567325	2006	0.0	0.0	0.0	0.0
2552152551	2006	3.05	1.085246404947939	3.6	1.2
2552163634	2014	1.0222222222222224	1.6078103468657052	14.0	4.4
2552403349	2014	2.8	0.9781654403332167	9.0	0.6
2557235859	2013	5.3	2.4383896478032483	4.0	1.2
2557936967	2011	5.164285714285715	2.572355790320196	6.8	6.6
2558096301	2009	9.4	1.9147311750759648	15.8	1.2
2558121541	2002	7.125555555555556	1.0640521950177042	9.4	11.2
2558476565	2014	5.35	2.8166834961044485	10.6	2.4
2558682455	2009	17.895238095238092	2.3619964805208316	19.0	8.2
2559975655	2013	0.4	0.3426573426573426	3.0	0.2
2560877256	2006	6.0	0.7365359975313978	4.6	2.2
2564120281	2008	0.0	0.31845077998924154	0.0	0.2
2564512449	2001	1.4	0.0	0.2	0.2
2564746783	2005	22.695454545454545	2.8333051750339138	13.0	6.6
2565220215	2013	2.2846153846153845	1.7756596527733144	10.0	14.8
2566536478	2008	11.728317588843904	2.107493113713544	12.8	10.2
2567668220	2014	0.8857142857142858	1.5831793713019717	3.8	1.8
2568110818	2010	30.53333333333334	3.3818966692803096	3.6	1.6
2569360905	2010	7.8	2.5935291854353486	10.8	1.2
2569637065	2009	11.266666666666667	2.135775868488536	12.0	0.8
2570467540	2006	30.8	2.9952498598164565	0.8	0.4
2571543092	2003	0.0	0.0	1.0	0.6
2572299092	2012	19.125	5.77553197551205	15.4	7.2
2572577206	2013	1.3772826086956522	1.3684476741593314	7.0	11.8
2572753407	2007	0.1	0.057553803363430286	7.0	0.4
2572855291	2012	7.3	4.277138028428506	11.4	4.0
2572966537	2008	13.8	0.4787009397457159	3.8	0.8
2573061670	2004	23.06666666666667	1.4639983925705002	3.4	3.2
2573243793	2010	11.4	0.7053392674139112	0.6	0.4
2574659337	2006	4.9	0.5868961406678834	7.4	2.4
2575498750	2005	13.95142857142857	0.9789595491137735	13.2	8.4
2577624551	2007	6.4	0.39947375160051213	0.8	0.8
2577879507	2007	26.6	3.0731741295333714	2.2	0.6
2578399752	2012	12.883333333333331	4.392591235036713	4.2	1.6
2579594571	2008	7.694285714285714	1.6432357220504852	13.0	6.8
2581456552	2009	6.8	1.7968040244994037	8.0	0.8
2582457136	2003	2.4	0.3650745339100486	0.4	0.4
2582602085	2014	1.0	0.788963963963964	4.6	0.2
2582634567	2003	0.0	0.0	0.0	0.0
2582823888	2008	12.266666666666667	2.3426943076909765	2.4	1.0
2583219095	2012	8.033333333333335	1.7629493916168897	10.4	1.6
2583332178	2009	8.603846153846154	2.225755591935836	16.8	6.0
2583554384	2013	5.1	2.8572967290112365	13.0	3.2
2583711942	2000	0.0	0.0	1.0	0.0
2583840783	2002	0.0	0.0	0.0	0.2
2583978275	2012	2.8	1.3660595168847198	5.8	0.6
2583990910	2005	32.5	3.921226413440831	3.6	1.0
2584951063	2009	3.96	0.9106334669984786	8.4	1.8
2585157491	2007	0.0	0.0	0.0	0.0
2585426535	2011	0.0	0.0	12.0	0.0
2585669862	2012	14.6	5.917142823446325	9.6	2.2
2585796070	2013	3.2333333333333334	2.798581013377281	6.4	5.8
2585832987	2013	4.428493150684932	2.897896139285005	14.4	33.2
2585927258	2011	3.2	0.9405857740585774	8.0	0.2
2586495105	2004	0.4333333333333333	0.17952292110874196	1.6	1.2
2586892900	2011	1.9666666666666663	0.8241619412506778	5.2	1.6
2588988522	2006	26.884615384615387	2.156250899736495	17.8	4.2
2590361030	2011	0.0	0.0	6.0	0.0
2590626426	2010	9.616666666666667	4.238726846756358	10.0	4.2
2593542062	2009	2.689090909090909	2.028917792340229	4.8	7.8
2593610793	2008	18.61047619047619	2.91998206871646	17.6	4.8
2594488950	2010	0.0	0.0	7.0	0.0
2596045860	2000	0.0	0.0	0.0	0.0
2596966651	2012	0.0	0.0	3.0	0.2
2597524415	2008	4.93	2.234249894961919	2.4	2.2
2599026875	2008	17.4	2.1038958013865123	9.6	2.2
2599095413	2008	11.333333333333334	1.244892925928078	3.8	1.2
2599663233	2010	19.225396825396825	4.448731575711906	14.6	8.2
2599933360	2008	2.742857142857143	0.7990177635478373	11.6	3.8
2599974333	2002	0.0	0.0	0.0	0.0
2600321636	2003	0.0	0.0	0.0	0.0
2601428267	2008	10.540000000000001	2.016856302283297	10.2	3.6
2602803908	2013	14.387445887445887	5.432394039495611	18.0	4.6
2603153112	2014	0.0	0.0	9.0	0.0
2603841987	2003	0.0	0.0	1.0	0.0
2604750650	2004	0.0	0.0	15.0	0.0
2605386677	2007	0.0	0.0	3.0	0.0
2606624860	2013	2.1347619047619046	4.229387367266385	11.8	6.2
2606761933	2013	2.3666666666666663	3.155019640169069	9.0	2.8
2607622088	2005	40.6	0.13579881656804732	0.4	0.2
2607921394	2013	3.3666666666666663	2.65424749403246	5.6	1.4
2608156510	2011	0.0	0.0	14.0	0.0
2609137751	2003	2.8	0.2550408719346049	3.0	0.2
2609782886	2014	0.8400000000000001	3.1306554423332624	5.0	2.0
2609889729	2015	0.4	1.0525924354226976	9.0	0.6
2610136632	2003	0.0	0.0	0.0	0.0
2610397620	2009	17.0	3.526191345721039	8.8	1.6
2610449870	2007	8.5	0.8134899524029958	1.8	1.2
2610454923	2002	14.333333333333332	0.9479237735034023	4.0	1.8
2612818936	2002	0.0	0.0	0.0	0.0
2614311846	2008	8.483333333333334	1.9691337480661062	6.8	2.6
2614424582	2008	0.6	0.2249110320284698	5.0	0.2
2615102315	2012	2.1	2.5654235013220803	6.6	1.0
2615199620	2014	0.0	0.0	33.0	0.0
2617145017	2014	0.6666666666666666	0.6192534304422395	26.0	0.6
2617145875	2013	0.0	0.0	21.0	0.0
2617157005	2008	10.3	2.743394966611313	2.4	1.6
2617299861	2008	12.36	0.632645288828274	3.8	3.0
2617352438	2011	6.533333333333334	4.091749555829033	3.8	1.6
2617359486	2014	1.4933333333333334	1.2293218522751688	10.0	2.6
2617477523	2009	7.6	2.395610897422819	7.0	1.0
2618044699	2012	12.433333333333332	4.474081436320406	5.2	2.2
2618341169	2003	0.0	0.0	0.0	0.0
2618792320	2006	47.2	1.5949071231348153	1.6	0.8
2619315278	2014	0.4666666666666667	0.7217969729469129	5.0	0.8
2619327966	2005	0.0	0.0	0.0	0.4
2619763753	2007	256.7888888888889	3.903581676909423	9.2	3.6
2620217620	2004	8.0	1.2076234089380395	1.2	0.8
2620743261	2005	1.1	0.3560345203849222	4.4	0.8
2620912768	2013	1.8444444444444443	1.5464771774324548	5.0	3.0
2620979493	2015	0.0	0.0	19.0	0.0
2621430112	2008	0.0	0.0	1.0	0.0
2623618940	2007	1.1	0.0	1.6	0.8
2623953262	2010	0.0	0.0	3.0	0.0
2624534586	2009	4.4	1.189256038647343	4.8	0.6
2625091181	2005	9.3	2.0441880954097185	2.8	1.2
2625163221	2014	1.3	1.9631368828095048	9.0	1.2
2625380526	2008	14.525	2.116460751482766	7.6	4.8
2626025562	2004	0.0	0.0	0.0	0.0
2627135579	2014	0.0	0.0	6.0	0.0
2628026287	2011	18.216666666666665	4.091047222884863	7.4	3.2
2629046442	2006	10.6	0.0	10.8	0.4
2629758138	2012	0.0	0.0	16.0	0.0
2630323486	2013	0.1	0.75932131495228	11.0	0.4
2633136282	2007	0.0	0.2970314465408805	2.0	0.8
2634692018	2008	2.5515151515151517	0.6084628740550635	4.0	4.8
2635254491	2012	21.557142857142857	8.276408083393346	5.0	2.8
2635277405	2010	0.2	0.10982142857142858	10.0	0.2
2637569646	2007	3.542857142857143	1.7205222199571757	2.0	3.4
2637925846	2004	0.0	0.0	0.0	0.0
2638443532	2008	0.0	0.0	1.0	0.0
2639767613	2008	93.58333333333333	3.7534026738526833	11.4	2.6
2641249074	2010	10.975	2.108645658078675	8.0	2.4
2643372635	2005	13.5	1.4512560547912687	0.8	1.0
2643812006	2002	51.46666666666666	1.4450789956230616	4.8	2.6
2645374424	2014	0.0	0.0	10.0	0.0
2645410941	2000	8.2	0.7438891917898232	3.2	1.2
2645922475	2013	1.9	0.934214028615059	5.8	0.4
2647013095	2012	62.279999999999994	7.173065512797576	20.4	2.0
2647359094	2014	14.2	4.220737059481572	8.6	0.4
2648703612	2003	0.0	0.0	0.0	0.0
2649939361	2014	0.2	0.9231231231231231	7.0	0.2
2649963885	2002	2.88	1.1462385775573476	10.0	1.2
2651029627	2014	0.0	0.0	4.0	0.2
2651831884	2006	0.0	0.0	6.0	0.0
2652397350	2002	9.133333333333335	1.3933215992816912	1.4	1.0
2652834205	2014	1.2	0.6158385093167702	14.0	0.6
2653849141	2010	14.5	0.718170731707317	3.6	1.2
2655940493	2011	0.0	0.0	4.0	0.0
2656454723	2010	28.26868686868687	4.859831091918867	13.2	6.4
2656577137	2012	0.0	0.0	13.0	0.0
2657060330	2012	20.545454545454547	1.1801346568972586	4.8	2.6
2657228645	2009	0.0	0.0	6.0	0.0
2657481909	2011	8.47	0.9653203220868765	5.8	1.8
2661062812	2015	2.8	2.4813595065303686	24.0	1.0
2663520892	2012	0.0	0.0	11.0	0.0
2664069056	2013	0.0	0.0	11.0	0.0
2664875949	2007	0.0	0.0	3.0	0.6
2665688544	2009	8.057142857142857	2.0775159365045246	12.0	5.0
2666000811	2007	7.066666666666667	0.6449520243702744	9.2	4.0
2666810207	2012	8.6	1.2690086795291229	4.6	0.8
2667190869	2009	9.2	0.4830594339757555	10.0	0.8
2668851114	2002	24.8	1.442106250903	11.8	2.4
2669455673	2010	8.1	1.9700541816067338	5.8	2.4
2669630631	2013	5.954285714285715	4.118701181633198	9.0	4.2
2670541404	2006	0.0	0.0	7.0	0.0
2672612038	2004	4.7	0.44262937859675233	3.0	0.8
2672741848	2008	10.1	1.5589237834269394	2.8	0.6
2672872526	2009	1.4333333333333331	0.4605621658906708	3.0	4.4
2674239164	2014	0.2	0.3059081621339078	1.0	0.8
2674843675	2005	0.0	0.0	0.0	0.0
2681477211	2009	12.0	0.7195167883139776	14.8	0.6
2682361799	2000	0.0	0.0	0.0	0.0
2683236842	2011	16.0	3.7229011652889845	6.6	1.4
2684097888	2014	0.2	0.8702908587257617	7.0	0.2
2684446373	2014	5.6	2.5830854958445277	13.0	1.0
2685000871	2002	8.8	0.31411220358588776	1.0	0.2
2685909078	2010	24.29523809523809	5.080473432540658	5.4	3.8
2686917406	2014	0.0	0.0	2.0	0.0
2687212611	2010	0.0	0.0	8.0	0.0
2688455705	2004	0.0	0.0	0.0	0.0
2690184982	2013	0.0	0.0	6.0	0.0
2691119769	2010	0.0	0.0	2.0	0.0
2691761383	2010	3.7	0.5975727585320307	2.8	0.6
2693722088	2001	0.0	0.0	0.0	0.0
2695103898	2009	2.0523809523809526	1.333987350472164	3.8	6.0
2695140909	2013	3.2	2.616893621522714	20.0	4.0
2695156146	2013	0.0	0.0	5.0	0.0
2696719243	2012	1.6	0.20190779014308421	3.0	0.2
2696778657	2009	0.0	0.0	0.0	0.0
2697861289	2008	2.8	0.4533223049352082	2.2	0.2
2698923267	2010	0.0	0.0	11.0	0.0
2703892096	2008	144.66666666666669	4.106038235438985	7.0	1.4
2704079037	2014	0.0	1.0097560975609756	12.0	0.2
2704480455	2002	4.133333333333334	0.7187777396768052	1.2	1.0
2706688620	2006	15.383333333333331	0.5821177921433469	6.2	1.4
2707215890	2006	27.866666666666667	3.0956535473751794	7.4	2.4
2709438096	2003	58.72571428571429	1.112053737925895	13.4	3.4
2709743151	2004	87.76666666666667	3.73408422004276	9.0	1.8
2714818106	2004	18.8	1.4725569901208957	1.8	0.8
2724872233	2007	10.0	0.9928711024394428	2.6	0.8
2731373980	2010	9.566666666666666	2.177630282068853	5.2	1.6
2735341471	2005	0.0	0.0	1.0	0.0
2735931832	2014	11.511111111111111	1.4534570860201026	5.4	3.2
2736152990	2002	4.533333333333333	0.4726030386861658	2.0	1.2
2747018825	2012	0.0	0.0	9.0	0.0
2747122479	2013	0.06666666666666667	0.5502881089575694	1.0	0.8
2749112847	2008	0.13333333333333333	0.16714285714285715	3.0	0.8
2750229706	2009	57.94777777777777	7.2033395305954855	7.2	5.0
2752021877	2010	0.0	0.0	12.0	0.0
2761242835	2013	0.6	0.5201451364337019	5.8	0.4
2761594101	2011	6.0	3.0588074085668224	3.6	0.8
2763403883	2002	0.0	0.0	5.0	0.0
2768145722	2015	0.0	0.0	3.0	0.6
2776609185	2010	0.0	0.0	3.0	0.0
2776741894	2012	0.0	0.0	4.0	0.0
2777267753	2014	0.0	0.0	13.0	0.0
2777969829	2010	0.0	0.0	16.0	0.0
2778124847	2004	2.4685714285714284	0.6940736983289306	3.0	2.8
2778389430	2004	25.1	0.8205629393306187	3.2	1.0
2778429779	2012	0.0	0.0	7.0	0.0
2778901814	2010	11.6	1.4140837836575915	3.2	1.0
2780817638	2015	0.2033333333333333	0.43554855342308796	2.0	5.6
2780914239	2006	9.213333333333333	1.2616183636882885	5.6	3.6
2781286171	2015	0.0	0.2493400091033227	4.0	0.2
