3923682	cai yangjian	0.8812030075199999	0.0	27.0	8.6
3923682	cao yongluo	1.766666666666	0.6801504582755044	8.0	1.4
3923682	chen hong	12.235555555542	3.273091820703976	15.2	8.4
3923682	feng yan	5.079532163752001	0.0	34.6	8.4
3923682	zhiyuan zhong	30.604086337644002	6.2043294786686936	52.2	19.2
4610292	huang yunqing	11.285	1.0876463849539655	13.4	6.6
4610292	yichun zhou	7.42086580087	0.9110094987052048	10.2	10.6
4800084	ping wang	0.39454191033040004	0.0	5.8	13.6
5740404	chunshui yu	3.6231090748410004	0.0	29.0	17.6
5740404	jie yang	7.767142857142	2.8378777816255916	12.2	6.4
5740404	ning zhang	14.783636363636	4.165358983969716	22.0	10.6
9086337	bingshe xu	13.26666666666	0.4694022916823458	6.2	2.6
9086337	dong jinxiang	13.208205128200001	2.791622333589028	13.6	9.6
9086337	liang weiguo	2.233333333334	1.5477775522529622	7.2	3.0
9224756	huang min	0.0	0.0	3.0	0.2
9224756	jianhua wang	14.2	1.6593440676528668	1.0	0.4
9224756	liang zuo	0.0	0.0	0.0	0.0
9224756	sun xudong	0.0	0.0	0.0	0.0
9224756	wang xingwei	0.5	0.47372431747818755	3.0	0.6
9842412	wang zaihua	8.233333333333999	0.859344281636561	7.2	2.2
9916479	cao feng	4.36118881119	2.708810785214752	28.8	12.6
9916479	han hua	29.194139194145997	3.297257487754009	14.0	8.0
9916479	huang xi	0.6	0.0	1.8	0.6
9916479	ling tao	5.6321428571428	2.9962169886211685	23.6	13.2
12411659	gao xiumei	9.284715778468	2.3185150726648667	24.2	24.4
16609230	guilin wen	9.804871794872401	1.9439672320127983	12.0	8.4
16609230	he yan	7.916666666660001	0.0	24.8	5.4
16609230	he yigang	2.868074534162	0.5975375128408084	14.0	10.4
16609230	jiang jianhui	23.230890115580003	4.20366630999785	49.6	22.4
16609230	shuangchun wen	26.711922166536	2.0172250874722506	26.8	27.2
16609230	xiaobing zhang	15.788308702792	4.696677378230567	45.0	21.2
16609230	何怡刚	0.4	0.05254403131115461	0.8	0.2
17145004	chen jingdong	0.5411111111106599	0.0	17.0	11.0
17145004	hejun li	25.029999999999994	1.1386757786944375	20.0	18.2
17145004	xiaopeng zhao	14.137138188602	0.9158148266217292	11.4	11.0
19820366	ai yinshuang	9.9	2.3999320797980155	9.8	1.0
19820366	aihui zhou	12.175238095232	0.857670971530909	13.0	7.0
19820366	an taicheng	3.958333333332	0.0	37.0	16.2
19820366	andong xia	17.75	2.31220905279737	19.0	5.6
19820366	bai fengyan	20.90277777778	3.2351871320211294	16.4	4.6
19820366	bai haiyang	0.0	0.0	2.0	0.0
19820366	bai xuedong	68.25774078859999	4.0602142128737535	36.2	11.4
19820366	bai yongfei	27.658852258859998	3.552670509521218	22.0	9.0
19820366	bai zhongzhi	55.8	0.8102597806025624	30.6	6.4
19820366	baifei shen	3.17273755656	1.7086155306780266	13.0	11.8
19820366	baiqing xu	25.347582972576	3.000329958814869	22.8	10.6
19820366	bao lan	58.05	7.420025053907866	12.2	2.4
19820366	bao yang	8.025151515154	2.8061209909062166	43.0	13.6
19820366	baochun huang	73.1733333334	2.3562225282676463	16.0	3.6
19820366	baolong shen	6.2752380952380005	1.2214053749443878	13.4	6.4
19820366	baonian wan	3.7396153846159996	0.4658128115579016	11.0	7.6
19820366	baozhu guo	0.7	0.0	1.4	0.6
19820366	beiying wu	0.8	0.21298041818785265	1.8	0.6
19820366	benzhan zhu	7.207142857142	3.8035108789483116	13.0	8.2
19820366	bing cheng	0.6	0.10464716006884682	0.2	0.2
19820366	bing zhu	2.0	0.0	7.0	1.0
19820366	bingsong zou	0.0	0.0	0.0	0.0
19820366	binyong sun	0.6599999999999999	0.0	9.0	1.4
19820366	bixian mai	53.21627050484	2.4426544167700563	44.2	19.4
19820366	boqiang qin	33.7967945439	1.6635634272538238	31.2	16.8
19820366	cai chunfang	15.64833333334	2.0584657386254532	18.4	4.6
19820366	cai ronggen	51.78892284188	2.5858394510089076	29.6	12.8
19820366	cai shuqun	8.671428571436	1.9876509663880477	13.6	4.6
19820366	cai xinxia	3.7817460317459997	2.53285155625745	10.8	11.4
19820366	cai zucong	39.7	1.6433368594194309	20.0	7.6
19820366	caidian lu	0.0	0.0	0.0	0.0
19820366	canzhong lu	20.4780814215	1.5216320547946265	26.6	16.6
19820366	cao daomin	18.15	0.7624262125901519	15.2	3.4
19820366	cao hongbin	4.730861244024	0.0	23.8	21.6
19820366	cao jun	4.36	1.3537274627048703	6.6	1.6
19820366	cao juncheng	1.9133333333334002	0.24588232369330396	3.2	2.8
19820366	cao junji	29.21371495308	2.51881715823105	39.0	25.0
19820366	cao rong	23.857432712219996	1.3144206900607327	35.2	17.2
19820366	cao xinwu	12.94428571428	3.237478054930871	13.2	4.8
19820366	cao xueqiang	17.71411027568	1.8699873028693719	29.8	16.0
19820366	ceshi chen	0.0	0.0	1.0	0.0
19820366	chang chen	21.14	3.998518417924065	19.0	6.0
19820366	chang jin	9.07666666666	1.9257670642933764	6.6	5.2
19820366	chang kai	14.678968253963998	1.8204445085220964	16.4	8.6
19820366	changchun song	6.5896605149220004	2.7047150274534344	20.0	12.0
19820366	changhe zhou	4.293968253969999	1.0941117668190932	10.0	13.6
19820366	changqing zeng	551.0166666666	3.496889193571745	9.4	4.4
19820366	changsheng xu	9.67320261438	2.2208027716193532	33.4	23.6
19820366	changsheng zhang	15.49855699856	4.242561175813174	21.4	9.2
19820366	changyin zhao	2.3642857142858	1.073592264324717	4.6	5.8
19820366	changzhi gu	18.755047233470002	2.71199098763536	27.6	20.2
19820366	chao shen	1.4	0.09464285714285714	0.6	0.2
19820366	chaozhong li	16.90714285714	1.4831617826185526	11.8	5.6
19820366	chen chuanfeng	24.75564102564	2.3943566965649836	34.8	16.0
19820366	chen dahua	28.76666666668	9.177345006843625	12.8	3.2
19820366	chen duofu	17.35833333332	1.663832001083931	12.8	5.2
19820366	chen fan	12.292380952380201	4.588948418462149	25.6	4.0
19820366	chen hangrong	20.568456947998	7.135919027330184	45.4	20.0
19820366	chen jijun	8.079755799766	1.8946476205522778	22.4	13.6
19820366	chen liding	14.579553779529999	1.8703448192964385	34.0	13.8
19820366	chen lidong	21.437693707259996	1.1563464475506082	24.6	25.0
19820366	chen ming	26.78	1.4706410582069944	9.0	3.4
19820366	chen mingsheng	116.4	3.1983557518528993	8.2	2.0
19820366	chen ping	10.5749805749834	2.7808317709575237	27.4	27.2
19820366	chen shaohua	8.382698412704	2.2643449461713816	23.0	13.6
19820366	chen shu	1.3810256410253998	0.0	18.0	8.2
19820366	chen wang	15.17337750485	1.7027169003549054	24.8	27.8
19820366	chen xiaoshuang	5.474417429838001	1.4775024916281256	21.8	28.4
19820366	chen xiaosong	1.9	0.34768746027090147	3.8	0.8
19820366	chen xilin	18.51510989012	2.7723611534534895	37.8	22.4
19820366	chen xinwen	14.11444444444	2.169788292407226	16.0	5.2
19820366	chen xuesi	52.8937728938	2.1945285239337373	49.4	37.8
19820366	chen xueyuan	19.03506493506	6.159672869278299	37.4	11.6
19820366	chen yanjing	62.08	0.9489842843315959	5.4	2.0
19820366	chen yaofeng	5.2299999999999995	4.257919506941443	22.0	4.6
19820366	chen yonghai	6.598336304209999	1.301033400775917	11.0	12.8
19820366	chen yongming	20.57636363635	2.43714883090545	27.6	9.6
19820366	chen zhiming	27.05714285714	0.6339314534667085	10.0	3.2
19820366	chen zhongning	23.534945054959998	2.1171240996596667	28.2	13.4
19820366	cheng jiangong	4.201666666667999	3.1816535525596548	16.0	4.6
19820366	cheng li	8.239643493753999	2.760814971200336	24.4	18.8
19820366	cheng zhaohua	15.817564102566	1.156124475903877	19.4	12.2
19820366	cheng zhukuan	54.58251082252	4.18409721861368	15.6	8.0
19820366	chengcai chu	49.35214285714	4.8887046225742	29.8	9.6
19820366	chenglong deng	16.4619047619	2.026828707054401	24.8	6.8
19820366	chengshu wang	14.63888888888	4.214801665901214	28.8	10.2
19820366	chenqi xu	6.59333333334	0.0	14.0	2.0
19820366	chenzhu wang	17.116666666674	2.4998844534581104	17.8	3.6
19820366	chong kang	57.227817672540006	3.973108388211034	28.4	10.8
19820366	chonglin yang	6.3	4.939230297774745	8.8	1.4
19820366	chongxin shan	2.6533333333334	0.0	23.0	5.8
19820366	chuanjie zhu	6.8	0.41854140914709526	13.0	0.8
19820366	chuanyong jing	4.389898989894	0.0	22.0	7.4
19820366	chuanyou li	57.9	3.1226594902378833	12.0	3.4
19820366	chun hu	13.443636363640001	3.6719003890067854	38.0	8.8
19820366	chun tang	22.221666666660003	5.536933259664254	12.0	7.4
19820366	chungu xia	21.488667434720004	1.7509917348019848	35.8	31.8
19820366	chunhai fan	88.67851651643998	4.3800733395823865	47.0	27.0
19820366	chunming liu	52.74242424244001	4.267671633151608	15.0	4.6
19820366	chunming wu	12.042857142858	3.6146564574728117	13.0	4.6
19820366	chunru wang	32.63203463204	2.0162499364121436	15.8	9.0
19820366	chunyang li	38.383116883119996	2.0833295686821	27.8	8.6
19820366	chunyang zhang	12.644444444458	5.24720542251931	29.0	8.2
19820366	congming lu	44.27950980392	4.360451309370509	30.8	7.6
19820366	congqiang liu	8.436507936518002	0.4931672370752166	8.4	6.8
19820366	cui guizhen	2.1	0.4837292801842663	5.0	1.2
19820366	cuihong yang	13.96666666666	2.227490583174339	8.8	2.8
19820366	cunde xiao	1.1583333333334	0.0	17.0	4.4
19820366	dai ning	6.103636363635999	1.3850013336428186	8.2	8.6
19820366	dai xi	28.667909933194	3.7782114117374777	34.6	26.4
19820366	dai yucheng	46.039682539750004	1.035882941032779	7.2	5.6
19820366	dai yuhong	10.596666666666	1.4417697735136508	24.6	6.6
19820366	dali guo	14.822727272726002	3.7128520954865607	14.2	7.0
19820366	dan wang	20.139207317074	4.450701411579823	44.2	30.6
19820366	degang zhao	5.091428571428	1.2611827540164946	13.0	11.2
19820366	dehua wang	12.951904761906002	1.9120222886227325	21.4	8.8
19820366	dejin wu	0.8	0.1078234984804328	2.0	0.8
19820366	deng feng	32.19204417576	1.838778851865488	27.2	21.4
19820366	deng hongyu	1.55	2.072349024571082	16.0	1.8
19820366	deng xiangzheng	7.953174603162	1.8140260660992216	26.2	23.4
19820366	deng youquan	35.99301587302	1.4598611817253968	28.4	12.4
19820366	deqing zhang	28.4206755853	1.6327456710149817	28.2	23.8
19820366	ding jianping	24.15	2.6166081640904033	3.8	1.8
19820366	ding ke	2.661538461538	0.0	27.0	8.4
19820366	ding lin	55.09444444446001	2.2811238814417667	31.4	10.2
19820366	ding weixin	18.64166666668	1.7299164360269583	19.2	3.6
19820366	ding yuqiang	11.96666666666	3.268419094998633	5.4	2.8
19820366	dong xie	33.92615384616	4.1528866321706515	21.4	8.2
19820366	dongfeng xue	21.355491331348	3.471842608238224	23.6	20.8
19820366	dongge ma	40.62632060922	1.8040324163768666	28.6	30.6
19820366	dongmei zhou	17.317508685396	3.2411864369237433	34.4	23.4
19820366	dongsheng wang	10.347986049762	2.5324464982450605	33.2	21.4
19820366	dongxiao wang	19.628699813239997	1.5995013208380535	21.2	13.0
19820366	du jiulin	15.614285714282	6.206190218536502	16.8	5.2
19820366	du shixuan	6.557676767676	4.66267639188261	31.8	15.0
19820366	duan zhenhao	64.63301587302001	1.869165364072249	11.4	6.2
19820366	dujin wang	12.42340113688	3.1103643603902196	29.4	19.8
19820366	ercang luo	8.620000000000001	0.8817054336066186	13.4	2.8
19820366	fajun nan	20.34837662337	3.123189444697044	20.4	10.2
19820366	fan hongrui	14.930000000000001	0.8735134758594892	13.8	3.2
19820366	fan ke	4.7499999999939995	2.5281162363594234	17.0	4.4
19820366	fan ying	25.29	2.520013210909518	27.6	7.2
19820366	fan yizhong	2.0785	0.0	22.0	9.6
19820366	fang haiping	21.896865079360005	3.141181676828829	20.8	11.2
19820366	fei wang	17.282460188892	3.0570228948982865	36.6	52.8
19820366	fei xu	4.0	0.22334217506631301	2.8	0.4
19820366	feimeng zhou	8.3	0.24524312896405923	1.6	0.4
19820366	feimin huang	12.202380952372	1.0324153628303752	10.2	4.6
19820366	feiyue wang	27.059020979019998	0.5412583540712577	16.6	20.6
19820366	feng huang	23.84340983532	2.407933363697439	20.6	15.8
19820366	feng longlong	7.73492063492	2.1982657495657754	12.6	10.0
19820366	feng qi	54.0653250774	3.398828841849176	28.2	14.8
19820366	feng songlin	16.751484593834	1.063447479970972	10.2	13.2
19820366	feng xinbin	35.01559897828	2.9433234921319733	45.0	26.0
19820366	feng yuan	21.3257142857	3.580695090237896	17.6	9.2
19820366	feng zhou	15.649899682720001	4.155470983403147	51.8	37.8
19820366	fengchang wu	27.56607142858	1.4921728232408176	19.0	11.8
19820366	fenghua li	15.191414141420001	3.1418972315488736	28.6	15.8
19820366	fengqi liu	3.4388888888879996	0.8604503639372535	11.6	6.0
19820366	fengtang yang	22.2	0.1	2.8	0.6
19820366	fu gao	3.8	0.5194133229954125	1.0	0.8
19820366	fu liyun	2.365476190476	0.7571362084678059	10.0	6.0
19820366	fu xiangdong	79.3	4.758366130946311	9.0	2.8
19820366	fucheng zhang	17.4	2.2308202199811618	32.0	0.6
19820366	fumin lei	23.499743589759998	3.3654639411119645	25.2	13.4
19820366	fuqiang huang	27.728569670248	5.029700569612283	45.0	33.4
19820366	fuyuan wu	121.74523809526002	2.0075564993858706	33.4	15.4
19820366	fuzhou gong	6.0	0.38945431915795414	5.2	0.6
19820366	gan zhang	17.444836847728	3.484392226159037	54.8	35.8
19820366	gan zhihua	11.200000000006	2.6947845986179635	20.0	4.6
19820366	gang huang	4.367001114836	0.0	24.8	16.2
19820366	gang qin	1.15	0.19643493761140818	3.0	1.0
19820366	gang su	25.392539682548	1.8606524370389341	18.6	7.6
19820366	gang zhao	15.389372822304	1.3875043124757604	25.6	31.8
19820366	gangjian wei	26.307272727199397	2.2071347752135133	28.8	9.8
19820366	ganlin zhang	30.854285714280003	1.80610816229484	14.4	5.6
19820366	gao guangxia	50.66666666666	3.8678848683505764	7.8	1.6
19820366	gao hongjun	23.397786935280003	1.4606448003714692	19.6	19.4
19820366	gao jie	1.75	0.44553846153846166	3.6	3.4
19820366	gao jun	27.87038961038	4.891196991186296	29.2	9.2
19820366	gao mingyuan	126.27952380960001	2.3481324509296138	15.6	5.0
19820366	gao xueyun	0.0	0.0	5.0	0.2
19820366	gao yu	25.248290598283997	3.082507126268298	11.0	9.6
19820366	ge maofa	18.992780027014	2.5782446579519385	21.0	16.8
19820366	ge wei	7.001372701366	2.38818652278787	29.0	14.4
19820366	gehui wang	11.075555555566002	3.5900760516854313	22.8	7.0
19820366	geng yanhou	36.04444444446	2.8372360551496545	28.4	16.4
19820366	geng yong	8.617948717946	2.4274424717812844	38.0	4.6
19820366	genxu wang	12.420000000006	2.0483881619067974	18.6	6.2
19820366	gexia qiao	5.287179487177999	2.037186583038395	12.2	12.2
19820366	gong jiming	18.116666666660002	4.236241070998952	12.0	2.0
19820366	gongli tang	32.91666666668	2.5480625179782415	8.2	2.6
19820366	gu hui	4.36	1.4979782211951689	9.8	2.6
19820366	guangbiao zhou	2.395	0.0	21.0	4.6
19820366	guanghui rao	11.4	1.0692653113765096	11.4	1.6
19820366	guangshe li	22.43904401154	4.13604907181021	39.4	16.8
19820366	guangsheng zhou	20.73850427352	1.9154038694220166	24.0	13.8
19820366	guangyu zhang	9.448555116372	5.994337895810405	29.8	17.2
19820366	gui yu	47.56569070648	5.228913388429408	52.4	30.8
19820366	guo guocong	24.92507936508	1.4413175552932598	23.0	21.6
19820366	guo huishan	51.4238095238	4.066863137235561	10.6	3.6
19820366	guo jiandong	4.811904761906	4.365204860991402	11.2	10.2
19820366	guo lianghong	19.176515151502002	2.9193787490607503	23.0	9.8
19820366	guo yuewei	13.620150375948	0.6424993714693318	10.8	8.8
19820366	guo yuguo	43.06288786484	7.799098342407072	63.6	26.8
19820366	guo zhancheng	6.577142857142	1.0064546481114245	5.8	4.4
19820366	guohua zou	19.2	1.080839582218295	8.8	4.4
19820366	guoliang xu	35.185	0.8229196865131211	12.8	6.2
19820366	guosheng liu	17.698283272276	5.248021527450912	33.8	15.4
19820366	guowei he	8.342857142858	1.279770852135511	6.2	4.2
19820366	guowen meng	22.97818181818	2.5043430023710256	25.2	7.8
19820366	guoyi zhou	22.336405228759997	1.991801896012427	28.8	13.0
19820366	haibin wang	13.10228070176	3.634603562429669	27.2	9.4
19820366	haibin wu	11.35047619048	3.4416309669054206	17.8	4.4
19820366	haibin yu	8.03926767676	0.9092967654889808	11.4	9.4
19820366	haifeng zhang	11.606232492994	1.6504603750302191	16.8	13.4
19820366	haijun zhou	4.465686274510399	2.3892415761860164	15.0	12.2
19820366	hailin wang	19.79571428572	4.687608361247706	26.0	14.0
19820366	hairong zheng	4.064764694765401	2.9974607287898953	20.6	41.2
19820366	han jinlin	0.2	0.024031606575493854	1.0	0.6
19820366	han xiufeng	6.147769423560001	1.0570640323356026	11.8	17.4
19820366	han yanchun	72.7979081134	1.5378066315397934	21.6	19.8
19820366	hansheng wang	6.106666666665999	1.4473110998705372	10.0	4.6
19820366	hao zhengping	33.308730158740005	2.7032439969130264	33.8	19.0
19820366	he hong	39.7623534888	1.8425418512789917	30.2	23.6
19820366	he hongping	21.53219392374	1.6761084932902044	39.8	33.2
19820366	he huaiyu	1.845	0.0	19.0	4.2
19820366	he jizheng	24.48555555556	2.7943824644480713	36.0	14.2
19820366	he shenggui	7.728392440898	4.033350009877991	30.0	13.0
19820366	he shunping	23.19194139194	1.233579340069633	10.8	7.0
19820366	he yuan	0.18333333333319998	0.0	5.0	6.0
19820366	he zuhua	20.483333333334	1.2405188978947193	3.6	3.4
19820366	hong li	9.806892927826599	4.7974637136418	62.4	46.6
19820366	hong liao	35.55555555554	2.9027222218741806	14.8	4.8
19820366	hong wu	7.048380566810001	4.1135910845656625	26.4	13.0
19820366	hong yiguang	56.09884364002001	1.14729485593239	15.0	12.0
19820366	hong zhang	5.9152099260416	3.3624009161117447	44.4	78.6
19820366	hong zhong	3.0482539682532	0.0	24.0	4.6
19820366	hongbin ji	12.7624242424234	4.771708207370763	31.0	9.0
19820366	hongbo li	10.996327985734	2.7034766497467784	18.2	10.4
19820366	hongmei su	2.35	0.0	12.0	2.4
19820366	hongmei wang	11.4936868686864	4.186383458667025	22.2	10.0
19820366	hongqing ling	73.94	3.5237447568766216	11.6	3.4
19820366	hongwei xue	58.60666666659999	4.462684397962194	13.6	4.8
19820366	hongwei zhao	5.602380952386	0.6967833737268408	4.6	6.0
19820366	hongzhi kong	22.06666666668	3.7104808608339725	18.0	3.0
19820366	hou jianhui	40.7497049247	7.755168695708443	55.2	30.0
19820366	hou shugui	19.432142857146	2.509454944141872	18.2	5.0
19820366	hou zengguang	5.8927206856542	2.28348729486286	29.8	32.2
19820366	houyuan lu	52.5	2.4125964764364816	18.6	3.0
19820366	hu jinbo	24.99729102166	2.3705211676087954	30.0	18.4
19820366	hu lihong	8.562941176464	1.681359689859224	24.0	18.2
19820366	hu wei	3.3380952380946	1.998375418912125	29.0	10.8
19820366	hu weiming	15.227468409584	2.12791324785003	33.6	25.2
19820366	hu weiwu	4.965384615384	0.18282254763029443	9.0	6.4
19820366	hu youhong	5.050000000008	2.9171593235240136	17.0	8.2
19820366	hu zhihong	56.8977777778	2.126119022970861	11.8	5.0
19820366	hua jiang	14.938333333334	4.506689778570299	34.4	6.2
19820366	hua xiang	18.81428571428	3.7307333098854265	17.2	5.4
19820366	hualin wang	7.373128342246	2.806749654539717	22.8	10.6
19820366	huang mingdong	15.783333333334	2.9079042499912804	12.8	7.8
19820366	huang qingming	8.869288424834	2.046111071089828	32.8	26.8
19820366	huang shanjin	15.066666666666	5.940283906480681	17.2	3.4
19820366	huang xun	4.2666666666593995	3.916893425270093	21.0	4.8
19820366	huang yongping	18.68999999998	3.4210208783099696	21.2	7.0
19820366	huang yongzhen	8.689166666666	1.3017543414163393	13.0	12.4
19820366	huayun xiao	1.026666666666	0.0	12.0	4.2
19820366	hui lijian	15.321269841268	6.668954600128293	19.6	6.2
19820366	hui wang	9.61605364392	3.211434073867887	50.8	101.6
19820366	huijuan liu	12.308422719786	4.765017120780435	40.6	31.0
19820366	huijun wang	24.08222222222	0.7539013084896433	15.8	9.6
19820366	huimin ma	28.35549019608	2.373377204217133	17.6	8.2
19820366	huiru tang	36.65528074866	3.5758835178984762	33.2	12.4
19820366	hushan xu	4.753030303028	0.8509085298863612	13.2	10.2
19820366	ji shen	21.85094017094	1.571566039824482	23.6	13.0
19820366	ji yang	10.022692307700002	1.9971559541777721	13.2	10.2
19820366	jia li	7.877638372241999	2.9952076477130243	35.8	73.6
19820366	jia yongfeng	15.216666666680002	2.5215596501624895	17.0	3.2
19820366	jiajia liu	6.093333333334	3.423658976730409	8.8	2.4
19820366	jian zhang	25.95775089606	1.9061931710158113	41.2	55.0
19820366	jiang liu	1.881212121212	0.0	14.8	8.2
19820366	jiang taijiao	15.130555555556	5.841653837792377	11.8	5.8
19820366	jiang tao	13.82735588972	3.4384350296687147	42.4	18.2
19820366	jiang wan	26.77647058824	1.3184854307575873	18.4	7.8
19820366	jiang wei	15.81505847954	2.6180297462060977	28.0	24.4
19820366	jiang xin	15.9211904762	1.5323445134435802	16.4	11.4
19820366	jiang yueming	36.03434553776	1.536203610034725	42.8	26.8
19820366	jiang zhao	5.292380952379999	2.2913681721528563	13.2	5.2
19820366	jiang zhu	13.14464285714	1.0002193294163582	13.0	10.2
19820366	jianggao mao	15.26649477972	2.1727748667009115	38.4	20.6
19820366	jianghua sun	17.488888888880002	1.5633187410234872	14.6	6.6
19820366	jianhua ju	6.1961538461538	0.0	25.0	5.2
19820366	jianhua tao	0.886086956522	0.0	14.0	10.0
19820366	jianlin luo	5.316666666666	3.475885477048796	11.6	3.6
19820366	jianmin wang	33.83666666666	1.7984234815952014	7.0	2.8
19820366	jianmin yue	17.48092105264	0.8851582364289072	12.8	9.4
19820366	jianqi li	18.702380952374	1.0246245650196992	9.4	5.2
19820366	jianqiu wang	15.828571428572001	2.4230338994690106	20.4	7.6
19820366	jiansheng liu	1.1	0.0	13.0	5.8
19820366	jianyuan sun	6.2	0.616849315068493	0.2	0.4
19820366	jiaojun zhu	7.016774891776	1.6232431402765446	15.6	8.4
19820366	jiawei zhou	15.833333333339999	3.185089977755507	16.0	2.6
19820366	jiawen xia	0.6	0.0	0.2	2.0
19820366	jifeng liu	1.0080808080800001	0.0	18.0	4.8
19820366	jifeng xu	110.02000000000001	2.10638896753333	20.8	2.6
19820366	jimin sun	73.08333333334	2.379153717365205	22.2	3.8
19820366	jin kuijuan	12.923957219253998	1.8452659580345763	21.4	16.6
19820366	jin zhangdong	6.5330494505432	2.552107769363989	22.4	13.2
19820366	jin zhi	3.403208020052	0.39739339718458966	13.4	14.6
19820366	jinbao song	1.08	0.3665501615070207	6.0	6.4
19820366	jing liu	12.101977687620002	1.0706639024366091	27.2	34.8
19820366	jing yipeng	0.0	0.004301075268817205	0.0	0.2
19820366	jingbo li	37.59060150376	2.863976874068416	23.6	18.6
19820366	jingfu liu	29.52101449274	4.0340130937416765	41.0	14.0
19820366	jinggen liu	14.53333333334	1.7806362938669693	2.6	3.0
19820366	jingsong ren	0.0	0.0	0.0	0.0
19820366	jinhu lu	15.569373219374	1.6739010154078653	45.4	20.0
19820366	jinhui yang	38.729670329659996	2.8734914240274483	46.4	9.6
19820366	jinqiu zhou	0.0	0.0	0.0	0.0
19820366	jinshui wu	10.0	0.1843137254901961	4.2	0.4
19820366	jinsong li	22.506853146847998	5.96535672960488	20.8	8.8
19820366	jinsong zhang	8.4427272727206	1.7498616773938096	13.8	6.4
19820366	jinxia wang	10.396825396813998	1.6672681679685781	23.2	5.8
19820366	jiping liu	7.779999999999999	1.3748322300712759	11.0	2.4
19820366	jirong sun	16.540178571434	1.5256423735089617	21.8	13.8
19820366	jiuhong kang	78.53333333340001	7.191517432447651	7.6	1.4
19820366	juan lin	0.0	0.0	0.0	0.0
19820366	jule xiao	1.4	0.0	0.2	0.2
19820366	jun lin	47.34482700272	1.43944213118596	27.0	16.2
19820366	jun wu	6.650394736848	2.3760785900853083	21.8	16.2
19820366	jun xu	10.781038259982	1.3765544551955406	28.4	61.4
19820366	jun yang	2.86786139557062	0.0	51.0	62.0
19820366	kaiyou wang	2.1333333333326	3.839897254939617	2.0	1.6
19820366	kang shichang	11.0049018723264	2.9482324351397446	42.8	40.6
19820366	kang yuehu	1.1	0.0	0.6	0.6
19820366	ke lan	1.89	0.0	20.0	4.6
19820366	ke xia	7.1	0.9492439730953433	10.4	1.8
19820366	ke xu	2.7848748473754	2.105333443506165	21.0	21.6
19820366	kedong yin	10.040000000000001	0.676704285340391	3.4	2.2
19820366	kong ping	0.6	0.30163934426229505	4.0	0.2
19820366	laigeng li	14.71666666666	2.46068570598241	10.0	1.6
19820366	lean yu	9.725	0.9466339019519581	23.8	2.2
19820366	lehui lu	86.48190476194	7.903640780178878	37.4	7.8
19820366	lei xiao	13.26	1.9493215089041716	14.8	1.8
19820366	li lin	36.663333333340006	2.562220887591976	26.0	14.0
19820366	li liu	14.042212531008	1.492757692387586	27.0	30.2
19820366	li niu	14.726814814826	5.205113750070388	48.8	20.0
19820366	li sheng	30.987514900515997	3.4825622451649236	28.8	19.0
19820366	li shuqiang	2.7399999999999998	1.0920640293110995	8.6	3.2
19820366	li shushen	15.1768315508	1.236874261116804	17.8	16.4
19820366	li wang	20.250594620319998	1.3652101686795928	24.0	30.8
19820366	li weixue	0.8	1.3738925141042677	3.2	0.4
19820366	li xiaofan	1.0	0.43837150127226476	1.4	0.6
19820366	li xin	18.48591365746	2.553391312694063	41.2	35.8
19820366	li xinqi	8.853333333334	1.3160598920805957	11.4	4.8
19820366	li xinrong	26.52987012986	2.1571429410379728	24.8	6.6
19820366	li xinxin	10.931115711999999	2.0020272444550495	22.4	22.4
19820366	li xuelong	29.286975117679994	2.8271278033870915	53.2	55.0
19820366	li yaping	39.66204201928	5.166535497240177	29.6	20.6
19820366	li yongqing	2.433333333334	0.0	10.0	3.2
19820366	li yongwang	22.747359307340002	1.9522599082875676	40.6	24.2
19820366	li yuesheng	22.527704678360003	2.198402038863118	26.6	15.2
19820366	li yunhai	6.116666666666	0.0	20.0	3.6
19820366	li yutong	5.078039215687999	1.4405364968974226	15.0	11.6
19820366	li zhanting	19.97777777776	1.4761019023053972	16.6	7.0
19820366	li zhaoliang	21.796103896105798	1.8744056360253907	11.2	7.6
19820366	li zhibo	13.706666666659999	4.785646564708793	29.6	12.2
19820366	liang xinmiao	8.2	1.1381416504223523	2.8	0.4
19820366	libo liu	20.017272727276	2.196068694041597	30.4	21.6
19820366	lide tian	13.097380952379998	2.5198620286703775	23.4	7.2
19820366	lijun wan	32.31350039182	1.3896420417306317	23.4	30.0
19820366	lijun wu	11.425946275962	0.9929541833300595	9.4	6.8
19820366	lin rongcheng	6.518095238094	4.784381326224249	14.6	4.0
19820366	lin wei	7.298832244005601	3.1809363034397817	37.0	18.6
19820366	lin yangting	9.809999999999999	1.986292162256413	6.8	4.4
19820366	lin zhang	17.838433304362	3.6717777933925255	35.6	24.6
19820366	linsheng song	18.03102869352	2.779168085418104	37.2	19.8
19820366	linxiu zhang	33.83333333334	0.5563007652778064	16.0	2.8
19820366	liu ming	15.232670895004	1.9706076561035009	31.2	62.4
19820366	liu minghua	26.536190476199998	1.2255345074552992	15.0	7.6
19820366	liu qingquan	3.08	0.502305249547494	7.2	2.8
19820366	liu qingsong	19.709765355422	3.3104161383069917	29.2	17.6
19820366	liu shuangjiang	15.363296703307999	2.4276181621388337	31.2	12.2
19820366	liu sijin	5.0862337662399995	0.0	20.6	11.0
19820366	liu weidong	10.244444444444	2.8648731897691033	15.2	15.6
19820366	liu wuming	12.826865079364001	1.0694752334573745	17.8	12.8
19820366	liu xiaojun	4.7570664629440005	1.6561881605693003	11.0	11.0
19820366	liu xiaolong	13.62	2.9759329082554538	17.0	7.0
19820366	liu yimin	14.844459308817997	1.8858555287782905	24.4	13.8
19820366	liu yingfang	16.53333333334	4.865466815995566	11.0	2.8
19820366	liu yongqin	1.4250000000002	0.0	13.0	6.0
19820366	liu yu	19.460289977814	1.4348676084012912	26.2	31.8
19820366	liu yuanhong	8.750174825178	2.8207986739344184	23.6	14.4
19820366	liu yun	4.6147058823514	2.7729434149529046	27.0	15.6
19820366	liu zhimin	12.42808092357	3.472312432256055	46.6	23.4
19820366	liye xiao	6.933506493505999	0.9123004107019375	9.2	9.6
19820366	lizhu wu	23.3918881119	1.7178150151295448	15.2	10.2
19820366	long mian	17.53333333334	2.1723376971244903	4.0	1.6
19820366	long miao	2.26666666666	0.0	8.8	0.8
19820366	long yaqiu	4.997142857148	2.0519802125544944	18.0	4.6
19820366	lu riyu	22.66666666666	2.20643608642095	14.4	3.2
19820366	luo sanzhong	15.710582010576	2.866440456754929	37.6	16.6
19820366	luo xiangang	20.67107692308	1.6973241166712292	27.4	20.0
19820366	luo xiaodong	3.892936507938	1.9207592892123824	23.0	11.0
19820366	luo yongming	13.266336295279999	0.9856990975406875	7.2	9.4
19820366	luo yuejia	15.6	2.142312815733373	6.8	2.4
19820366	ma xiuliang	1.2	0.2815482148815482	0.8	0.4
19820366	ma xucun	27.055158419174	4.156594450379574	35.6	27.0
19820366	ma yanwei	19.659006919	2.6313601512518483	30.8	26.4
19820366	ma yaoming	17.66023310023	2.2645842699213174	23.0	11.0
19820366	ma zongyi	0.0	0.0	0.0	0.0
19820366	maoyan zhu	13.201428571420001	1.1011556847027264	21.6	5.6
19820366	mei zhang	4.690476190476	2.931595379021877	15.8	8.2
19820366	meng qingbo	45.289122807	2.7433539640346973	29.6	13.0
19820366	miao zehong	12.7203174603	2.904812664019281	23.0	10.6
19820366	min tan	13.776219085440001	1.141237038841935	27.0	36.4
19820366	min yang	27.55782531192	1.7791224219879236	31.0	28.8
19820366	ming pingbing	0.2	0.0	12.0	1.0
19820366	minghua xu	7.6738095238	3.1969184469675844	28.4	8.2
19820366	mingjiu ni	4.6	1.3849610671177217	8.4	4.2
19820366	ning ye	2.8774891774899998	0.0	21.8	6.4
19820366	ninghua tan	10.078030303023999	1.1318269640177843	14.8	13.6
19820366	ninghui sun	13.964285714288	0.6087814457564804	13.4	11.4
19820366	ninglian wang	25.948809523799998	1.5538337681655625	17.4	5.2
19820366	niu zhichuan	3.532617573994	0.893250795486121	13.2	14.4
19820366	pan xiulian	0.0	0.0	0.0	0.6
19820366	pan yongxin	33.005714285699995	2.267053065527142	25.8	8.4
19820366	peng pingan	0.0	0.0	0.0	0.0
19820366	peng shi	7.3285714285794	4.423572270354152	14.0	3.6
19820366	pengfei yao	6.4	0.45767031497283855	7.2	1.8
19820366	pengye wang	4.991666666666	0.8681815895794049	7.6	5.0
19820366	ping wang	12.10120291575	3.6493491910040596	47.8	48.6
19820366	ping xie	24.72624521074	1.1686019179229077	27.8	27.4
19820366	ping zhu	2.5672727272720004	0.0	14.0	6.4
19820366	pingheng tan	37.978937728942	5.988509368885602	26.4	15.6
19820366	qi tao	8.894364145652	2.3622211032985336	27.4	21.4
19820366	qi zhou	17.247443609016	2.988953731136436	17.6	20.0
19820366	qian shengbang	0.33333333333399995	0.9211462071068841	5.0	1.6
19820366	qianfei wang	0.9138888888888002	0.0	11.0	5.4
19820366	qiang zhao	6.977770513246	0.0	34.6	13.4
19820366	qiangbin wang	7.6121611721699995	0.0	30.0	8.6
19820366	qie xiushu	14.834285714267997	1.1007894551048465	10.8	5.8
19820366	qihua wang	13.152597402602002	1.9675894251271095	31.4	27.2
19820366	qingbai wu	28.135164835160005	1.399784374696996	16.8	6.8
19820366	qingdong zheng	8.357777777779999	5.466992732879293	23.2	8.8
19820366	qinglong wu	0.0	0.0	1.0	0.0
19820366	qingshan zhu	3.2725589225580003	2.1451588981577374	24.0	16.4
19820366	qingyin zeng	2.5	0.0	14.0	1.2
19820366	qingyuan sun	30.636820512819998	2.050786000477833	30.6	19.2
19820366	qiuhong tang	8.751308753164	0.0	20.0	10.0
19820366	qiuliang wang	4.286213894160001	1.0825237571757984	14.2	22.4
19820366	qiwei zhai	38.96444444444	4.518781934772139	18.8	5.6
19820366	qu xiaogang	19.14714285714	1.5460617177820164	8.4	3.2
19820366	qun yang	2.833333333334	0.6260591526778577	4.4	2.6
19820366	ren wencai	25.055742296913998	6.973610041363304	44.2	10.0
19820366	renbin zhan	8.687272727272	1.3788543198962913	19.0	6.8
19820366	renfang shen	0.0	0.0	5.0	0.0
19820366	renzhong tai	4.4108333333334	3.666282683283751	12.6	11.4
19820366	rong zeng	49.36238095238	3.816272141878867	30.2	12.0
19820366	ruan yongling	3.8	0.36595744680851056	0.4	0.2
19820366	ruiming xu	36.25	7.019327150696689	19.2	3.8
19820366	ruiwu wang	0.0	0.8028222013170273	0.0	0.2
19820366	runzhi zhang	9.370000000000001	0.6937428989999799	5.4	3.6
19820366	shangui zhou	0.2	0.0	3.0	0.6
19820366	shaojie wang	5.75	1.0217910677825688	5.4	1.6
19820366	shen shuzhong	17.54809523808	0.806507268801442	14.8	7.8
19820366	shen weijun	2.5026315789485998	0.0	14.0	6.4
19820366	shen xu	19.180612044820002	2.29809483699284	30.6	23.0
19820366	shen yanan	0.0	0.0	3.0	0.0
19820366	shi wensheng	13.01682539684	3.581159956730552	24.0	6.2
19820366	shougang zhang	1.2342857142859998	1.3294067051595968	4.0	11.2
19820366	shouke yan	27.008333333320003	2.1435569848200817	14.6	5.4
19820366	shu wang	37.33330227742	4.549123337534696	41.8	23.2
19820366	shu yousheng	11.5	4.923479252936793	6.2	1.4
19820366	shuli you	26.42959706962	3.435358810977694	53.2	36.0
19820366	shutao wang	7.8177931034479995	0.0	43.0	16.0
19820366	song ye	3.5499999999980005	0.0	32.0	6.8
19820366	su weiping	35.90335664336	2.8620412332271554	28.4	12.0
19820366	sun weidong	31.981038961039996	2.2462611008833493	14.0	10.0
19820366	sun weiguo	0.8	0.0	0.6	0.2
19820366	sun xiaotao	4.133333333334	0.31615704215701484	3.6	1.4
19820366	suobo zhang	31.73752964426	3.645282998560466	35.2	12.4
19820366	suojiang zhang	28.4560778046	1.6798109757818813	28.8	25.0
19820366	taihua zhang	11.66666666666	1.5197755786442093	19.6	1.4
19820366	tang tao	17.299809138220002	1.5671552169300444	25.0	15.6
19820366	tang yong	24.75280701756	1.436215175780053	20.4	14.0
19820366	tian ye	9.0858561569186	4.582325459680279	27.4	23.0
19820366	tianjun zhou	13.524949990898	2.454051548958276	44.8	29.2
19820366	tianxiang yue	10.069393939386	1.5322520046981976	17.8	10.2
19820366	wang wen	50.12	0.9440195434469443	6.0	5.0
19820366	wang xiangdong	11.3333333333334	0.7841669441669441	13.2	6.0
19820366	wang xianhong	18.47170163168	1.5965483463408705	17.2	8.4
19820366	wang xiaolin	32.190476190482	2.8843849155694836	25.8	5.8
19820366	wang xiaoquan	26.633333333339998	1.5928392367032118	14.0	2.4
19820366	wang xinming	18.126098901103997	2.7927293380892357	41.4	20.4
19820366	wang xunming	5.7189610389702	2.7799489794449324	29.0	6.6
19820366	wang yan	4.4627923260722	2.991198537071574	39.8	53.8
19820366	wang yanfei	3.3822843822852002	1.1476775427031505	17.8	9.0
19820366	wang yanling	21.43636363636	3.4432073015444447	20.4	6.4
19820366	wang yanyi	1.34	0.0	12.0	2.4
19820366	wang yilin	14.739044834309999	3.512543061176167	36.0	20.6
19820366	wang yizheng	58.96666666668	3.864516291743205	6.0	2.4
19820366	wang yonghong	38.682222222220005	8.019662396673883	25.8	4.6
19820366	wang yuesi	21.65922807018	1.948184477874659	30.4	23.4
19820366	wang yun	3.4132142857142	0.0	23.8	12.4
19820366	wang zhaohui	20.346412016666	5.645804466194465	34.8	27.4
19820366	wang zifa	11.091089743584	3.12407328250279	36.2	23.8
19820366	wang zuoren	16.033333333334	3.222858921953182	5.2	2.0
19820366	wanhua zheng	4.775151515151999	2.042852997095644	11.8	10.4
19820366	wei yujie	8.539999999993999	0.0	20.0	6.0
19820366	weicai yang	70.05	5.221337015323901	23.4	4.2
19820366	weishen yang	2.6	0.6724896019013665	3.2	0.4
19820366	weng yuxiang	4.271428571427999	2.5359174584364186	16.4	4.2
19820366	wenjiao xiao	82.49254658378	2.474966005693868	38.2	15.0
19820366	wenqing zhang	37.46083333332599	3.0072875524270994	19.8	14.6
19820366	wenzhi zhao	9.80190476191	2.0638564292344124	19.6	12.2
19820366	wu xiaoguang	10.5	0.45243266648067504	2.6	1.4
19820366	wu yirong	6.498111888107999	1.0162194944785667	9.4	14.8
19820366	wu ziyu	18.0	0.8064860473240094	0.6	0.4
19820366	xiang yu	13.8234126984	4.586032403070875	17.6	6.8
19820366	xiangping zhang	5.993789473680001	0.0	30.8	14.6
19820366	xianming xiao	12.445238095246001	1.2850624964353128	20.4	7.8
19820366	xiao zhang	16.708860028862002	2.343779275137983	14.6	7.2
19820366	xiaoguang yang	5.211111111111999	0.7114306826658524	6.0	5.8
19820366	xiaohong zhou	3.125	0.44496008824065214	5.8	5.6
19820366	xiaolin xiong	8.946666666674002	1.2796442311899086	20.6	2.6
19820366	xiaoniu yang	19.396666666666	4.0817746168713835	22.2	6.0
19820366	xiaoping yang	27.683333333333998	1.8795435720681268	17.2	5.0
19820366	xiaowei zhan	71.6575	6.942842307131167	29.8	11.2
19820366	xiaoye zhang	7.6	0.07902542372881356	0.8	0.8
19820366	xiaoyuan yan	3.725	0.0	30.8	6.8
19820366	xie xin	1.9060150375940001	0.0	15.0	8.8
19820366	xie zhiyuan	8.778507305051601	3.636114350743051	43.6	19.0
19820366	xing zhizhong	0.0	0.0	0.0	0.0
19820366	xingang zhang	5.38	0.0	25.8	7.4
19820366	xingjiang zhou	4.76	0.313445400301111	5.2	2.6
19820366	xinyu zhang	8.7433333333334	0.4461306239314132	4.6	4.4
19820366	xiong zhiqi	28.611428571426	7.073661438525991	21.2	4.6
19820366	xu xudong	6.496666666668	1.8648266036239813	11.0	4.0
19820366	xu xuejun	2.453333333336	2.1021608285457596	13.0	3.4
19820366	xu zhiheng	27.16095238094	3.223345162064099	14.4	4.4
19820366	xuechu zhen	13.006190476198	3.191825345720809	20.0	6.4
19820366	xueming yang	3.9	0.0	1.0	0.4
19820366	xunhua zheng	46.8	1.9944243457980864	26.8	9.0
19820366	xunlai yuan	91.05555555554	3.77483897095736	22.0	4.6
19820366	yan yihua	9.080000000001998	1.4285375417871429	13.4	9.0
19820366	yan yonghong	2.6320596331632	0.8248954500944418	13.8	29.8
19820366	yang ye	15.810875820504	1.9737655440639776	26.6	24.2
19820366	yang zhenzhong	38.65	2.1146698318818	14.8	9.0
19820366	yangheng zheng	0.38	0.0	4.6	8.8
19820366	yao yijian	9.05	0.7498438421745028	5.2	1.4
19820366	yao yonggang	1.1666666666666	0.40881448721027835	4.0	1.2
19820366	yao zhujun	7.713333333326	1.1955700468887855	10.6	4.0
19820366	yapu zhao	36.1331868132	0.9584896007047276	17.4	10.2
19820366	yigang zhang	21.383333333339998	0.6573462660925036	2.8	1.6
19820366	yihua zhou	13.7	5.205700725980911	20.4	3.0
19820366	yin zhan	9.683333333334	3.556769985700793	9.0	3.0
19820366	yongfeng zhou	0.0	0.0	0.0	0.0
19820366	yonggui zhou	0.0	0.0	6.0	0.2
19820366	yongqing zhang	21.8	1.4870024433539764	2.8	1.4
19820366	yongsheng zhao	20.31116522366	7.094973028648073	27.4	14.0
19820366	yu zhiming	15.99333333334	0.5625624691228596	10.4	3.0
19820366	yu zhiqiang	5.978030303030001	2.6463706441235884	23.8	8.8
19820366	yuan zengqiang	15.45357142858	4.5990274825157496	21.0	7.6
19820366	yunlin zhang	6.723082706772	2.5492619061888218	25.0	16.0
19820366	yushen zhang	0.0	0.0	0.0	0.0
19820366	zhang zhefeng	8.060714285714	0.9748398917255365	11.0	6.2
19820366	zhang zhitao	1.1809523809524	0.8869873726012247	12.0	2.8
19820366	zhang zhongping	49.877056277099996	4.232520491573792	32.8	13.8
19820366	zhao zongbao	0.0	0.0	1.0	0.0
19820366	zhonghe zhou	70.28555555556	2.2654487165081596	19.8	6.8
19820366	丁克	0.0	0.0	0.0	0.2
19820366	丁奎岭	0.0	0.0	0.0	0.0
19820366	何国威	15.0	0.5582742862015722	1.8	0.8
19820366	何圣贵	1.2	0.6413255360623782	0.4	0.2
19820366	何源	0.0	0.0	0.0	0.4
19820366	侯增广	0.0	0.0	0.0	0.4
19820366	傅声雷	0.4	0.24356705241660995	0.2	0.2
19820366	刘建胜	0.0	0.0	1.0	0.0
19820366	刘明	2.333333333334	0.15102292291669656	2.2	1.2
19820366	刘迎芳	0.0	0.0	0.0	0.2
19820366	刘青泉	0.0	0.0	2.0	0.0
19820366	卢灿忠	0.0	0.0	0.0	0.0
19820366	叶阳	0.0	0.0	0.0	0.6
19820366	周小红	0.0	0.0	0.0	0.2
19820366	周忠和	0.0	0.0	0.0	0.0
19820366	周琪	0.0	0.0	0.0	0.2
19820366	夏佳文	0.0	0.0	0.0	0.0
19820366	夏春谷	0.0	0.0	0.0	0.0
19820366	姬扬	0.0	0.0	0.0	0.0
19820366	孙兵	0.0	0.0	0.0	0.0
19820366	孙继荣	1.2	0.026813186813186812	0.8	0.2
19820366	宋卫国	0.0	0.0	0.0	0.0
19820366	宋林生	0.0	0.0	0.0	0.0
19820366	宋金宝	0.0	0.04346666666666665	0.0	0.2
19820366	宋金明	0.0	0.0	0.0	0.2
19820366	张文清	2.0	0.3387870467576516	0.4	0.2
19820366	张新宇	2.2	0.13444444444444445	0.8	0.2
19820366	张玉虎	0.0	0.0	0.0	0.0
19820366	张运林	0.2	0.0	0.6	0.2
19820366	徐军	0.733333333334	0.0	1.0	1.0
19820366	成昭华	0.0	0.03717948717948718	0.0	0.2
19820366	戴兰宏	0.0	0.0	2.0	0.0
19820366	方海平	1.8	0.05254403131115461	0.6	0.2
19820366	曹军骥	6.6	0.2812227074235808	0.4	0.2
19820366	朱庆山	0.0	0.0	0.0	0.8
19820366	朱日祥	0.0	0.0	0.0	0.0
19820366	朱江	0.0	0.0	0.0	0.0
19820366	李佳	0.0	0.0	0.0	0.2
19820366	李建奇	0.0	0.0	0.0	0.0
19820366	李建平	0.2	0.03717948717948718	1.0	0.2
19820366	李志远	0.4	0.055012224938875295	0.2	0.2
19820366	李献华	0.0	0.0	0.0	0.0
19820366	李玉同	1.0	0.05254403131115461	0.8	0.2
19820366	林君	0.0	0.0	0.0	0.0
19820366	柳晓军	1.4	0.05254403131115461	0.8	0.2
19820366	樊菁	0.0	0.10135135135135136	0.0	0.2
19820366	汪筱林	4.0	0.20087209302325584	0.2	0.2
19820366	牛智川	0.2	0.05254403131115461	0.2	0.2
19820366	王志光	0.0	0.0	0.0	0.0
19820366	王慧	0.2	0.4763915547024952	0.2	0.2
19820366	王楠林	0.0	0.0	0.0	0.0
19820366	王秀杰	0.0	0.0	0.0	0.2
19820366	王赟	0.0	0.0	0.0	0.2
19820366	王鹏业	0.6	0.026813186813186812	0.4	0.2
19820366	秦伯强	0.0	0.0	0.0	0.0
19820366	罗先刚	0.0	0.0	0.0	0.0
19820366	肖立业	0.0	0.0	0.0	0.0
19820366	胡立宏	0.2	0.0	0.6	0.4
19820366	谢平	0.6	0.026813186813186812	0.8	0.2
19820366	赵亚溥	21.6	0.6521876666655627	2.2	0.6
19820366	赵德刚	0.0	0.055012224938875295	0.0	0.2
19820366	赵红卫	0.0	0.0	0.0	0.0
19820366	邓成龙	4.0	0.20087209302325584	0.4	0.2
19820366	郑婉华	0.2	0.05254403131115461	2.0	0.4
19820366	郝郑平	0.0	0.0	0.0	0.0
19820366	金奎娟	0.4	0.05254403131115461	0.6	0.2
19820366	陆日宇	0.0	0.0	0.0	0.0
19820366	陈学元	0.0	0.0	0.0	0.2
19820366	陈少华	0.0	0.0	1.0	0.0
19820366	陈效双	0.2	0.05254403131115461	0.4	0.2
19820366	雒建林	0.2	0.05894160583941606	0.8	0.2
19820366	顾长志	1.4	0.05254403131115461	0.6	0.2
19820366	饶光辉	0.0	0.0	0.0	0.0
19820366	高福	0.0	0.0	0.0	0.0
19820366	高鸿钧	0.0	0.0	0.0	0.0
19820366	魏志义	0.0	0.0	0.0	0.0
19820366	齐涛	0.33333333333399995	0.4216216216216216	0.6	0.6
20231570	anyuan cao	16.636919923874	6.4279868403165015	40.4	15.8
20231570	baoguo jiang	4.953968253966	0.9057336547299117	9.4	6.2
20231570	bin chen	7.825252525264	3.018802099397618	43.0	10.4
20231570	bin liu	7.066666666666	0.9951563492154298	12.4	4.8
20231570	cai shaoqing	21.860000000000003	1.2146585577969347	20.8	7.2
20231570	canfei he	2.783333333332	0.0	14.8	7.8
20231570	changhui zhou	0.0	0.0	6.0	0.0
20231570	chen dayue	3.6	0.42503460971040347	3.4	1.2
20231570	chen ke	0.2	0.19759036144578312	7.0	0.2
20231570	chen min	2.2890476190482	0.0	24.0	7.4
20231570	chen peng	3.0	3.5518081308577023	3.6	1.4
20231570	chen yuyu	3.4	0.0	13.8	2.2
20231570	chunjing wei	42.38333333334	1.9858333027602924	18.4	4.6
20231570	chunsheng zhou	38.5	0.7880341880341881	10.0	0.6
20231570	dai lun	14.244444444460001	5.019190661215675	26.8	6.8
20231570	dai zhifei	23.034126984132	6.12608098022506	21.4	13.2
20231570	dechun zou	12.125	1.086346193395259	4.0	3.0
20231570	fan wang	7.486709197230001	4.245821109648563	21.2	13.6
20231570	fang jing	11.383333333340001	0.9175783538626279	7.0	4.4
20231570	fuliu xu	6.44166666666	0.7194483940275231	25.2	2.8
20231570	furong xu	4.616666666666	0.9754397169716729	7.0	5.4
20231570	gan shaobo	1.6	0.3188573789215329	10.0	1.0
20231570	gu ying	0.2589743589742	0.0	11.0	4.0
20231570	guo hong	4.2545709192742	2.504561760311101	18.8	21.4
20231570	guo xuefeng	12.162087912100798	8.001564077630944	32.4	12.8
20231570	guoping wang	7.245	1.9500055014229907	10.0	6.0
20231570	hanqing zheng	1.2	0.2381983875204591	4.6	0.4
20231570	hansheng wang	0.6285714285714	0.0	19.0	3.4
20231570	he jinsheng	30.21333333334	3.4040578550243827	13.6	2.6
20231570	hongyan liu	3.4447660098520005	2.8972944192422565	20.0	12.8
20231570	hu yongyun	20.326666666673997	3.894463246317148	16.8	4.4
20231570	huang jianbin	29.314292929300002	2.049381735473617	20.6	7.6
20231570	huang ruji	0.0	0.0	2.0	0.0
20231570	huazhong tang	12.853333333334001	1.3758014624785648	14.8	3.4
20231570	jianjun tao	1.533333333334	0.7868635294475709	4.8	2.0
20231570	jianzhong xi	13.1	4.372018435818811	9.8	2.2
20231570	jie shi	11.4598701298622	4.354632090440776	23.0	9.4
20231570	jinren ni	2.26666666666	0.09074698700120322	0.6	0.6
20231570	kaixin liu	1.2	0.19735372122471725	1.0	1.6
20231570	kong wei	7.70461760462	3.9151005360510807	16.2	8.0
20231570	li tiejun	20.133333333334	3.62319298617651	13.4	3.8
20231570	li weigu	3.583333333333999	0.5734428695910326	11.4	2.0
20231570	li yi	19.16666666666	1.7194065373749807	6.0	2.4
20231570	li zichen	11.383690476192	4.503013451213011	33.0	9.2
20231570	limei xu	4.17	0.0	10.0	2.2
20231570	limin qi	80.26071428579999	2.6828615403240006	35.2	6.6
20231570	lingdong sun	13.126372079926	0.0	64.0	9.8
20231570	liping wei	47.275	7.147046444629758	22.4	5.0
20231570	liu peidong	2.0	0.35417582417582416	4.0	0.8
20231570	liu yuxin	3.3206349206360004	1.2075211946508286	8.2	13.0
20231570	meng zhiyong	1.3050000000000002	0.0	8.0	3.0
20231570	min shao	21.015108225108	3.211698166718802	45.6	16.0
20231570	minghui zhao	23.10409489634	2.361907604509227	27.8	17.6
20231570	pengfei tu	19.37526917526	1.2531338602957014	24.4	19.2
20231570	renxin xu	2.4666666666659998	1.3098775055830398	6.0	3.2
20231570	she zhensu	8.873333333340002	1.8454316441538612	12.8	3.4
20231570	shuguang song	29.33888888888	2.3775802732353477	27.6	7.8
20231570	sodmergen	24.02	2.364291560960052	8.2	2.6
20231570	wu yundong	20.4326007326	2.2040303885723374	34.2	12.2
20231570	xing zhang	5.156752923691999	1.4407919464703238	25.2	55.8
20231570	xueqing yan	1.809956709958	0.6352158445508206	5.8	6.4
20231570	yang yong	1.6192307692308	0.0	17.0	9.6
20231570	yawen zhang	41.78214285714	6.314694726778535	45.2	6.2
20231570	yufeng zheng	0.2	0.0	2.0	1.6
20231570	zhang zhixue	12.206190476191999	1.9009147024331245	10.2	4.6
20231570	古英	0.0	0.0	1.0	0.0
20231570	朱卫国	0.0	0.153584229390681	0.0	0.2
20231570	许甫荣	0.0	0.0	0.0	0.0
20231570	郑汉青	0.4	0.08117359413202933	0.6	0.2
21193070	feng teng	8.826060606046	2.9794731434464143	21.6	15.6
21193070	li pei	1.3699826489302	1.3906307016232158	9.6	14.8
21193070	wang yongsheng	9.579217958148	1.4166464144815323	20.0	36.8
21945476	hexing li	33.349137931040005	3.8965472781491783	48.4	22.0
21945476	yang zhongnan	14.47166666666	3.526320199962048	14.6	7.4
21945476	李和兴	0.0	0.0	0.0	0.0
24185976	changsheng zhao	19.809428571427997	4.114822446489263	40.4	26.0
24185976	chen yingchun	11.007048393488	2.5036797371289787	40.8	17.0
24185976	fuqiang wen	23.620641025634	1.5591139845160973	6.2	6.0
24185976	hong tan	1.6406593406592003	0.0	28.0	7.0
24185976	jingsong you	25.210076268239998	3.4754665539133027	41.8	27.2
24185976	liangang peng	0.0	0.0	5.0	0.0
24185976	qiao zhou	16.166666666679998	1.2985727218037741	3.2	1.6
24185976	qingyuan wang	4.205330261138	0.980266727608241	9.2	16.4
24185976	weinian zhang	8.177686202682	1.193617917029373	18.0	9.6
24943067	baorong lu	36.77811965812	1.5530747581033228	18.8	8.8
24943067	changchun wang	42.845833333339996	2.4070921954964546	34.0	12.0
24943067	chen daofeng	11.155238095232	1.92182512283583	20.8	5.8
24943067	chen daoyong	14.020000000006002	3.529672730138029	29.0	5.6
24943067	chen jiang	5.111666666666	0.0	28.0	6.4
24943067	chen zhanghai	6.540606060612001	3.420368073113077	15.6	7.8
24943067	chunhui deng	5.25837640621	0.0	50.0	10.4
24943067	dalin sun	30.16712121212	3.8876599749839933	23.0	9.6
24943067	dean ta	0.4555555555562	0.0	14.0	3.2
24943067	feng qiu	22.14583333334	2.985060916962525	22.0	10.4
24943067	huang lihua	13.17333333334	1.2954629380098932	10.4	3.0
24943067	huang zhili	46.58666666666	4.395742183645625	11.0	2.8
24943067	jiang zuimin	6.300714285713999	1.4869241827009418	14.8	7.4
24943067	jilie kong	47.79525210084	2.735454792882739	35.2	13.6
24943067	jin qingyuan	0.1	0.013043478260869565	0.4	0.4
24943067	li xiang	1.6815325670494001	0.0	26.0	16.2
24943067	liejia qian	5.7023809523799995	1.5925086074829837	13.4	6.8
24943067	liu tianxi	36.357985347980005	4.71174617081292	50.0	19.6
24943067	peiyi wu	22.22192982458	1.6946030714248295	17.0	9.8
24943067	shiming zhou	4.3333333333334	0.9486266972107874	0.8	1.0
24943067	tang yi	27.221953601960003	3.0734485789699546	30.8	14.0
24943067	tao yi	26.006060606059997	4.57176018454076	45.4	10.6
24943067	wendong xu	1.2791666666666	0.0	8.0	5.8
24943067	wu yizheng	9.0	1.3123115107521348	1.8	0.8
24943067	wu yuping	6.034932126696001	0.0	41.0	13.0
24943067	wu zhiying	9.58571428572	4.31557867798683	12.0	7.8
24943067	xia yongyao	72.17039329843999	4.995944964565296	54.0	19.4
24943067	yanlei yu	14.413333333347998	5.70089732937832	28.4	4.6
24943067	yuan zhenghong	30.280714285720002	2.3332855329109985	18.0	7.4
24943067	唐颐	0.0	0.0	0.0	0.0
24943067	蒋最敏	2.4	0.04346666666666665	0.2	0.2
24943067	陆豪杰	0.0	0.0	0.0	0.2
25254941	baoyuan liu	0.6666666666666	0.0	0.4	1.0
25254941	cheng ying	9.578205128198	1.3668949569010387	10.2	6.4
25254941	feng shiping	8.276666666654	0.6716684665720084	7.8	8.0
25254941	fengshou zhang	3.1953216374260003	1.2390249986590158	11.0	12.6
25254941	li xiaoyan	13.175	2.112391058047442	17.0	6.4
25254941	liu yajun	4.36	2.92805153657459	17.8	6.4
25254941	xia xinghui	6.402097902102	2.9227501339581474	26.0	9.4
25254941	xiangdong zhang	5.597777777779999	1.6750391942537892	17.8	7.4
25757504	fubao zhou	4.942777777778	1.7659737833837557	11.2	12.6
25757504	jiachen wang	2.766666666666	0.18525198130461287	4.4	1.4
25757504	jianyong qiao	0.9	0.3371361150778437	3.4	1.2
25757504	yuemin zhao	14.84	0.7879847038312111	4.2	3.0
25757504	缪协兴	0.0	0.0	0.0	0.0
25757504	赵跃民	0.0	0.0	0.0	0.0
27357992	jianfeng zhang	0.0	0.0	7.0	0.0
27357992	kang zhan	7.165714285714	0.0	24.0	4.0
27357992	keqiu li	4.387936507936	1.8741659419035759	17.2	19.6
27357992	qing yang	1.5527125506082	0.0	18.0	9.2
27357992	qinghua zhu	63.25	2.6726056100434303	31.6	7.0
27357992	xu yongping	0.0	0.0	0.0	0.0
28813325	renbiao wu	27.477368421052	0.41701238804356333	11.8	11.0
31595395	chengshan wang	12.42857142858	0.23694153537125745	1.4	1.8
31595395	huang runqiu	2.8	0.019047619047619046	0.4	0.4
31595395	tuo xianguo	1.264898989899	0.9099643481742848	5.0	7.2
31595395	庹先国	0.0	0.0	0.0	0.0
31595395	黄润秋	0.0	0.0	0.0	0.0
36399199	che wenquan	4.1215035382762	1.3506650736763697	20.8	41.8
36399199	jian yang	11.813176033168	2.3294975254509724	35.0	31.4
36399199	yonghao zhao	5.962626262626	2.433102623236853	7.0	6.4
37461747	bian zhuan	22.97547008548	2.86070336443567	26.6	7.8
37461747	chen hua	6.1765151515220005	0.3362133221493037	5.6	4.8
37461747	chuluo yang	24.62827891922	5.501892992928145	42.2	20.2
37461747	daiwen pang	41.35463659146	1.551533845107913	19.0	9.6
37461747	deyin guo	11.685714285714	3.175682694460235	18.6	5.0
37461747	dianqing li	12.904032091098202	1.8884883540380302	18.2	17.0
37461747	dihua wang	5.979548872174	3.9307222612589596	26.8	11.2
37461747	feng yuqi	30.492559523800004	2.5380889883086306	39.4	23.8
37461747	guoping wang	12.4	1.6068126459878112	5.4	1.8
37461747	huang shuangquan	14.979999999994002	3.084234805015406	14.0	3.8
37461747	huijiang zhao	9.108333333333999	1.137959147617984	15.6	4.8
37461747	li zhen	9.186692307692	3.892206022257377	51.4	32.0
37461747	liu yi	7.911670823146801	3.597588302025823	42.8	27.8
37461747	lu xin	12.242424242434002	1.5732151477547094	8.2	5.2
37461747	mengxiang sun	30.71	2.2645902144428507	7.6	3.4
37461747	shaodong zhang	8.403333333334	1.8518964662760258	12.4	5.8
37461747	xiaolian zhang	12.84444444444	3.0741103781275125	23.6	7.2
37461747	刘义	0.0	0.0	1.0	0.0
37574244	li shigui	20.18166666666	4.74672197439495	6.8	3.8
37796252	baocai yin	4.825112781954	0.7566319375490667	12.4	16.8
37796252	song xiaoyan	1.2576223776214	0.0	20.0	7.8
39333907	fucheng zhang	1.5	0.18003340319026678	3.8	1.2
39333907	li xiaoli	7.792424242424	1.603010719495305	21.6	6.0
39333907	liu zhongyuan	18.589964202460003	3.1773128923662846	20.4	16.8
40963666	changjiang zhu	14.015476190479998	0.9610701459465375	16.4	6.2
40963666	guangfu yang	11.617591036418	2.1624722684358586	27.6	17.6
40963666	peng shuangjie	10.659047619053998	1.2558761433001577	14.0	4.2
40963666	yadong yang	4.1428571428572	3.0686373730391057	8.2	3.6
47720641	ding ma	4.153737373734799	0.40349561036744735	5.0	10.4
47720641	he li	2.25	0.2377193613780033	1.0	1.8
47720641	huaichun zhou	7.8266666666666	1.609570784407668	17.0	5.6
47720641	huang shiang	4.3880952381039995	0.6470328602331017	3.0	5.2
47720641	huanzhong shi	19.4	2.9023046217437836	9.6	3.0
47720641	jianfeng zhou	9.856140350893998	3.8220948761703526	26.8	19.0
47720641	jiang tao	4.164579421528201	2.1508677336438806	26.6	36.8
47720641	jun wu	3.9761904761919995	2.3416979900759824	18.8	10.8
47720641	liangcheng tu	2.6	1.4150440802415527	9.0	2.4
47720641	liu zheng	3.2775396825399996	2.2039864045959128	17.6	9.4
47720641	luo xiaoping	8.191666666666	1.0479706940396998	3.4	4.2
47720641	qingguo xie	0.7577192982446	0.0	12.0	8.6
47720641	xiao yi	9.768333333334	2.493571394397451	9.6	5.0
47720641	xiaolin xie	18.080000000000002	2.048243592339563	22.8	12.0
47720641	xinliang zhang	3.8846350580360003	2.3362396044021	26.8	47.6
47720641	张新亮	0.0	0.0	1.0	0.0
50760025	lu renquan	2.940217391304	0.0	22.0	11.2
51622183	hongjie luo	2.6	0.14481605351170568	0.6	0.4
52158045	cai wanzhi	9.673809523815999	1.5561484315766343	8.0	7.2
52158045	cui sheng	0.0	0.0	3.0	0.0
52158045	dawei li	18.05333333334	2.249015588453413	8.8	3.4
52158045	ding yang	2.6027302620643997	0.3298381219018487	5.4	16.2
52158045	dongtao ren	0.0	0.0	2.0	0.0
52158045	hanchun yang	22.2161904762	2.455202835721577	20.8	9.6
52158045	jianbo shen	44.16190476192	3.3832907763538587	21.0	8.2
52158045	jinsheng lai	16.147142857148	5.807419765537726	18.0	5.8
52158045	liu qingchang	7.7666666666660005	0.310281738722855	2.8	1.8
52158045	liu xuejun	5.7583333333333995	0.0	27.0	11.6
52158045	liu zhiyong	28.9	1.3180345001474034	10.4	1.2
52158045	meijia zhang	0.0	0.0	6.0	0.2
52158045	ni zhongfu	23.121428571414	3.0637714712574073	27.0	8.6
52158045	ning yang	20.032142857142	1.086608457431941	5.0	4.2
52158045	qiao shiyan	21.18333333334	1.7775692733403154	15.8	7.0
52158045	yaofeng zhao	5.7	0.9062959029244334	2.6	1.0
55712492	chen shengyong	4.194944872062	1.9962093668661116	24.6	15.0
58200834	che xiaoyan	14.947301587306	2.5102495725073832	18.0	5.8
58200834	jing nie	9.080000000000002	3.9874547157751423	15.0	5.6
58200834	xiangmin xu	36.66666666666	2.258571367704792	8.0	2.6
58200834	xinhong zhu	5.0	4.4909189126036875	11.0	1.4
59028903	dehai luo	7.2	1.3408276680317122	3.2	1.2
59028903	geng meiyu	3.21111111111	1.3872438552654283	9.4	4.2
59028903	li sanzhong	6.024776251974	1.7528761190750828	43.4	22.2
59028903	liu sumei	15.959765234762	2.2448605634528103	24.2	8.2
59028903	wang zhenyu	15.209126984128	3.1213112179054048	24.2	6.0
61057504	taiyun wei	6.021904761906	2.921029512913795	20.0	5.2
65081225	hailong li	9.307857142854	2.3894541134530654	17.2	6.4
65081225	jianwei li	7.966336996326001	2.4320317226293726	24.6	10.6
65081225	jinnan tong	23.2787878788	1.3146394222630673	15.2	5.8
65081225	junfeng zhang	1.9678571428571998	0.0	13.0	3.8
65081225	liu yongsheng	22.887777777780002	3.419579499637551	40.4	16.0
65081225	shi xiaoying	1.2	0.06605504587155964	0.8	0.4
65081225	wang yanxin	23.272987012999998	0.9656299817039631	18.4	15.2
65081225	zhang zhaochong	14.145829725819999	2.314522188196352	23.0	14.4
66867065	chungang duan	9.300188382686	3.154913856282639	16.8	14.8
66867065	hebing rui	4.4	0.4888303936348656	10.0	1.4
66867065	jian wu	0.97	0.0	17.0	6.4
66867065	junliang zhang	6.528405017912	0.0	36.8	19.0
66867065	ruiliang zhu	14.31523809524	1.4893237033058253	9.8	5.6
66867065	tang zheng	1.325	0.0	5.0	2.4
75390827	biaohua chen	12.18190476192	1.5467030648067503	14.8	12.2
75390827	feng wang	11.24578947368	3.7024296998906707	16.2	17.4
75390827	min wei	20.972053527499998	6.699092768222999	48.0	29.4
75390827	sun xiaoming	23.701967109439998	5.214931508661381	27.2	24.8
75390827	xiaoping zheng	0.0	0.0	11.0	0.0
75390827	yu zhongzhen	31.193762816139998	4.699710861195678	37.8	14.2
76130692	baoliang chen	13.401587301591999	0.0	30.0	5.2
76130692	bo feng	11.84	3.755594891978082	22.8	7.0
76130692	chao gao	20.06162878788	6.574851142327868	44.2	18.0
76130692	chen hongzheng	19.317619047599997	1.2534480289688954	19.2	15.6
76130692	chen renpeng	4.0000000000005995	1.309056326912295	14.0	5.6
76130692	fang qun	18.742857142859997	3.6098491472252086	20.0	7.2
76130692	feihe huang	68.76473053802	8.119541408237945	57.8	25.4
76130692	fucheng lin	12.0	1.4450122502248768	11.4	1.6
76130692	gongyin ye	6.65	1.9224147246177758	18.8	3.2
76130692	he xiaofei	13.5975	2.2860626254126384	35.2	13.6
76130692	honghe zhang	5.483636363636	0.0	10.8	4.0
76130692	huang jun	3.2833333333340002	1.4264360175537774	14.0	2.0
76130692	jianxin liu	12.133506493503997	1.0175345617847043	12.2	14.4
76130692	jin yongfeng	6.883333333333999	3.4166330872513817	17.0	3.8
76130692	junhu zhou	16.96906627856	1.6192986851812154	14.4	17.0
76130692	lin qiang	4.24	1.088002552214385	21.0	3.8
76130692	liu weiping	10.025757575765999	0.7388422724926127	15.4	6.4
76130692	lixin zhang	2.604761904762	0.7674087759672075	15.8	5.6
76130692	luo yaozhi	1.633333333334	0.5060529240198124	10.0	3.8
76130692	luo yingwu	13.413268398283998	4.482979427060741	28.8	7.4
76130692	min qiu	1.9339130434780003	0.0	21.0	13.4
76130692	pan yuanjiang	8.845773524723999	2.6622572166716467	31.0	18.4
76130692	ping wang	10.841600036748	2.307430711536731	25.8	23.6
76130692	qu shaoxing	0.6342857142860001	0.0	17.0	3.2
76130692	shen zhicheng	21.633333333339998	1.239983166277132	3.0	1.4
76130692	su zeng	20.2082815735	1.5424734209262283	12.4	12.8
76130692	tianhua zhou	25.15	5.979449902251284	16.2	3.0
76130692	wang xiaoguang	11.255036075048	1.5784445799027185	19.8	11.6
76130692	wang yizhen	8.266363636364	2.0072885013007804	15.4	13.2
76130692	weijun yang	17.45	1.347810490706935	5.2	3.0
76130692	wu zhaohui	12.374303233004	1.0991395338157977	25.4	29.6
76130692	xu yiming	29.433333333333998	1.590222799083809	18.2	2.6
76130692	xu zhikang	34.2996969697	2.173625236090115	44.2	17.8
76130692	xudong ye	5.1	0.6988013502648632	13.6	1.6
76130692	陈红征	0.0	0.0	0.0	0.0
76214153	an lizhe	22.91782051282	1.958265180519844	28.0	13.0
76214153	baotian pan	10.300317460308	2.0786230099248946	18.4	7.4
76214153	desheng xue	14.170589508539999	2.5549317410961825	27.0	22.8
76214153	she xuegong	6.765984848484	2.938724855944918	20.8	12.8
76214153	yan zhao	14.23333333334	2.279265727764993	20.8	1.6
76569877	aiguo song	1.9975314540528	1.2055090337024752	23.0	18.8
76569877	baowen xu	7.065994234602002	0.15253900471100068	18.6	20.8
76569877	changyin sun	8.389534620856	1.8205554299551558	20.6	30.4
76569877	chunxiang xu	23.09444444444	1.508092508014468	13.2	6.2
76569877	jihong ye	2.19	0.8896198450499796	6.0	3.4
76569877	litao sun	1.262068965518	0.0	31.0	9.2
76569877	zhang zhijun	22.4596491228	2.84705312219061	26.4	19.8
80947539	wang xinchen	24.5730218855234	0.0	63.2	16.4
82880672	duan haibin	1.6693506493504	0.0	26.0	17.2
82880672	huai jinpeng	12.135677655672	0.74641470832784	14.8	13.4
82880672	lijun yang	0.26	0.0	9.0	5.4
82880672	qingyun wang	5.72777777778	1.682253306445633	17.8	7.0
83519826	aihua zhang	3.4497686523986006	2.0648306181845997	15.6	12.2
83519826	gang hu	29.706613517200005	2.7757167920502748	26.8	12.6
83519826	jiahao sha	22.175	2.1927876707683915	15.2	11.8
87445476	bai bofeng	1.9133710407239999	0.0	15.0	11.8
87445476	changjiu li	15.498182957402	1.6758190713896597	37.6	16.6
87445476	changqing chen	3.5333333333400008	0.15891619392939021	3.2	1.0
87445476	chen xuefeng	14.645384972170001	1.9028504644533601	27.4	30.8
87445476	gangfeng wang	0.5555555555556	0.0	19.0	3.2
87445476	guang xi	3.7538461538459997	1.3487811893926098	6.8	10.2
87445476	guanjun zhang	3.7357862529633996	1.4131206806339898	16.8	26.4
87445476	jia shenli	1.7174763083748001	1.2340907800398424	16.0	24.8
87445476	jizhong zhao	4.9423076923049996	1.170877558783567	20.8	11.0
87445476	li shengtao	20.183333333326	1.5655064483229986	12.6	13.0
87445476	pengsheng zheng	11.05	1.905993027077385	2.4	2.0
87445476	yuan zuyi	9.03204991088	2.5889447594331534	16.8	17.8
87445476	李盛涛	0.2	0.05254403131115461	0.2	0.2
90610280	chen junwu	13.10833333332	5.074356551725268	23.8	9.6
90610280	cong wang	5.0755563150317995	2.2903019242024825	17.4	15.2
90610280	fei huang	41.34245009422	6.894731838610262	46.4	34.8
90610280	gang wei	7.61363636364	0.6572846803851824	12.2	15.4
90610280	haihui wang	19.903407407414	5.389893573121677	38.6	24.4
90610280	huanfeng jiang	16.54933477974	1.362057767871979	26.6	48.2
90610280	li yuanyuan	3.7	0.49782994363495614	5.2	1.8
90610280	lizhi zhang	2.1771428571439997	0.0	30.0	6.6
90610280	qian yu	11.65333333334	0.9084903520762826	8.2	7.2
90610280	qiu xueqing	12.016282811386	2.1714298916694315	19.6	15.0
90610280	shengli xie	8.658441558432	0.5324948062012724	9.6	18.4
90610280	shuizhu wu	33.457222222220004	4.344750790772686	29.4	9.8
90610280	sun zhendong	3.3777777777799995	0.8040093054949518	11.6	5.4
90610280	xianmin zhang	4.918753142279999	0.7642682703880868	11.2	15.6
90610280	李元元	0.0	0.0	0.0	0.0
92403157	dang zhimin	3.496687523004	0.0	28.0	11.2
92403157	yue zhang	46.093156459908	1.2317783193170273	12.0	15.2
96852419	aibing zhang	1.59	0.0	11.0	2.4
96852419	hailiang li	0.95	1.1456247953013103	16.0	2.4
99065089	baoding liu	62.29682539682	0.7338479240032563	35.0	7.0
99065089	baoyin hexi	0.9822222222220001	0.0	20.0	5.0
99065089	chen yubo	2.2	0.23803680981595093	8.8	0.4
99065089	chen zhiqiang	0.086274509804	0.0	15.0	13.4
99065089	chongqing kang	5.105807763659	3.0518222635545555	19.0	27.4
99065089	chu fulei	17.120851370832	0.8889229075448206	19.4	16.0
99065089	chuanxiang tang	3.6565714285719997	1.1417368795365703	11.8	17.8
99065089	chunxiao xu	4.1	0.9121610109346548	8.4	4.4
99065089	dinghui yang	9.770238095232	1.057132174937004	13.2	5.6
99065089	dong xiang	6.9865775401159995	0.6523071536610087	11.4	13.4
99065089	duan yuanyuan	12.273333333325999	0.9650588547691807	11.2	6.4
99065089	feng pan	3.3	0.48788407175915494	4.4	2.6
99065089	fengyuan ren	5.292460317449399	2.2933810416467892	23.8	10.6
99065089	fuchun sun	7.825248908524	0.8433954660700618	22.6	25.8
99065089	gao yuanning	0.6	0.22596491228070176	0.6	0.2
99065089	gao zhe	0.35476190476200004	0.9741569918646192	10.0	4.0
99065089	guilu long	15.894970259628002	0.4601931387970374	19.6	19.0
99065089	he hongjian	13.25333333332	2.745881618451542	9.2	3.0
99065089	hongying hu	16.19318181818	2.730083913088582	26.0	14.6
99065089	huaping xu	6.8340909090899995	0.0	32.0	5.6
99065089	hui zhai	3.1333333333334	1.993550223797928	10.4	6.2
99065089	huimin xie	28.734553049298	1.321645493639505	15.4	12.4
99065089	ji xiangyang	2.4944444444459997	2.0594205194605797	15.0	6.0
99065089	jiang shengyao	2.426666666666	0.3458851203334133	4.4	2.8
99065089	jiangtao wen	4.046969696972001	1.1746787826961882	16.8	9.8
99065089	jianmin wang	6.162240196072	1.6248658937133702	23.4	24.8
99065089	jie zhou	10.73025023757	3.0698795277226054	29.2	19.6
99065089	jinhui wang	2.6	0.2291079812206573	0.4	0.2
99065089	junhai yong	9.589285714286001	0.9996134467220286	15.6	11.2
99065089	lei liu	12.084832564788	4.157550738202083	38.8	33.0
99065089	li shao	9.016277056266599	2.9229872648144815	21.0	7.0
99065089	li xianting	10.194558823528002	2.8266654711828743	22.6	13.6
99065089	li yanmei	21.32984126982	4.042105339778874	20.2	6.6
99065089	liang xidong	7.085714285711999	0.5066092300939633	7.8	8.2
99065089	liu min	11.495691367456	2.1320218450403843	19.0	11.6
99065089	liu yinghua	0.8580952380939999	1.3718080807380821	14.0	9.4
99065089	liu yule	24.490000000000002	2.6424263279245452	12.2	4.8
99065089	liu yuxi	16.427512487506	2.296238889224332	26.2	11.8
99065089	lu wei	1.602857142858	0.0	13.0	6.2
99065089	meirong zhang	23.64	0.5813419280869774	18.4	3.6
99065089	meng yonggang	7.529999999992	1.1976939894932372	15.8	9.0
99065089	ning yan	0.0	0.0	0.0	1.0
99065089	niu zhisheng	29.546031746020002	1.3388146431855599	24.0	21.6
99065089	peilun rao	0.0	0.0	1.0	0.0
99065089	peng qing	6.130158730158	5.287397010120047	55.0	5.6
99065089	qianchuan zhao	0.7838383838384001	0.0	19.0	8.6
99065089	sichun zhang	16.730833333339998	4.6205120976879215	34.4	9.8
99065089	tong zhou	6.233333333334	1.4991706502238136	8.4	4.8
99065089	wang xiaofeng	6.984999999999999	4.085481705454827	19.6	4.6
99065089	wei yongge	11.44065934065	5.500459196436887	24.4	8.4
99065089	wenming zou	10.410256410248	0.9476635510252542	19.8	7.4
99065089	xiaobo zhao	7.92	0.43864054526007923	8.8	1.6
99065089	xiaoping zheng	4.651309193952	1.7060598243856568	14.8	37.2
99065089	xuegong zhang	35.28833333334	2.8379506630079985	22.8	9.6
99065089	yinping zhang	32.72861111112	2.118493599041856	35.4	11.0
99065089	yongfa zhu	79.08166666668001	3.7876973000484604	61.4	17.6
99065089	yonggang zhao	1.5	0.17995386173928818	1.2	0.8
99065089	zhao zhengming	3.8515151515159998	0.143952802359882	7.8	6.4
99065089	唐传祥	0.0	0.05254403131115461	0.0	0.2
99065089	王晓锋	0.0	0.2542285345384119	0.0	0.2
99065089	许春晓	0.0	0.0	1.0	0.0
99065089	陈志强	0.0	0.0	1.0	0.8
99065089	颜宁	0.0	0.0	0.0	0.6
108688024	xia yanzhi	6.333333333340001	0.503710811266538	1.2	1.6
111381250	hailin zhang	7.7700000000000005	1.6301618305227605	6.0	4.4
111599522	chen jian	20.74847780128	1.9606541129803028	20.2	37.2
113940042	lu xionggang	5.2949396847656	2.991686120617497	22.8	26.8
113940042	rentao song	2.971428571428	0.0	16.0	3.6
115488153	chen jing	0.3794871794874	0.0	10.0	7.8
115592961	shouqi yuan	1.9079411764699998	0.42628565480815084	4.2	14.0
115592961	袁寿其	0.0	0.0	0.0	0.0
116953780	chen yinguang	4.172076023384	0.0	34.0	9.4
116953780	guoqiang li	11.710434782608	0.7313948400322408	9.4	7.8
116953780	huang maosong	5.38488095238	0.9874162852281797	10.2	17.0
116953780	jian xu	15.401028138534002	1.346110933925209	16.2	11.0
116953780	jiang mingjing	11.515579710144	1.070607481597822	15.0	16.8
116953780	jianzhuang xiao	3.4580741360086003	1.394133379065514	21.8	15.8
116953780	tian yang	24.0	4.365452378098415	29.6	3.8
116953780	xiaoning zhang	6.9033333333339995	1.961966221092199	10.0	4.2
116953780	zheng zhong	12.364285714288	0.46442722342523235	6.4	4.8
116953780	蒋昌俊	0.0	0.0	0.0	0.0
119045251	xipeng xu	8.1	0.9251156022765645	12.0	2.2
119454577	dong jiang	6.736684491977821	2.4421823853994473	26.0	9.4
119454577	futian qu	38.0	1.1096159128228096	4.2	1.8
119454577	jianwen zou	7.858333333340001	3.3163091169000127	22.2	6.4
119454577	jun zhu	9.1	1.2241935745664294	2.0	1.2
119454577	li xianchun	0.0	0.0	4.0	0.2
119454577	wenhua zhang	58.73333333334	3.7629182073735654	12.4	1.6
119454577	zhang zhengguang	5.4445328864719995	3.3477670769154515	20.8	13.4
125839683	baohua ji	8.579004328998	1.7381698303992323	9.0	6.2
125839683	cheng wang	1.6993506493504	1.320287733367199	8.6	7.6
125839683	chun li	2.2605555555560004	0.0	18.0	6.2
125839683	gengkai hu	19.53666666666	1.2549913901591476	12.0	6.6
125839683	hu jun	1.7	0.0	10.0	1.0
125839683	hua huang	3.3	0.0	7.0	2.6
126520041	chaoyang lu	5.140588235294	0.0	21.0	6.2
126520041	chen chusheng	27.23636363636	1.712855559483598	16.0	5.6
126520041	chen enhong	5.495603407699599	1.6729342706568207	26.6	30.2
126520041	chen falai	14.211904761893999	0.5787891455921716	13.0	5.6
126520041	chen gao	10.34	0.9555686920818015	8.0	5.6
126520041	chen yuao	3.7226190476200003	0.0	18.8	7.0
126520041	cui hua	38.27555555556	2.480293073295568	33.0	8.0
126520041	deng zhaoxiang	9.1	0.0	25.8	3.6
126520041	ding hang	1.766666666666	0.0	6.0	3.0
126520041	ding zejun	14.895555555556001	0.9188269349607416	8.0	4.6
126520041	dou xiankang	8.119090909083999	2.831711351720231	13.2	12.0
126520041	fang huang	5.368571428566	2.8493285094773837	11.4	7.6
126520041	fei qi	27.605974708739996	3.249708608060266	30.2	17.2
126520041	fei sun	10.937454212452	4.164233792340463	17.6	7.6
126520041	fu yao	7.852531074286	3.522280219574708	48.0	36.2
126520041	gong weimin	22.0	1.722232817820479	7.0	1.0
126520041	gong xinglong	11.300518518526001	2.5223072689778845	31.4	19.4
126520041	guanwu wang	19.99333333334	0.9094017052367427	15.2	8.8
126520041	haiyan liu	24.95	1.4336192790508646	12.2	3.8
126520041	han liang	2.38	1.6745320276583004	7.0	1.8
126520041	haojun liang	7.8	0.858052028097414	2.0	0.4
126520041	he linghui	2.4	0.4614954039935394	6.4	0.8
126520041	he lixin	4.553333333334001	1.9708683539944567	11.0	7.2
126520041	hengan wu	1.8619047619059998	0.0	21.0	10.2
126520041	hou zhonghuai	4.225	2.168975344367518	21.0	7.8
126520041	houqiang li	6.6896546633398	2.146869645484574	27.6	25.2
126520041	hu shuiming	3.2950000000020006	2.1469200670850515	16.6	7.4
126520041	huang wen	4.640000000000001	2.311003167680157	21.0	6.6
126520041	huang yunfeng	19.222222222229398	1.7574119312277723	13.6	6.8
126520041	jian zheng	6.296190476188	1.403727468359051	8.4	5.6
126520041	jiuhou lei	4.0800000000006	2.3142887963854415	12.2	9.6
126520041	jun wang	29.7704347379	5.910340134684209	52.4	23.4
126520041	junxian wang	7.966666666662	3.9990440890767913	14.0	4.8
126520041	kong xu	6.629170829174001	4.299170342010386	21.0	10.4
126520041	li liangbin	4.1020858198348	2.7962195694105008	28.0	19.4
126520041	li tao	4.544047619049399	3.9251782136993825	12.0	6.4
126520041	liwen niu	15.645238095232	1.9204560305779528	8.8	5.2
126520041	ning xu	5.4	3.4393468579126796	8.8	4.8
126520041	qijin zhang	8.464214415348	0.6822716860402644	12.2	13.6
126520041	qinghua shi	28.761428571420005	3.1827436984605386	12.8	6.4
126520041	qun wang	8.57	2.005037485338727	11.6	5.2
126520041	qunke xia	9.59047619048	3.0698953913911518	16.0	3.4
126520041	shao xueguang	13.06907114624	0.8795064438224024	25.4	8.4
126520041	shiqiang wei	20.43236646383	3.1530041857791025	22.0	20.2
126520041	su yucai	4.316666666666	0.6398811750152991	12.0	3.8
126520041	tian zhigang	49.0712087912	2.7062374858145954	15.6	10.2
126520041	wenbin wu	12.13333333334	1.9692145077615897	13.4	3.2
126520041	xie zhouqing	9.94333333334	2.859121202403589	20.6	6.0
126520041	yongfei zheng	28.835	0.534905208867933	8.8	5.2
126520041	zhao zifu	29.464999999999996	3.2414858662078934	42.0	5.8
126520041	丁泽军	0.0	0.0	0.0	0.0
126520041	梁好均	0.0	0.0	0.0	0.0
126520041	郑坚	0.0	0.05254403131115461	0.0	0.2
126520041	高琛	0.0	0.0	0.0	0.0
135714990	jijun xiong	0.8698241758242	0.0	11.0	16.2
139660479	chen xiaohong	1.8	0.08069864463074086	2.6	4.6
139660479	chunhua yang	4.90512218045	1.1812301230477191	13.4	22.4
139660479	huaming yang	13.350833333334	3.428156812417838	30.2	19.8
139660479	luo xianghang	19.37857142858	3.9119173786654153	24.4	4.0
139759216	ji yuefeng	0.6359288537542599	0.17598941620289196	2.8	20.6
139759216	tao xiaofeng	1.4534739454094	1.0570898172066971	9.6	21.4
139759216	纪越峰	0.0	0.0	0.0	0.0
141649914	chen yiwang	4.857727272728	0.0	31.8	25.0
143413998	shusheng zhang	26.30111111112	4.166755587606591	43.0	5.2
143593769	feng qian	6.5412745098039995	0.9728131420370353	13.8	22.4
143593769	feng yaoyu	3.9200000000000004	0.0	26.0	6.0
143593769	jiaping lin	14.688134920640001	3.2291972944118954	24.8	11.0
143593769	linyong zhu	4.97857142858	0.0	16.8	4.2
146620803	huang shaoming	47.84712814418	4.470236126664022	30.6	19.6
148099405	wang yi	1.726666666666	0.0	6.6	5.0
149594827	jiao licheng	8.954390812394	0.7047702845799002	19.2	58.8
149594827	li zhiwu	17.880769230753998	2.7324146523357564	29.2	10.4
149594827	yang yintang	3.21462585034	0.593325268600901	10.0	43.6
149594827	杨银堂	0.566666666666	0.15102292291669656	1.2	1.6
149594827	焦李成	0.0	0.0	0.0	0.0
151075929	huang yuesheng	1.2	0.5422108294121778	5.0	1.6
151075929	jiang jianxin	6.692857142858	1.6120362021835941	7.6	4.2
151075929	liangming liu	9.649432789432002	1.8564581813218055	10.8	9.0
151075929	yin zhengqin	0.2	0.0	0.2	0.2
153473198	cui xiang	4.012550607286	0.499042091725336	10.2	13.4
154099455	chuansong wu	0.8	0.0375	1.0	0.4
154099455	chunhong ma	2.6083333333334	0.0	26.0	4.6
154099455	hu xijun	1.8	0.0	6.0	1.8
154099455	huaijin zhang	7.028245088238	2.1274381511816	34.6	37.0
154099455	li yuezhong	10.488888888887999	3.356118032307738	16.0	6.0
154099455	liu xiangfa	15.311515151520002	1.4879271483646637	19.2	13.4
154099455	liu yungang	2.0163170163190003	1.4231856727581493	14.0	14.8
154099455	liu zhanqiang	1.9667759669591998	0.0	17.0	22.0
154099455	longwei yin	26.70104562106	4.107193394109315	25.0	11.0
154099455	shishen yan	12.669632040462	2.885314651230643	22.8	17.8
154099455	si zongguo	2.3785714285714	1.7635129280801956	15.0	3.4
154099455	yuzhong zhang	12.113828677722001	3.455365579221039	31.2	17.0
156144747	daping yang	3.7	0.8744981303781489	1.6	1.2
157773358	chen hao	2.4	0.6420314076360669	5.0	0.6
157773358	chen wen	12.902777777786	3.6948723581501866	11.2	7.0
157773358	chengxin wang	19.156549707613998	6.793786294087555	20.0	12.4
157773358	dan xie	9.587174667432	3.9013664076347645	37.8	23.4
157773358	deng shaozhi	16.905238095234	2.222578866516607	28.8	13.4
157773358	fan wang	8.383333333326	2.2450262378728905	10.6	2.6
157773358	fan zhong	2.65	0.6951298746221417	6.4	1.2
157773358	gangfeng ouyang	21.527122153211998	4.574748604439932	32.6	16.8
157773358	gu jieruo	4.4	0.6499145192250821	2.4	1.6
157773358	guo xianping	5.405454545454	1.0569482861100141	15.6	6.4
157773358	he mingguang	7.42996622763	3.04349024157553	33.6	35.6
157773358	hongbin wang	6.1619047619054	0.0	13.0	3.0
157773358	hongbing ji	4.71272577996	0.0	19.8	15.8
157773358	hu jianxun	2.0	0.35132765988531356	4.2	0.4
157773358	jia weihua	0.0	0.0	0.0	0.2
157773358	jingxuan pan	11.8	2.8736029540278922	17.4	3.4
157773358	lixin yan	16.366666666660002	0.9831000253573455	12.6	3.0
157773358	lu tongbu	41.485	2.5295752937257734	28.0	8.6
157773358	mao zongwan	22.729437229459997	2.6440681681750817	20.0	10.2
157773358	peng xiang	2.4	0.0	13.0	1.6
157773358	qiang zhang	2.885780885782	0.0	24.0	10.6
157773358	qingjiong zhang	19.249557109554	3.18054860911302	20.4	13.8
157773358	qiu rongliang	9.590776942358	3.4416748502034835	29.8	13.8
157773358	shuai xintao	13.007976190474	4.6626580309900065	28.8	10.2
157773358	wang xuemei	2.9657142857139998	0.0	21.0	7.2
157773358	wu zhongkai	6.8	1.3954637990836922	14.0	1.6
157773358	xiaopei yan	1.273333333334	0.0347985347985348	2.0	4.0
157773358	邓少芝	1.2	0.04346666666666665	0.8	0.2
158842170	fusheng pan	8.878586029012	1.07153819334248	19.4	41.8
158842170	jian li	1.1154135338351998	0.0	19.0	14.6
158842170	xun zhu	4.959609579034	3.0483123014163453	23.6	28.4
158842170	yongxing zhang	1.3533333333334	0.5148547968863352	4.4	6.8
158842170	zhang zongyi	2.7197435897426	0.2550632911392405	6.0	6.8
159948400	baiou guan	2.7236619033130003	2.5436188651807994	21.2	47.2
162868743	chunfeng wang	1.241666666668	0.0	3.8	6.2
162868743	denghua zhong	4.986666666665999	0.335491581781314	4.6	4.2
162868743	feng wei	3.4314616755780003	0.0	29.0	15.4
162868743	he zhen	2.4099999999999997	0.6839100907570713	10.8	4.4
162868743	jiang zhongyi	22.1086807929	5.2858027921871145	55.6	41.2
162868743	junan ma	7.2316063816780005	3.0331112362438715	26.6	16.6
162868743	li yali	24.40666666666	2.2614900449185225	9.4	4.6
162868743	liu wenguang	11.620833333334	4.404807799206145	32.8	10.2
162868743	liu yongchang	2.6216080977848	1.6720831247044683	19.0	28.2
162868743	yingjin yuan	18.17499202552	1.7430418319291676	23.0	15.2
163340411	chen wen	12.185371687145999	1.6482211329283456	25.0	27.8
163340411	hongwu tang	3.21	1.1670280498114116	7.4	6.8
163340411	jinhai zheng	0.9931216931222	0.0	11.0	12.0
163340411	ju ping	12.34545454546	1.3681770010867491	13.0	7.6
163340411	唐洪武	0.0	0.08029197080291971	0.0	0.2
170215575	dou yong	3.743333333334	0.9316913589340554	9.6	16.6
170215575	jianmin yuan	3.6514285714300003	0.694435121797121	6.2	6.2
170215575	zhaowen zhuang	0.7047619047610001	0.0606861191640801	3.2	8.8
173759888	kuang leman	4.729523809524	0.418848120566414	10.4	8.8
173759888	liu shaojun	7.12839937839	1.6056498695461756	13.2	9.6
173899330	chunpeng song	31.16333333334	3.080964445690178	8.2	4.2
177933477	an huazhang	57.79999999994	3.550540244584588	20.6	1.6
177933477	cao guangwen	15.993675213669999	3.252234585125373	28.2	19.6
177933477	chen wansheng	3.28461538461534	1.638580372801173	27.0	16.4
177933477	jiang yuanying	8.006096681099999	1.8443135425395927	20.0	15.8
177933477	liu shanrong	5.166666666666	0.0	11.0	1.8
177933477	pan weiqing	33.533333333339996	0.6160061364740936	2.4	1.2
177933477	qian qijun	2.911111111112	1.921561685067195	12.8	8.4
177933477	sun yinghao	9.3	1.0724283026393366	9.0	1.8
177933477	weiping zhang	7.556410256416001	4.106437021890468	23.0	6.6
177933477	孙颖浩	0.0	0.0	0.0	0.0
180726961	wang yiping	1.8328164814308	0.0	18.0	20.8
183067930	cao zhenfu	11.934936889743998	0.45643346849808725	11.0	25.2
183067930	chen xianfeng	4.697537878787999	2.622767992694296	22.8	28.8
183067930	chongfeng wu	0.2	0.027004219409282697	0.6	0.2
183067930	dong yi	1.4602164502153998	1.7688106337178628	11.0	9.0
183067930	dongmei xiao	9.33	1.2117702352674253	15.0	3.2
183067930	fan tongxiang	3.7586390218039996	0.0	32.0	8.2
183067930	fu yuxi	6.675	0.5369092709911714	10.0	5.2
183067930	guo minyi	10.047519509476	0.8321076981003535	17.6	25.8
183067930	haiguang xu	4.060714285714	3.0985249417309175	11.4	4.6
183067930	he xianghuo	30.05545454546	4.316230742349382	25.8	7.6
183067930	hongkai xiong	1.288479941111	0.0	12.0	11.2
183067930	hu weisheng	3.4254061041940007	1.2651002894829102	19.2	37.6
183067930	hu wenbin	12.165909090894	3.0002529591306506	26.2	8.0
183067930	huang qian	15.525	1.066811274564038	8.6	5.4
183067930	huiying wu	24.36	2.1024500053833193	15.8	3.8
183067930	jiang wei	2.841839043312	1.9406009382727654	13.8	10.6
183067930	jianglai liu	6.17142857142	0.0	10.6	3.6
183067930	jianguo li	10.87176470588	0.8660940113989491	7.8	11.0
183067930	kong xiangyang	20.2	0.9152097434390363	2.0	0.8
183067930	li shaoyuan	8.566892748815999	1.3925166875269335	24.2	23.6
183067930	lin shuangjun	0.5619047619054	0.0	15.0	2.6
183067930	lin yi	8.8	2.5209365899361535	5.8	2.0
183067930	lu qinghua	20.757380952379997	4.027980468619214	32.8	8.4
183067930	lu xingcai	4.22666666666	0.0	18.0	5.6
183067930	ma xiong	8.476547619054	3.5572980481409027	17.2	10.6
183067930	nan shen	25.973809523806004	5.184136878799589	23.4	11.2
183067930	saixing zeng	14.6	0.7661385523454489	2.8	0.4
183067930	shankai yin	7.736428571434	2.2001567561357254	11.8	10.0
183067930	wang xinbing	4.060788770054001	1.9762152444432843	30.4	28.6
183067930	xinyuan zhu	32.775652504380005	5.086856029604951	39.2	22.4
183067930	xu yuhong	17.36233766233	3.5414947279936384	16.8	7.0
183067930	yongfeng zhou	22.608503996011997	6.021060448702412	38.2	11.4
183067930	yumin zhao	0.0	0.0	0.0	0.0
183519381	songling wang	0.0	0.0	0.0	0.0
183519381	王松灵	0.0	0.0	0.0	0.0
184983240	liu yichun	41.108265584259996	2.4756613515335513	38.4	24.2
189210763	hongbin zhang	13.769789915956	2.1978618821624294	21.8	17.4
191208505	bangqin huang	11.575	1.7511276330367802	17.2	7.4
191208505	chaoyong yang	2.7857142857139996	4.037106757190566	5.8	3.2
191208505	chen min	7.09555555556	2.4072156318010953	15.8	9.2
191208505	dazhi wang	1.866666666666	0.0	19.0	2.0
191208505	dongliang peng	16.7488095238	1.7407209936277865	17.4	14.2
191208505	haiping xia	19.3735064935	4.089082391987089	25.4	10.2
191208505	hong zhao	2.366666666666	0.6851737874490766	7.6	2.2
191208505	jiang yunbao	26.866666666660002	1.4950573255365953	18.8	4.2
191208505	jianwei shuai	22.21666666666	2.155676064539957	10.2	3.2
191208505	jun tao	6.82333333334	3.321137054481278	29.8	4.6
191208505	lasheng long	41.34190476192	3.9844265935788172	30.4	11.6
191208505	liu xingjun	9.634920634918	0.9708703583075955	6.4	9.0
191208505	lu xin	43.05412698414	3.380985801720411	23.2	7.2
191208505	ningshao xia	19.699837535018	3.507819702651304	26.0	20.0
191208505	qiao wu	25.6	1.8908242197919445	8.4	0.8
191208505	wang ye	35.47333333334	2.3883935189928405	32.0	14.4
191208505	xiaomei yan	10.346666666660001	4.427310844156137	19.8	6.0
191208505	yunwu zhang	3.5	2.16613223751883	8.8	1.0
191208505	吕鑫	1.0	0.0	4.4	0.2
191208505	王大志	0.0	0.0	1.0	0.0
191208505	王野	0.2	0.0	1.0	0.2
194450716	chen hong	6.346060163198	0.6850405150707632	15.4	22.6
194450716	chen qijun	28.64095238094	3.550445101275377	19.6	4.2
194450716	geyu lu	22.4	2.076298190471456	9.6	7.2
194450716	hongwei song	23.3243627451	3.408523030809841	18.0	13.2
194450716	hu ping	5.4	0.4353648705396854	5.8	2.6
194450716	liu mingyuan	12.192136752136	1.9070718151571922	11.4	6.8
194450716	lu zhongyuan	13.081010101020002	3.6148025673916413	20.4	12.8
194450716	wensheng yang	24.477148640839996	2.6877856546427643	34.6	12.8
196699116	hua lin	11.099215686259999	0.999457885985984	14.0	13.2
196699116	jiaguo yu	129.8056153642	2.630570725066166	66.8	26.0
196699116	liqiang mai	13.522989685755999	0.0	49.0	40.8
196699116	余家国	0.0	0.0	0.0	0.0
204553293	chunming xu	20.336234063400003	1.3182387679108678	24.8	23.0
204553293	gensheng li	6.3666666666666005	0.258031067610642	3.0	1.6
204553293	徐春明	0.0	0.0	0.0	0.0
204831749	huazhen lin	2.85	2.017332919981316	3.8	3.2
204983213	dahai zhu	11.4	0.5449140574005578	1.0	0.4
204983213	fan feng	2.4577030812314	1.2981020662323774	11.8	12.2
204983213	feng jicai	8.377777777774002	0.9729110105988198	11.8	10.4
204983213	feng yujie	14.947420718806	3.8971211977179356	33.8	28.2
204983213	han jiecai	13.072083172906	1.5063016331247001	29.6	32.4
204983213	jun liang	2.7142857142860004	1.875922047844692	11.8	4.0
204983213	qiang ye	10.13214285714	1.610981643233491	17.0	5.8
204983213	韩杰才	0.4	0.05254403131115461	0.4	0.2
205237279	bai chengming	0.0	0.0	2.0	0.2
205237279	baohui li	14.98333333332	3.1821825656191693	24.2	6.0
205237279	bu wenjun	15.590000000006	1.8585305614171233	8.4	5.4
205237279	deling kong	33.769246031739996	2.8185156120204047	20.0	13.2
205237279	fang yongchun	3.7939289446200006	2.701994505308948	19.0	22.6
205237279	jianguo tian	7.842857142855999	1.0172066116234841	8.2	10.2
205237279	jianhua xie	7.1611721611679995	3.905121496387944	33.0	8.8
205237279	linqi shi	20.905627705626	2.4704359970969456	25.0	10.4
205237279	pingchuan sun	13.160606060620001	3.1442994576158028	25.0	10.8
205237279	sun wenchang	1.1333333333334	0.0	14.0	1.2
205237279	xiaoqing zhu	18.5	2.6153969904330747	12.8	2.2
205237279	田建国	0.0	0.03717948717948718	0.0	0.2
881766915	bin shi	21.386666666666002	0.7323244850809326	10.4	5.4
881766915	chen guihai	10.379198635976	0.7200311001387177	23.0	19.4
881766915	chen yang	13.810512820519998	3.4238664030885486	20.4	7.6
881766915	cheng jianchun	2.1	0.060888565185724684	2.8	2.6
881766915	daiqian xie	15.95332480818	2.2900936789815045	25.0	16.4
881766915	gaofei zhang	0.0	0.0	2.0	0.0
881766915	gu shulin	6.262857142855999	1.4811233292944443	17.0	8.8
881766915	haijun wu	2.5	0.0	11.0	0.8
881766915	hong yan	13.464564879559997	3.534708244174657	19.0	9.2
881766915	hu wenbing	7.354901960786	2.186646467818826	17.4	6.6
881766915	hu yuefei	12.007142857142	0.6586740351290659	13.0	3.8
881766915	huang yongfeng	2.7	0.37524911728306154	5.0	2.2
881766915	hui liu	2.1971428571434	0.0	25.0	7.2
881766915	huicheng yin	4.033333333334	1.073440683784942	10.6	3.4
881766915	ji junfeng	29.34432900434	2.0359536496318036	29.0	10.4
881766915	jiang xiqun	44.54901960784	3.0875757720953176	27.6	9.4
881766915	jilin zhou	6.707936507936	4.551443737413625	12.4	7.0
881766915	jin zhu	3.56	0.0	15.4	7.0
881766915	jing ma	22.684184981679998	3.374231992942692	30.2	20.8
881766915	junjie zhu	36.405479123039996	1.7709628006945688	43.0	31.6
881766915	kong lingdong	21.43333333334	2.3943512826792426	28.0	7.2
881766915	li xuandong	10.299545454539999	0.38175315458280634	9.2	7.0
881766915	limin zheng	24.753659673660003	1.7282645554592442	28.2	10.8
881766915	liu zhen	2.304410256412	0.0	30.0	23.4
881766915	lu xian	0.0	0.0	1.0	0.0
881766915	lu xiaomei	7.55404040404	4.175883161272081	19.0	7.2
881766915	peng ruwen	8.433571428572	1.8461476229661682	13.6	11.8
881766915	qingyu wu	0.0	0.0	1.0	0.0
881766915	sheng zhong	1.846666666666	0.0	9.8	7.8
881766915	sun weiyin	32.33142857142	1.5550790284295506	33.4	13.2
881766915	sun zhiwei	6.558253968254	0.49789718619062634	16.6	11.8
881766915	tiaojun xiao	4.166666666666	0.0	16.0	2.4
881766915	wan xiangang	1.6766666666660002	0.0	21.0	10.8
881766915	weiyi zhang	19.229999999999997	1.1326570642722218	9.2	3.6
881766915	xiuqun yang	8.95	0.3060061570359097	5.4	1.6
881766915	xu ying	23.41333333334	3.0941331846671036	5.6	3.2
881766915	谢代前	0.0	0.0	0.0	0.0
