3923682	cai yangjian	15.157708304760002	0.0	21.6	22.6
3923682	cao yongluo	8.65	0.7734001293494253	6.0	1.8
3923682	chen hong	0.0	0.0	0.0	0.6
3923682	feng yan	55.85935672514	0.0	22.0	12.2
3923682	zhiyuan zhong	103.1598484848	3.167687532728618	21.2	10.0
4610292	huang yunqing	11.66	0.364988635190323	6.2	3.4
4610292	yichun zhou	5.533333333334	0.3361169364555948	2.2	3.0
4800084	ping wang	1.1551820728284	0.0	2.2	8.2
5740404	chunshui yu	36.7045112782	0.0	14.0	10.2
5740404	jie yang	13.61666666666	1.7274615761921446	6.2	3.2
5740404	ning zhang	23.85777777778	2.4991462982324677	8.4	4.2
9086337	bingshe xu	4.875	0.5588431781295953	3.2	3.8
9086337	dong jinxiang	9.045238095246	1.0967228428584677	6.4	3.6
9086337	liang weiguo	7.9	0.7976881353906925	3.4	1.6
9224756	huang min	0.6	0.0	2.4	0.2
9224756	jianhua wang	0.0	0.0	0.0	0.0
9224756	liang zuo	0.0	0.0	0.0	0.0
9224756	sun xudong	0.0	0.0	0.0	0.0
9224756	wang xingwei	0.4	0.015942028985507246	2.0	0.4
9842412	wang zaihua	2.2	0.16852791878172588	2.4	0.4
9916479	cao feng	34.0541923436	3.4967588577890316	19.2	14.4
9916479	han hua	30.8	1.1093780004767413	2.6	0.4
9916479	huang xi	0.0	0.0	1.0	0.2
9916479	ling tao	24.846785714279996	2.801623618313775	13.6	8.6
12411659	gao xiumei	13.403702180160002	0.9924571327208869	6.6	8.6
16609230	guilin wen	7.885714285720001	1.4550132207806372	5.2	3.8
16609230	he yan	23.3	0.0	13.2	4.8
16609230	he yigang	6.62062111801	0.2826072142828132	7.8	12.2
16609230	jiang jianhui	32.51797415548	2.364569496943466	33.8	26.2
16609230	shuangchun wen	6.762132894554	1.3626925006199706	12.4	38.8
16609230	xiaobing zhang	51.852182000999996	3.892631702347934	28.6	10.6
16609230	何怡刚	0.0	0.0	0.0	0.0
17145004	chen jingdong	17.407676767676	0.0	15.4	7.6
17145004	hejun li	17.633333333334	0.6652773012089883	4.8	2.6
17145004	xiaopeng zhao	1.2	0.10933633295838022	2.8	0.6
19820366	ai yinshuang	18.6	1.7925640969137884	6.2	0.6
19820366	aihui zhou	14.09	0.5026381177890328	5.2	3.4
19820366	an taicheng	35.38342257416	0.0	28.8	13.8
19820366	andong xia	15.016233766239997	1.695062673582425	7.2	4.8
19820366	bai fengyan	9.686666666666	1.7460331055183858	11.0	3.8
19820366	bai haiyang	0.8	0.031137724550898204	1.8	0.4
19820366	bai xuedong	57.163333333340006	2.2363533564758695	16.8	6.4
19820366	bai yongfei	53.4	2.0588919795261336	4.6	3.4
19820366	bai zhongzhi	59.76428571428001	0.3814076029155318	18.8	4.0
19820366	baifei shen	6.214505494504	1.0712063264533236	8.6	8.8
19820366	baiqing xu	50.28214285714	1.8890605024908953	11.2	5.2
19820366	bao lan	33.5333333334	0.8857307129067461	2.6	0.6
19820366	bao yang	29.85356060606	2.200571197215608	35.0	30.6
19820366	baochun huang	17.516666666666	1.197872951887693	8.8	2.8
19820366	baolong shen	13.36666666666	0.9796101308021324	9.4	2.0
19820366	baonian wan	2.913700918964	0.48754625825217224	7.2	14.0
19820366	baozhu guo	0.0	0.0	0.0	0.0
19820366	beiying wu	0.0	0.05700197238658779	1.0	0.2
19820366	benzhan zhu	11.1	1.622709338009645	3.8	0.6
19820366	bing cheng	0.0	0.0	0.0	0.0
19820366	bing zhu	6.8	0.0	4.2	1.4
19820366	bingsong zou	0.0	0.020087336244541485	0.0	0.2
19820366	binyong sun	11.6	0.0	6.2	2.8
19820366	bixian mai	117.40833333340001	1.1156127891545853	8.8	4.2
19820366	boqiang qin	33.39377622377	0.5488646968089762	14.0	14.4
19820366	cai chunfang	21.53333333334	1.6281352167672196	11.0	2.8
19820366	cai ronggen	54.9557142858	1.2264003265483505	6.4	3.6
19820366	cai shuqun	10.51	1.329568603240919	9.2	2.8
19820366	cai xinxia	8.204444444438	1.8933868655689714	7.0	6.4
19820366	cai zucong	63.7	0.2187380750400439	3.6	1.2
19820366	caidian lu	0.0	0.0	0.0	0.0
19820366	canzhong lu	12.9990909091	0.3996340918876316	8.2	11.6
19820366	cao daomin	12.64	0.35380890311907165	6.4	3.0
19820366	cao hongbin	14.157619047614	0.0	12.8	9.2
19820366	cao jun	25.3	2.4177111650422902	4.0	1.2
19820366	cao juncheng	0.5	0.12466778805719092	2.0	1.0
19820366	cao junji	122.25454545456	1.8020832336346175	13.8	6.4
19820366	cao rong	24.223767752700002	0.5916034951945115	16.6	19.2
19820366	cao xinwu	20.26666666666	2.9693321936820505	4.6	2.4
19820366	cao xueqiang	70.222875817	1.0561759927122263	9.2	9.2
19820366	ceshi chen	0.0	0.0	1.0	0.0
19820366	chang chen	20.59	2.9812169945395586	13.8	5.4
19820366	chang jin	0.733333333334	0.07386768092679183	0.4	0.8
19820366	chang kai	9.959999999999999	1.1291366351556813	6.8	3.0
19820366	changchun song	12.825685425696	1.951406677060882	12.8	10.4
19820366	changhe zhou	1.921428571428	0.3322622542684096	1.4	5.4
19820366	changqing zeng	13.4	1.5307594936708864	1.4	0.2
19820366	changsheng xu	14.818333333334	0.9959168816912236	22.6	17.8
19820366	changsheng zhang	14.516666666673398	1.393391140594698	8.2	2.2
19820366	changyin zhao	2.3333333333334	0.1684650934393645	1.4	1.6
19820366	changzhi gu	15.095725108223998	1.16932844046318	11.2	13.0
19820366	chao shen	0.0	0.0	0.0	0.0
19820366	chaozhong li	2.35	0.3350072276704321	5.4	0.8
19820366	chen chuanfeng	28.281512605059998	1.0804339817097748	8.8	6.6
19820366	chen dahua	40.2	1.3861383736394175	4.8	0.8
19820366	chen duofu	20.1	0.9840219598253338	5.4	2.6
19820366	chen fan	48.743333333340004	4.004840975158157	18.6	6.2
19820366	chen hangrong	54.20523809524	2.916654797565169	28.4	10.2
19820366	chen jijun	29.690476190480002	1.3645748492560252	14.6	9.8
19820366	chen liding	34.8192063492	0.8951700024178197	24.4	8.4
19820366	chen lidong	8.816666666674	0.6529444774820254	4.0	6.2
19820366	chen ming	4.3	0.08339366515837104	2.4	1.0
19820366	chen mingsheng	21.8	0.0	2.6	0.4
19820366	chen ping	21.246666666680003	2.1072866565429687	14.0	11.2
19820366	chen shaohua	13.71714285714	1.4475766289200043	14.2	7.8
19820366	chen shu	5.21229946524	0.0	15.6	12.0
19820366	chen wang	8.233565493638	0.8527444564846436	9.2	16.2
19820366	chen xiaoshuang	14.693694719908	1.104291864529681	13.0	16.8
19820366	chen xiaosong	0.0	0.0	3.0	0.0
19820366	chen xilin	50.49088820534	0.6099363657652511	20.0	20.4
19820366	chen xinwen	36.84285714286	1.7851880196813181	5.6	3.4
19820366	chen xuesi	29.816666666599996	0.46713090178498173	3.4	2.2
19820366	chen xueyuan	66.79944055936	3.1668896807635853	22.4	11.0
19820366	chen yanjing	0.0	0.0	1.0	0.0
19820366	chen yaofeng	26.785000000000004	3.087184149855042	17.0	5.8
19820366	chen yonghai	5.1	1.106981333362902	3.2	2.0
19820366	chen yongming	40.72698412698	1.0993688066080642	12.2	3.8
19820366	chen zhiming	26.6	0.31199257500406796	4.4	1.0
19820366	chen zhongning	17.40534188036	0.7331122602181329	11.8	7.6
19820366	cheng jiangong	14.2	2.924988775622445	13.6	3.8
19820366	cheng li	24.753846153826	2.7774407070024187	16.6	12.2
19820366	cheng zhaohua	8.393939393945999	0.9411923465181898	11.8	7.8
19820366	cheng zhukuan	19.5	1.837207314590287	3.4	1.0
19820366	chengcai chu	41.11904761906	2.303644258335896	7.4	4.2
19820366	chenglong deng	39.62785714286	2.2787771554355394	15.2	7.0
19820366	chengshu wang	64.56666666666	3.7008792104295787	12.4	3.8
19820366	chenqi xu	13.440000000000001	0.0	11.2	1.6
19820366	chenzhu wang	17.35666666666	1.2650051707418355	12.2	4.4
19820366	chong kang	29.91666666666	0.8176346394612812	7.2	2.6
19820366	chonglin yang	7.32	2.0503620603509365	3.6	1.4
19820366	chongxin shan	25.2859090909	0.0	19.6	10.0
19820366	chuanjie zhu	23.2	2.3160474250693097	5.8	2.2
19820366	chuanyong jing	26.23636363636	0.0	13.0	6.0
19820366	chuanyou li	41.4	1.558012312726703	4.4	1.6
19820366	chun hu	75.62388888887999	2.6812586905884372	23.2	8.0
19820366	chun tang	18.9	3.280391834073799	6.4	0.8
19820366	chungu xia	21.307886710240002	0.9271594894253555	16.2	14.4
19820366	chunhai fan	115.49682539676	2.4879951562602485	7.0	4.4
19820366	chunming liu	133.46666666666601	4.622755010945423	3.8	2.4
19820366	chunming wu	11.9	1.477979374557842	7.6	1.4
19820366	chunru wang	55.0	0.5657951937287309	3.6	1.0
19820366	chunyang li	31.57777777778	0.5250474312485844	5.4	2.8
19820366	chunyang zhang	46.08303030302	4.3910153026800485	12.6	4.4
19820366	congming lu	43.35666666668	1.9861794357447002	14.0	5.4
19820366	congqiang liu	39.66666666668	0.6872242162922897	3.4	1.4
19820366	cui guizhen	1.1	0.20325586042652882	4.0	0.6
19820366	cuihong yang	1.033333333332	0.12281997187060478	5.6	2.6
19820366	cunde xiao	13.564949494941999	0.0	15.2	7.6
19820366	dai ning	5.866666666666	0.7262836878760496	2.0	1.4
19820366	dai xi	72.81333333334001	2.390392464476271	10.0	12.2
19820366	dai yucheng	4.4	0.3885442823210044	1.4	1.6
19820366	dai yuhong	14.6	0.6974873075361089	21.0	2.8
19820366	dali guo	2.2	0.6312634132598168	3.4	1.0
19820366	dan wang	50.4238201412	2.757716171969105	25.0	23.0
19820366	degang zhao	7.278888888881999	1.1383751271705052	6.4	7.6
19820366	dehua wang	26.139999999999997	0.961737896272642	9.2	4.2
19820366	dejin wu	0.0	0.03771078259008424	1.0	0.4
19820366	deng feng	4.466666666668	0.7087125508356938	8.8	6.4
19820366	deng hongyu	10.333333333339999	3.7552391962583678	14.2	5.0
19820366	deng xiangzheng	15.079693486602	0.7999631870595024	16.4	13.2
19820366	deng youquan	24.48333333334	0.4929600926498665	4.0	3.0
19820366	deqing zhang	7.95	0.4990784546196462	4.4	3.2
19820366	ding jianping	0.0	0.0	0.0	0.0
19820366	ding ke	19.14794871794	0.0	17.0	16.8
19820366	ding lin	111.84761904746001	1.5892979166016707	16.6	3.4
19820366	ding weixin	51.83	1.9190164629868611	6.6	2.6
19820366	ding yuqiang	0.0	0.0	0.0	0.0
19820366	dong xie	33.6	2.833618251622827	5.0	1.6
19820366	dongfeng xue	0.0	0.0	11.0	0.0
19820366	dongge ma	7.340000000006	0.7651761889137788	5.0	2.6
19820366	dongmei zhou	24.073912655980003	1.874066487453979	21.4	14.4
19820366	dongsheng wang	35.98233082708	1.6505445222083317	19.2	16.4
19820366	dongxiao wang	26.543809523799997	1.2157677751671918	8.8	6.4
19820366	du jiulin	24.68571428572	5.140033114112866	7.2	2.8
19820366	du shixuan	20.867660818719997	2.588265913173867	20.8	14.6
19820366	duan zhenhao	0.0	0.0	3.0	0.0
19820366	dujin wang	22.521082251080003	1.7884422423606865	19.6	15.8
19820366	ercang luo	8.18666666668	0.47551541450737833	4.0	2.4
19820366	fajun nan	19.310119047606	1.8560933461622586	6.0	6.6
19820366	fan hongrui	46.16666666666	0.8252841838039291	7.8	3.0
19820366	fan ke	19.12777777778	1.007137331712474	13.8	5.0
19820366	fan ying	46.8933333334	0.6985080108026762	7.4	4.2
19820366	fan yizhong	13.12666666666	0.0	16.4	8.8
19820366	fang haiping	18.264415584412	0.7720841005812658	6.0	5.8
19820366	fei wang	21.999434129074	1.3113976594609682	17.4	19.8
19820366	fei xu	0.0	0.0	1.0	0.0
19820366	feimeng zhou	0.0	0.0	0.0	0.0
19820366	feimin huang	7.3	0.35346153846153844	4.8	0.8
19820366	feiyue wang	4.6	0.20793650793650795	1.6	1.0
19820366	feng huang	30.333333333259997	1.0962079463272079	6.0	4.4
19820366	feng longlong	8.33333333334	4.261165352523034	5.4	4.2
19820366	feng qi	82.58000000000001	1.799612361270666	14.4	6.8
19820366	feng songlin	1.8800000000000001	0.41244888274975083	2.0	2.2
19820366	feng xinbin	39.7945054945	1.1063271786161	16.8	15.6
19820366	feng yuan	10.96666666668	1.625088980541181	2.8	1.8
19820366	feng zhou	42.12144855146	2.0724830084162944	33.6	19.6
19820366	fengchang wu	10.746666666666	0.5879578195890816	5.6	1.8
19820366	fenghua li	46.925	2.36894937799796	8.6	4.4
19820366	fengqi liu	6.288888888888	0.703609461947565	10.8	5.2
19820366	fengtang yang	0.0	0.0	1.0	0.0
19820366	fu gao	0.0	0.0	0.0	0.0
19820366	fu liyun	11.499999999994	1.3839509415222722	8.2	2.2
19820366	fu xiangdong	161.6	2.4593217791116877	1.6	0.4
19820366	fucheng zhang	43.65714285714	1.9523119567250506	27.8	4.0
19820366	fumin lei	55.72000000006001	2.3227246371031964	10.0	4.0
19820366	fuqiang huang	56.346164021179995	2.170970245415681	19.0	15.4
19820366	fuyuan wu	140.4	0.5149135221955818	3.2	1.0
19820366	fuzhou gong	8.8	0.26162921138847955	1.2	0.8
19820366	gan zhang	52.88177476118	2.167024903277565	37.2	16.0
19820366	gan zhihua	33.756666666659996	2.1060151698785576	11.0	3.4
19820366	gang huang	39.5109090909	0.0	15.0	8.4
19820366	gang qin	0.0	0.0	2.0	0.2
19820366	gang su	22.77714285714	1.1314517083269273	8.6	8.4
19820366	gang zhao	10.222884615384	0.806309741198606	15.6	15.2
19820366	gangjian wei	18.37666666668	2.1827979584915624	24.0	3.8
19820366	ganlin zhang	8.3	0.663338359444805	2.8	2.4
19820366	gao guangxia	7.6	0.0	2.8	0.2
19820366	gao hongjun	13.1	0.6741595833819359	2.2	2.8
19820366	gao jie	0.0	0.0	1.0	0.0
19820366	gao jun	43.083333333334	2.3155617758152447	12.0	8.6
19820366	gao mingyuan	11.8	0.25548037889039243	6.2	0.4
19820366	gao xueyun	0.0	0.0	5.0	0.2
19820366	gao yu	2.925	0.9705555051198669	3.6	3.2
19820366	ge maofa	8.635317460316	1.050014596702788	10.0	16.2
19820366	ge wei	17.774048174060002	1.2610655159238484	21.8	11.8
19820366	gehui wang	29.01	2.4805057647837967	9.8	4.0
19820366	geng yanhou	4.0	0.33997609647933985	8.4	0.6
19820366	geng yong	37.180952380940006	2.9386746299341078	13.6	9.2
19820366	genxu wang	20.43555555554	0.7044018347324569	10.4	6.2
19820366	gexia qiao	3.2044444444459996	0.5976085486347035	4.6	6.6
19820366	gong jiming	34.64	2.7434433347262432	6.2	1.2
19820366	gongli tang	34.2	2.9093809537206043	2.6	1.2
19820366	gu hui	7.942857142858	0.47402108234219414	1.8	1.8
19820366	guangbiao zhou	37.598333333334004	0.0	16.0	7.6
19820366	guanghui rao	7.343137254896	0.6124521283103805	10.2	9.2
19820366	guangshe li	70.37444444444	2.4115135094693017	20.4	12.0
19820366	guangsheng zhou	14.947619047627999	0.517109627856758	7.4	4.6
19820366	guangyu zhang	54.216666666660004	3.8936686324569068	17.2	4.4
19820366	gui yu	41.558573021179996	2.190810971640697	30.6	18.0
19820366	guo guocong	8.978823529420001	0.4203093450039919	7.2	5.4
19820366	guo huishan	1.6	0.0	4.6	0.2
19820366	guo jiandong	12.684523809524	1.8818424612563533	7.0	5.4
19820366	guo lianghong	56.0	2.008448386324744	11.0	4.2
19820366	guo yuewei	8.8	0.2694250619701989	2.0	0.6
19820366	guo yuguo	154.65115914784002	3.6193817662515513	25.2	11.2
19820366	guo zhancheng	4.9	0.26924317283171323	1.8	1.2
19820366	guohua zou	4.35	0.9247351820213006	3.8	2.2
19820366	guoliang xu	10.266666666659999	0.20746031746031743	5.6	1.4
19820366	guosheng liu	77.86538461538001	3.5210541042830963	13.2	5.6
19820366	guowei he	7.4	0.2658082975679542	3.6	0.6
19820366	guowen meng	198.28055555556	1.511528794510782	9.6	5.2
19820366	guoyi zhou	34.917142857142	1.0988396289361315	8.6	8.0
19820366	haibin wang	109.3785714286	7.954942263500213	11.0	4.4
19820366	haibin wu	39.61	2.6342066923134313	9.6	3.4
19820366	haibin yu	5.152727272728	0.3398267700908642	5.8	8.2
19820366	haifeng zhang	10.15833333334	0.8234360106669107	6.0	4.2
19820366	haijun zhou	6.712424242430001	1.0660334923483155	9.0	8.0
19820366	hailin wang	16.158298368314	2.39861366704513	14.6	8.2
19820366	hairong zheng	4.402651515152	1.011025806004442	8.2	20.8
19820366	han jinlin	0.0	0.0	0.0	0.2
19820366	han xiufeng	5.535714285714	0.5194771948895592	8.4	5.8
19820366	han yanchun	3.5	0.2250756282083503	2.4	1.4
19820366	hansheng wang	9.527777777778	0.8620665124809316	3.0	2.8
19820366	hao zhengping	56.635000000000005	1.1984460608361283	12.0	4.8
19820366	he hong	10.825	0.41999302428559815	5.0	1.8
19820366	he hongping	28.757142857140003	1.0634652324978726	15.6	16.2
19820366	he huaiyu	16.43333333334	0.0	17.2	3.0
19820366	he jizheng	56.8432142858	2.3131420441462036	13.6	9.0
19820366	he shenggui	27.55717948718	2.478866170325907	15.8	11.0
19820366	he shunping	4.3	0.052655767347246286	1.2	0.6
19820366	he yuan	1.6403870639145999	0.0	4.8	11.0
19820366	he zuhua	0.0	0.0	0.0	0.0
19820366	hong li	41.938042779919996	3.324538707843775	44.8	32.2
19820366	hong liao	13.4	0.9908929786982753	4.6	0.8
19820366	hong wu	8.979545454546	1.7144073280181864	23.6	6.2
19820366	hong yiguang	20.56	0.3427953242783768	5.4	3.6
19820366	hong zhang	15.388245626880002	2.4638948164683065	33.4	46.0
19820366	hong zhong	24.836666666679996	0.0	18.4	5.6
19820366	hongbin ji	68.37988304094	5.774333878804045	12.4	7.4
19820366	hongbo li	17.565555555556	1.25430675813006	8.2	7.6
19820366	hongmei su	7.0	0.0	8.6	3.8
19820366	hongmei wang	6.78738095238	1.7316579498753697	18.2	7.6
19820366	hongqing ling	44.6	2.4871375576106343	4.4	0.6
19820366	hongwei xue	15.6	1.0403041825095056	1.2	0.4
19820366	hongwei zhao	0.4	0.12585933368588048	0.8	0.2
19820366	hongzhi kong	53.75	4.914658113263782	13.4	2.4
19820366	hou jianhui	149.8933333334	3.429569933258486	18.4	5.8
19820366	hou shugui	27.26666666666	1.320030925231933	11.4	2.6
19820366	hou zengguang	18.294839826839997	1.2576641480221622	17.6	23.8
19820366	houyuan lu	20.86	0.6232228093873282	6.8	1.8
19820366	hu jinbo	30.98095238094	1.0487180521655517	7.2	6.2
19820366	hu lihong	20.846666666666003	1.3383008722410044	13.6	10.4
19820366	hu wei	22.39439946018	2.1809868966075747	25.4	13.0
19820366	hu weiming	135.27638888888	1.4795883152787117	21.2	9.0
19820366	hu weiwu	7.177777777779999	0.04394456102639338	6.4	3.8
19820366	hu youhong	10.142157842164	1.563119018211507	12.6	9.0
19820366	hu zhihong	11.8	0.42144004491748854	3.4	1.4
19820366	hua jiang	39.249090909100005	1.9578445539217764	17.2	6.2
19820366	hua xiang	15.88333333334	2.5695752563641605	8.8	4.4
19820366	hualin wang	20.98606060606	2.7310895446239813	17.8	7.8
19820366	huang mingdong	26.666666666665996	3.6732621106322867	2.6	1.6
19820366	huang qingming	20.84905050506	0.7506155863673362	23.0	25.6
19820366	huang shanjin	55.966666666660004	3.840408966173167	6.6	1.8
19820366	huang xun	72.1361111112	4.198847733018427	10.2	4.6
19820366	huang yongping	24.99494949494	1.2557409915240256	11.6	8.4
19820366	huang yongzhen	6.433333333339999	1.1685761072037877	3.8	3.2
19820366	huayun xiao	8.050000000006	0.0	10.4	4.8
19820366	hui lijian	93.6333333334	4.346417458743749	10.6	2.0
19820366	hui wang	20.72846877622	1.9066240106567947	37.8	48.6
19820366	huijuan liu	35.43858646618	2.1821001415759733	28.8	18.6
19820366	huijun wang	9.1	0.12678097158595877	5.8	2.0
19820366	huimin ma	23.24666666666	1.137668691965122	9.6	5.0
19820366	huiru tang	70.08285714286	1.9151908373606124	12.4	3.8
19820366	hushan xu	9.715367965366001	0.527884401128392	6.0	8.8
19820366	ji shen	24.30571428572	0.3773063009416614	10.4	7.8
19820366	ji yang	9.326666666680001	2.071678405672509	6.6	6.8
19820366	jia li	20.858294828739997	2.080767696919017	24.8	31.6
19820366	jia yongfeng	24.16333333334	1.4435687453190926	6.2	3.8
19820366	jiajia liu	15.0	1.6040597438283917	3.2	0.4
19820366	jian zhang	11.839910918598	1.0720158489085345	14.0	14.6
19820366	jiang liu	12.20476190476	0.0	10.8	9.6
19820366	jiang taijiao	9.733333333340001	2.935747400721215	2.0	1.2
19820366	jiang tao	54.53873015872	2.383248743837831	34.0	12.6
19820366	jiang wan	5.735497835486	0.48463864385573013	3.4	4.6
19820366	jiang wei	20.72287581698	1.2047087986802008	17.4	11.4
19820366	jiang xin	9.276190476192	0.8883174564618397	8.2	3.2
19820366	jiang yueming	61.51333333332	0.5166398003489319	12.4	5.4
19820366	jiang zhao	16.11	1.9170930493769525	8.0	3.6
19820366	jiang zhu	8.06666666666	0.7575345442044329	3.8	2.6
19820366	jianggao mao	23.43357716104	1.2331064189893253	25.2	22.6
19820366	jianghua sun	7.85	0.23563333020814112	1.2	1.2
19820366	jianhua ju	19.017619047620002	0.0	20.6	9.6
19820366	jianhua tao	2.8009523809520003	0.0	13.0	10.6
19820366	jianlin luo	4.0589068825984	0.822280658587486	6.2	9.8
19820366	jianmin wang	5.4	0.740534420289855	2.6	0.4
19820366	jianmin yue	7.5	0.18093923930788244	5.2	1.0
19820366	jianqi li	2.3	0.2759626525064222	3.2	0.6
19820366	jianqiu wang	24.118333333334	1.5540691223674912	8.0	5.4
19820366	jiansheng liu	8.128229352352	0.0	11.6	11.8
19820366	jianyuan sun	0.0	0.0	0.0	0.0
19820366	jiaojun zhu	6.219934640522	0.765757783428839	10.4	11.2
19820366	jiawei zhou	31.04	1.9693795592047132	9.8	2.0
19820366	jiawen xia	0.0	0.0	0.0	0.0
19820366	jifeng liu	23.133333333339998	0.0	17.8	3.6
19820366	jifeng xu	59.5266666666	0.6907958467865509	6.4	2.6
19820366	jimin sun	37.07000000000001	0.849623787176197	5.4	3.2
19820366	jin kuijuan	12.524725274736	1.349722365260271	10.4	15.6
19820366	jin zhangdong	48.18888888888	2.305427701861387	16.4	6.2
19820366	jin zhi	23.52222222222	0.9687108623019144	6.2	4.2
19820366	jinbao song	7.08	0.3606179545590001	1.6	1.8
19820366	jing liu	16.3194949495	0.546680209622439	9.2	8.0
19820366	jing yipeng	0.0	0.0	0.0	0.0
19820366	jingbo li	13.442857142860001	0.9709837984830333	5.6	4.0
19820366	jingfu liu	53.26796703296001	2.4154917774087683	27.2	8.0
19820366	jinggen liu	0.0	0.0	0.0	0.0
19820366	jingsong ren	0.0	0.0	0.0	0.0
19820366	jinhu lu	67.85091736702	1.2369078455210238	32.6	13.4
19820366	jinhui yang	151.81571428586	2.223223289864901	23.6	7.6
19820366	jinqiu zhou	0.0	0.0	0.0	0.0
19820366	jinshui wu	24.0	0.14494773519163764	2.4	0.2
19820366	jinsong li	56.14	5.310634968481007	11.8	2.2
19820366	jinsong zhang	10.133333333340001	1.3767157126035576	7.8	7.2
19820366	jinxia wang	31.01	0.799098420752751	10.6	4.6
19820366	jiping liu	12.533333333334	1.7796785997973075	6.4	1.8
19820366	jirong sun	39.91452991452	1.2485920721000867	6.0	5.2
19820366	jiuhong kang	17.46666666666	1.899245500834897	1.6	0.6
19820366	juan lin	0.0	0.0	0.0	0.0
19820366	jule xiao	0.0	0.0	0.0	0.0
19820366	jun lin	22.78333333334	0.2522970263496579	5.2	1.6
19820366	jun wu	13.688471177942	1.2887868469449772	16.6	16.8
19820366	jun xu	13.6	0.8665151428102277	14.8	8.6
19820366	jun yang	13.77282879414	0.0	47.6	67.0
19820366	kaiyou wang	0.0	0.0	1.0	0.0
19820366	kang shichang	33.075256410259996	1.8564010150785433	33.2	23.0
19820366	kang yuehu	0.0	0.0	0.0	0.0
19820366	ke lan	24.006666666660003	0.0	16.8	4.4
19820366	ke xia	10.916666666666	1.3613803802205213	3.2	2.0
19820366	ke xu	8.306412910756	1.774940829965259	12.0	12.6
19820366	kedong yin	0.0	0.0	0.0	0.0
19820366	kong ping	8.366666666666001	0.7818835171139256	3.6	1.0
19820366	laigeng li	90.1	3.949432485371966	4.0	1.0
19820366	lean yu	20.1947270136	0.7070820325688183	11.0	13.4
19820366	lehui lu	87.75	2.876668925913977	16.0	3.8
19820366	lei xiao	37.05	1.7953531532763904	4.2	1.6
19820366	li lin	105.21682539666958	2.591854807631369	11.2	8.0
19820366	li liu	7.307142857139999	0.7562879735233844	8.6	5.8
19820366	li niu	60.23381433378	2.796974679674345	29.8	18.4
19820366	li sheng	14.476102564094	2.743126087540704	15.8	10.2
19820366	li shuqiang	9.250000000006	1.2330461324428135	2.4	2.6
19820366	li shushen	17.533333333334	0.7911781713803265	4.6	3.4
19820366	li wang	12.95714285714	1.037960079658756	9.8	4.6
19820366	li weixue	2.6	0.13559322033898305	2.4	0.2
19820366	li xiaofan	0.0	0.0	0.0	0.0
19820366	li xin	14.16729846732	1.3477602098335422	22.4	20.2
19820366	li xinqi	11.0	1.371130544799286	5.0	2.4
19820366	li xinrong	31.400606060613995	1.0384051171511566	13.2	5.6
19820366	li xinxin	17.23787878786	1.2981681343881353	9.8	9.0
19820366	li xuelong	77.69921422670001	1.3393909102217312	17.6	14.0
19820366	li yaping	40.45	2.5191876533670277	4.8	2.6
19820366	li yongqing	7.542857142858	0.0	5.4	3.4
19820366	li yongwang	27.91900537634	1.062901843814835	16.0	14.8
19820366	li yuesheng	36.15238095238	0.7792125039414064	8.8	3.0
19820366	li yunhai	20.37833333334	0.0	13.0	4.2
19820366	li yutong	7.512121212134001	1.0086389491111811	7.8	8.6
19820366	li zhanting	7.333333333340001	0.3642528745377088	2.2	0.8
19820366	li zhaoliang	7.2666666666666	0.2670343331190347	6.0	2.0
19820366	li zhibo	22.67272727272	1.823041666512463	8.0	5.2
19820366	liang xinmiao	0.2	0.0	1.4	0.4
19820366	libo liu	19.021794871782	0.9728095023478567	10.8	9.8
19820366	lide tian	33.4512820513	1.201201656237134	18.2	6.2
19820366	lijun wan	41.4	0.7887911449330804	4.0	1.8
19820366	lijun wu	77.81333333333399	2.5844587877992806	3.2	2.4
19820366	lin rongcheng	32.35	5.047228957897295	6.6	1.4
19820366	lin wei	127.39663043478001	2.090149138488048	29.2	14.6
19820366	lin yangting	4.4	0.04583224798124512	2.2	0.8
19820366	lin zhang	34.93742923743	2.737194872545545	20.6	16.8
19820366	linsheng song	33.1	1.713465947546025	14.4	9.4
19820366	linxiu zhang	36.65	0.1569652579725175	2.6	1.4
19820366	liu ming	8.385671191552001	1.139275233103589	8.4	13.6
19820366	liu minghua	11.616666666659999	0.6293721746417346	4.8	2.6
19820366	liu qingquan	7.006666666666	0.595732190114483	3.2	2.4
19820366	liu qingsong	37.88	2.1461282972345694	13.8	4.6
19820366	liu shuangjiang	29.252499999999998	1.8797745204883207	14.4	9.6
19820366	liu sijin	45.66571428572	0.0	8.6	5.8
19820366	liu weidong	19.188571428579998	0.8642707810690423	9.0	3.6
19820366	liu wuming	6.453333333340001	0.664768643224483	5.0	3.4
19820366	liu xiaojun	6.333333333334	1.0561124413198266	6.4	3.8
19820366	liu xiaolong	25.566666666666002	5.7482727189465095	6.6	1.8
19820366	liu yimin	31.12294372294	0.9474951904905904	12.4	6.0
19820366	liu yingfang	34.1	3.634874421299491	3.8	1.0
19820366	liu yongqin	21.361904761912	0.0	11.2	4.2
19820366	liu yu	12.15	0.8773481105660664	11.0	7.2
19820366	liu yuanhong	22.11333333334	1.6680237702821668	10.4	8.2
19820366	liu yun	10.886827956982	1.9149435705179854	18.2	23.4
19820366	liu zhimin	32.52268170426	1.95074396570488	42.4	19.8
19820366	liye xiao	3.9357142857140004	0.6058571623470366	3.4	3.6
19820366	lizhu wu	15.51666666666	0.9635988502155778	4.0	2.6
19820366	long mian	0.0	0.0	2.0	0.2
19820366	long miao	46.4	0.0	3.6	2.2
19820366	long yaqiu	9.921904761913998	2.052678335519803	14.6	6.0
19820366	lu riyu	37.133333333333994	1.723148876109747	6.6	2.4
19820366	luo sanzhong	51.35227272728	1.3475397436577705	14.8	7.8
19820366	luo xiangang	28.57222222222	1.1218959210747168	6.8	9.4
19820366	luo xiaodong	14.150051282046002	1.4699281749525326	17.6	14.6
19820366	luo yongming	1.1428571428571999	0.0975	1.2	1.8
19820366	luo yuejia	4.53333333334	0.6238277417897361	3.0	1.8
19820366	ma xiuliang	0.0	0.0	0.0	0.0
19820366	ma xucun	19.04333333334	2.3079011332826047	12.6	8.6
19820366	ma yanwei	15.545826330526001	1.4582622730003851	12.4	14.4
19820366	ma yaoming	17.391190476200002	1.5023761799622721	11.2	5.2
19820366	ma zongyi	0.0	0.0	0.0	0.0
19820366	maoyan zhu	40.47714285714	0.8657622581239168	10.2	7.6
19820366	mei zhang	18.675	2.5752230518077406	10.2	4.0
19820366	meng qingbo	51.48	1.587461235424277	10.2	4.8
19820366	miao zehong	22.53666666666	3.7949919731929924	16.0	7.2
19820366	min tan	8.88352159469	0.23636880427164497	9.8	23.0
19820366	min yang	18.15	0.7631009478503822	6.8	4.6
19820366	ming pingbing	5.8	0.0	12.0	1.4
19820366	minghua xu	19.1213442474	2.0414302762444585	18.0	12.8
19820366	mingjiu ni	15.78666666666	0.9687013144293296	3.6	2.0
19820366	ning ye	27.123333333319998	0.0	15.6	6.8
19820366	ninghua tan	9.13333333334	0.8405319875733663	7.2	3.4
19820366	ninghui sun	4.859523809524001	0.1488887394844364	7.4	8.8
19820366	ninglian wang	19.233333333340003	0.3166995395601443	8.8	3.0
19820366	niu zhichuan	10.839484126983999	0.9939715959204458	6.2	9.2
19820366	pan xiulian	0.0	0.0	0.0	0.0
19820366	pan yongxin	27.45182539684	1.098740787181401	7.6	6.0
19820366	peng pingan	0.0	0.0	0.0	0.0
19820366	peng shi	32.5	1.8903676021432052	9.0	2.0
19820366	pengfei yao	21.2	0.4025770417655332	3.0	1.4
19820366	pengye wang	2.775	0.9282868749408205	5.0	4.8
19820366	ping wang	19.320898332600002	1.9025434294221863	30.4	29.2
19820366	ping xie	10.4840510697	0.7715156606418646	11.0	15.8
19820366	ping zhu	16.240000000000002	0.0	8.0	2.4
19820366	pingheng tan	18.85714285714	2.2690375801417537	16.2	4.2
19820366	qi tao	17.965151515153998	1.3566243391590596	17.8	11.2
19820366	qi zhou	22.486666666667997	1.4692676003948946	5.6	6.8
19820366	qian shengbang	1.22	1.2006203199229426	5.0	2.4
19820366	qianfei wang	7.3	0.0	5.4	3.0
19820366	qiang zhao	104.12956709964001	0.0	18.6	7.6
19820366	qiangbin wang	50.4903968254	0.0	11.6	7.8
19820366	qie xiushu	7.5	0.35793470198744126	2.8	1.4
19820366	qihua wang	9.70535353534	0.960229796552915	19.6	9.0
19820366	qingbai wu	20.95	0.5171214987419589	6.0	1.8
19820366	qingdong zheng	78.3	3.641807786750944	13.2	3.2
19820366	qinglong wu	0.0	0.0	1.0	0.0
19820366	qingshan zhu	17.94666666668	2.1580384660717398	20.4	8.6
19820366	qingyin zeng	19.8	0.0	9.0	2.4
19820366	qingyuan sun	12.228888888880002	0.5233901074552508	5.2	4.4
19820366	qiuhong tang	15.972727272719998	0.0	8.4	4.8
19820366	qiuliang wang	6.928959276018	0.7985045919303235	9.4	11.6
19820366	qiwei zhai	54.733333333400005	2.35441383585819	6.0	1.0
19820366	qu xiaogang	0.0	0.0	5.0	0.0
19820366	qun yang	8.2	0.0	1.6	0.4
19820366	ren wencai	289.2928205128	4.511866827557865	26.6	10.0
19820366	renbin zhan	17.761904761879997	0.5635824850169262	11.8	4.2
19820366	renfang shen	9.4	1.0511021505376346	3.8	0.6
19820366	renzhong tai	7.4966666666599995	2.023891407192143	5.6	4.2
19820366	rong zeng	42.16666666674	1.8942371352826413	5.2	3.4
19820366	ruan yongling	0.0	0.0	0.0	0.0
19820366	ruiming xu	39.2	5.558244810590537	10.4	1.2
19820366	ruiwu wang	0.0	0.0	0.0	0.0
19820366	runzhi zhang	7.6	0.25214567459851817	2.4	0.8
19820366	shangui zhou	3.2	0.0	2.0	0.6
19820366	shaojie wang	1.4	0.23168498168498167	1.0	0.2
19820366	shen shuzhong	8.28	0.09903352887048537	3.2	2.0
19820366	shen weijun	14.03333333334	0.0	11.8	1.8
19820366	shen xu	10.02857142858	0.7693365216603805	8.8	5.2
19820366	shen yanan	0.0	0.0	1.0	0.0
19820366	shi wensheng	43.37333333332	2.66282497020386	14.6	3.8
19820366	shougang zhang	0.45909090909100003	0.3880139026382583	1.4	3.4
19820366	shouke yan	6.959999999999999	0.31392405959619857	4.0	1.2
19820366	shu wang	67.37888888888	3.0074605080392174	14.6	9.8
19820366	shu yousheng	49.6	2.032660550458716	2.2	0.4
19820366	shuli you	41.83138888888	2.1147355131610985	21.2	13.2
19820366	shutao wang	80.87718360072	0.0	26.0	11.2
19820366	song ye	27.6865079365	0.0	22.8	15.2
19820366	su weiping	1.2	0.13567411529761397	17.0	0.6
19820366	sun weidong	30.0	0.414493620414673	2.6	0.4
19820366	sun weiguo	0.0	0.0	0.0	0.0
19820366	sun xiaotao	0.2	0.05695142378559463	0.4	0.4
19820366	suobo zhang	37.232689075639996	1.5221953580436502	10.8	7.8
19820366	suojiang zhang	10.21666666666	0.701518989223489	3.2	2.6
19820366	taihua zhang	33.558168498179995	1.9162260983384551	12.4	7.6
19820366	tang tao	12.633333333333999	0.8488768586521299	13.2	7.0
19820366	tang yong	18.733333333326	0.9791382519914313	6.4	1.8
19820366	tian ye	18.281170875916	2.5646001650393346	14.8	13.2
19820366	tianjun zhou	63.33245614036	2.4074316615974336	26.6	13.4
19820366	tianxiang yue	22.933333333333998	1.1905730601447444	8.0	4.6
19820366	wang wen	35.4	0.26697388632872504	1.0	0.4
19820366	wang xiangdong	26.35	0.53611215156942	6.8	2.6
19820366	wang xianhong	9.744675324678	0.4763701670071372	4.8	5.0
19820366	wang xiaolin	34.9476190476	2.4774457466631747	17.4	4.6
19820366	wang xiaoquan	52.914285714280005	1.7745756111589017	5.0	2.2
19820366	wang xinming	30.945555555560002	2.1337336414772654	29.6	14.4
19820366	wang xunming	35.44242424244	1.7100825530348556	26.2	5.2
19820366	wang yan	16.21946892692	1.9192227286247363	29.0	38.0
19820366	wang yanfei	6.598290598290001	1.2947656731081885	14.0	12.4
19820366	wang yanling	16.70833333334	2.224783261353763	13.2	5.0
19820366	wang yanyi	45.63333333334	0.0	5.2	1.6
19820366	wang yilin	31.458076923079993	1.9422049135781212	23.0	10.2
19820366	wang yizheng	0.0	0.0	2.0	0.0
19820366	wang yonghong	81.28333333334	5.252045703294362	12.8	4.2
19820366	wang yuesi	21.30376811594	0.935341744875559	9.0	11.8
19820366	wang yun	11.002597402589998	0.0	17.4	13.8
19820366	wang zhaohui	26.42245386192	3.002899684242589	19.4	16.4
19820366	wang zifa	22.679025974039998	2.1640944174665284	32.0	12.2
19820366	wang zuoren	42.6	1.6677583237657863	2.8	0.4
19820366	wanhua zheng	5.18761904762	0.9157490393252518	6.4	6.4
19820366	wei yujie	72.37222222222	0.0	9.2	4.8
19820366	weicai yang	112.2	4.732572518625731	15.8	0.6
19820366	weishen yang	9.2	0.38186874304783086	2.2	0.6
19820366	weng yuxiang	13.4911111111	1.3592035123864021	11.8	6.0
19820366	wenjiao xiao	99.68095238102	1.3174593127125918	12.4	6.2
19820366	wenqing zhang	19.465	0.9078981906881444	5.6	4.0
19820366	wenzhi zhao	17.389760239761998	1.3606162613731847	13.8	8.4
19820366	wu xiaoguang	0.0	0.0	1.0	0.0
19820366	wu yirong	1.427777777778	0.0	2.8	3.0
19820366	wu ziyu	0.0	0.0	0.0	0.0
19820366	xiang yu	9.883333333340001	1.9211100306171087	7.6	3.2
19820366	xiangping zhang	24.7587121212	0.0	23.2	17.8
19820366	xianming xiao	23.822987013	0.7469620644309306	11.0	6.6
19820366	xiao zhang	31.6	2.055585319739076	12.6	2.2
19820366	xiaoguang yang	4.1	0.06994975792454554	2.2	1.2
19820366	xiaohong zhou	2.773232323232	0.32353058881062474	4.4	5.6
19820366	xiaolin xiong	101.12	1.7126068019267333	13.8	3.6
19820366	xiaoniu yang	127.07333333334	2.3540741518837933	13.4	4.8
19820366	xiaoping yang	28.3	0.5309876277649563	6.8	2.0
19820366	xiaowei zhan	31.2	1.0237114583948463	11.4	1.6
19820366	xiaoye zhang	0.0	0.0	0.0	0.0
19820366	xiaoyuan yan	30.665714285720004	0.0	26.2	11.0
19820366	xie xin	19.962279942293996	0.0	10.6	8.0
19820366	xie zhiyuan	33.59918093984	3.2209279849142987	35.0	21.6
19820366	xing zhizhong	0.0	0.0	0.0	0.0
19820366	xingang zhang	26.356643356639996	0.0	16.2	10.4
19820366	xingjiang zhou	0.0	0.0	4.0	0.0
19820366	xinyu zhang	1.2	0.0	1.0	0.6
19820366	xiong zhiqi	32.38333333334	2.129278339066297	10.6	2.6
19820366	xu xudong	13.26666666666	1.556549166224226	5.2	1.8
19820366	xu xuejun	6.669696969697999	1.376878956690278	10.6	7.4
19820366	xu zhiheng	39.5	4.174747511733914	4.6	1.2
19820366	xuechu zhen	9.0	1.2788014974911772	5.6	1.6
19820366	xueming yang	0.0	0.0	0.0	0.0
19820366	xunhua zheng	30.41666666666	1.1348114086750165	7.4	2.6
19820366	xunlai yuan	36.97	1.1741508356371253	7.6	3.0
19820366	yan yihua	9.250000000006	0.2871759532907673	6.2	5.6
19820366	yan yonghong	4.561909167368	1.2649044247484278	9.4	18.2
19820366	yang ye	20.0104385965	1.3580477308109395	12.6	13.0
19820366	yang zhenzhong	3.013333333334	0.2366988332621868	1.8	2.4
19820366	yangheng zheng	3.082539682542	0.0	3.0	7.2
19820366	yao yijian	6.2	0.12244833587897885	3.0	1.2
19820366	yao yonggang	3.1	0.2808874624242856	1.4	0.4
19820366	yao zhujun	5.466666666666001	0.5126733500838491	2.8	1.4
19820366	yapu zhao	3.6	0.1428713663288725	2.8	1.4
19820366	yigang zhang	0.0	0.0	0.0	0.0
19820366	yihua zhou	48.739999999999995	4.715020692278676	9.8	2.4
19820366	yin zhan	109.9	4.104426341036499	2.4	0.8
19820366	yongfeng zhou	0.0	0.0	0.0	0.0
19820366	yonggui zhou	0.6	0.1102888675811194	5.0	0.8
19820366	yongqing zhang	0.0	0.0	1.0	0.2
19820366	yongsheng zhao	56.29	2.1926396431423494	10.4	3.4
19820366	yu zhiming	19.6	0.3124264564280813	4.8	1.2
19820366	yu zhiqiang	36.83333333334	2.4368154917759552	12.0	6.4
19820366	yuan zengqiang	86.83333333334	3.6500200604931132	7.8	2.0
19820366	yunlin zhang	36.547698412702005	1.5872604381868836	14.6	6.6
19820366	yushen zhang	0.0	0.0	0.0	0.0
19820366	zhang zhefeng	11.1	0.37073018450870326	2.8	1.4
19820366	zhang zhitao	14.23777777778	0.8739254930647805	9.4	4.0
19820366	zhang zhongping	87.84424242424	2.763456607075464	10.8	5.8
19820366	zhao zongbao	0.0	0.0	1.0	0.2
19820366	zhonghe zhou	30.2	2.0286466515091077	2.8	0.8
19820366	丁克	0.0	0.0	0.0	0.0
19820366	丁奎岭	0.0	0.0	0.0	0.0
19820366	何国威	0.0	0.0	0.0	0.0
19820366	何圣贵	0.0	0.0	0.0	0.0
19820366	何源	0.0	0.0	0.0	0.0
19820366	侯增广	0.0	0.0	0.0	0.0
19820366	傅声雷	0.0	0.0	0.0	0.0
19820366	刘建胜	0.0	0.0	1.0	0.2
19820366	刘明	0.0	0.0	0.0	0.0
19820366	刘迎芳	0.0	0.0	0.0	0.0
19820366	刘青泉	0.6	0.0	1.6	0.4
19820366	卢灿忠	0.0	0.0	0.0	0.0
19820366	叶阳	0.0	0.0	0.0	0.0
19820366	周小红	0.0	0.0	0.0	0.0
19820366	周忠和	0.0	0.0	0.0	0.0
19820366	周琪	0.0	0.0	0.0	0.0
19820366	夏佳文	0.0	0.0	0.0	0.0
19820366	夏春谷	0.0	0.0	0.0	0.0
19820366	姬扬	0.0	0.0	0.0	0.0
19820366	孙兵	0.0	0.0	0.0	0.0
19820366	孙继荣	0.0	0.0	0.0	0.0
19820366	宋卫国	0.0	0.0	0.0	0.0
19820366	宋林生	0.0	0.0	0.0	0.0
19820366	宋金宝	0.0	0.0	0.0	0.0
19820366	宋金明	0.0	0.0	0.0	0.0
19820366	张文清	0.0	0.0	0.0	0.0
19820366	张新宇	0.0	0.0	0.0	0.0
19820366	张玉虎	0.0	0.0	0.0	0.0
19820366	张运林	0.0	0.0	0.0	0.0
19820366	徐军	0.0	0.0	0.0	0.0
19820366	成昭华	0.0	0.0	0.0	0.0
19820366	戴兰宏	3.8	0.4409812840416113	1.2	0.6
19820366	方海平	0.0	0.0	0.0	0.0
19820366	曹军骥	0.0	0.0	0.0	0.0
19820366	朱庆山	0.0	0.0	0.0	0.0
19820366	朱日祥	0.0	0.0	0.0	0.0
19820366	朱江	0.0	0.0	0.0	0.0
19820366	李佳	0.0	0.0	0.0	0.0
19820366	李建奇	0.0	0.0	0.0	0.0
19820366	李建平	0.0	0.0	1.0	0.0
19820366	李志远	0.0	0.0	0.0	0.0
19820366	李献华	0.0	0.0	0.0	0.0
19820366	李玉同	0.0	0.0	0.0	0.0
19820366	林君	0.0	0.0	0.0	0.0
19820366	柳晓军	0.0	0.0	0.0	0.0
19820366	樊菁	0.0	0.0	0.0	0.0
19820366	汪筱林	0.0	0.0	0.0	0.0
19820366	牛智川	0.0	0.0	0.0	0.0
19820366	王志光	0.0	0.0	0.0	0.0
19820366	王慧	0.0	0.0	0.0	0.0
19820366	王楠林	0.0	0.0	0.0	0.0
19820366	王秀杰	0.0	0.0	0.0	0.0
19820366	王赟	0.0	0.0	0.0	0.0
19820366	王鹏业	0.0	0.0	0.0	0.0
19820366	秦伯强	0.0	0.0	0.0	0.0
19820366	罗先刚	0.0	0.0	0.0	0.0
19820366	肖立业	0.0	0.0	0.0	0.0
19820366	胡立宏	0.0	0.0	0.0	0.0
19820366	谢平	0.0	0.0	0.0	0.0
19820366	赵亚溥	0.0	0.0	0.0	0.0
19820366	赵德刚	0.0	0.0	0.0	0.0
19820366	赵红卫	0.0	0.0	0.0	0.0
19820366	邓成龙	0.0	0.0	0.0	0.0
19820366	郑婉华	0.6	0.03717948717948718	1.0	0.2
19820366	郝郑平	0.0	0.0	0.0	0.0
19820366	金奎娟	0.0	0.0	0.0	0.0
19820366	陆日宇	0.0	0.0	0.0	0.0
19820366	陈学元	0.0	0.0	0.0	0.0
19820366	陈少华	0.0	0.0	1.0	0.0
19820366	陈效双	0.0	0.0	0.0	0.0
19820366	雒建林	0.0	0.0	0.0	0.0
19820366	顾长志	0.0	0.0	0.0	0.0
19820366	饶光辉	0.0	0.0	0.0	0.0
19820366	高福	0.0	0.0	0.0	0.0
19820366	高鸿钧	0.0	0.0	0.0	0.0
19820366	魏志义	0.0	0.0	0.0	0.0
19820366	齐涛	0.0	0.0	0.0	0.0
20231570	anyuan cao	70.47802197809999	6.020376065630875	17.6	10.0
20231570	baoguo jiang	9.25	0.3787239723972398	1.2	1.2
20231570	bin chen	16.089194984319995	2.4604089482565508	39.0	29.8
20231570	bin liu	11.2	0.2786117051441049	9.0	2.4
20231570	cai shaoqing	11.90666666666	0.5439766806738076	6.4	4.2
20231570	canfei he	10.57	0.0	10.6	3.4
20231570	changhui zhou	26.1	2.4977193668164936	3.8	0.8
20231570	chen dayue	0.2	0.0	3.0	0.2
20231570	chen ke	18.45	0.26501532713166004	5.4	2.6
20231570	chen min	21.41699411702	0.0	20.4	12.2
20231570	chen peng	0.2	0.128629579375848	3.0	1.0
20231570	chen yuyu	31.953333333339998	0.0	8.4	3.8
20231570	chunjing wei	49.493333333340004	1.313702375954181	7.4	2.0
20231570	chunsheng zhou	47.9	0.3678442609832859	5.2	1.6
20231570	dai lun	25.767121212120003	2.7361888127956475	14.6	8.2
20231570	dai zhifei	12.6	0.9739842420295828	1.4	1.0
20231570	dechun zou	0.0	0.0	0.0	0.0
20231570	fan wang	12.44573529412	2.2897997646835053	14.8	9.6
20231570	fang jing	1.466666666666	0.09612276747008844	4.4	1.8
20231570	fuliu xu	42.6361904762	1.4444400523311622	20.0	7.6
20231570	furong xu	6.066666666666	0.7017339879463039	3.0	2.2
20231570	gan shaobo	16.9	0.7020276372870601	7.2	1.8
20231570	gu ying	12.69111111112	0.0	9.4	5.6
20231570	guo hong	6.98792063492	1.6006850841801938	13.2	18.2
20231570	guo xuefeng	54.71	5.500821204484689	14.0	5.6
20231570	guoping wang	3.920300751878	0.49091030876350583	6.8	8.6
20231570	hanqing zheng	0.4	0.26326064116761183	4.0	1.8
20231570	hansheng wang	5.233333333334	0.0	19.0	4.4
20231570	he jinsheng	49.033333333339996	2.1866012607441974	7.2	2.0
20231570	hongyan liu	32.525	2.16635343648268	15.2	6.4
20231570	hu yongyun	99.46666666666	3.038243509643415	7.4	2.4
20231570	huang jianbin	16.2976190476	0.8414687277603361	9.6	4.8
20231570	huang ruji	0.0	0.0	2.0	0.0
20231570	huazhong tang	14.24666666668	1.415383441592094	10.2	3.4
20231570	jianjun tao	2.05	0.5687754321242547	3.2	1.8
20231570	jianzhong xi	25.01666666666	3.370836175481032	4.8	2.6
20231570	jie shi	23.213076923080003	2.5969143630906038	14.0	5.8
20231570	jinren ni	0.0	0.0	0.0	0.0
20231570	kaixin liu	0.0	0.0	0.0	0.0
20231570	kong wei	23.56666666668	4.166217249957966	3.6	2.6
20231570	li tiejun	32.3	0.9201117364126492	5.0	1.8
20231570	li weigu	19.366666666660002	0.5132394213828655	8.0	2.6
20231570	li yi	5.0	0.38649484781418814	1.8	0.8
20231570	li zichen	33.45	2.716463531266028	25.0	8.8
20231570	limei xu	13.643333333333999	0.0	5.2	3.0
20231570	limin qi	54.01111111112	0.9828373926779861	12.2	3.0
20231570	lingdong sun	70.10566433566001	0.0	57.4	11.8
20231570	liping wei	95.6333333334	4.324676525126797	14.8	5.6
20231570	liu peidong	4.2	0.04225352112676056	1.6	0.8
20231570	liu yuxin	1.955	0.49740223079840346	5.0	5.2
20231570	meng zhiyong	30.1	0.0	7.0	1.2
20231570	min shao	67.1125	2.462599587890401	23.2	12.6
20231570	minghui zhao	16.279999999999998	1.3888242007000806	7.6	4.8
20231570	pengfei tu	27.173333333340004	1.0538915250489476	5.4	3.6
20231570	renxin xu	1.31	0.486786588006032	3.4	2.0
20231570	she zhensu	1.0	0.10154123578430585	9.2	0.8
20231570	shuguang song	106.10666666666	2.034701924005737	9.2	3.2
20231570	sodmergen	8.2	0.6347145659885308	4.6	1.6
20231570	wu yundong	24.951428571420003	1.5058866065953544	28.2	3.0
20231570	xing zhang	6.5410096118580014	1.0789821019854446	13.8	36.0
20231570	xueqing yan	2.6722222222216	0.4646410573485646	4.2	4.2
20231570	yang yong	16.296666666666002	0.0	13.8	4.8
20231570	yawen zhang	150.11597069612	2.7373327739930438	27.2	9.4
20231570	yufeng zheng	4.466666666666	0.20233236151603498	1.2	1.6
20231570	zhang zhixue	13.36666666666	0.5024317617866004	2.8	1.4
20231570	古英	0.0	0.0	1.0	0.2
20231570	朱卫国	0.0	0.0	0.0	0.0
20231570	许甫荣	0.0	0.0	0.0	0.0
20231570	郑汉青	0.0	0.0	0.0	0.0
21193070	feng teng	17.59939948685	1.4570295074905015	16.6	19.2
21193070	li pei	2.772116830538	0.865818562120457	6.4	12.0
21193070	wang yongsheng	7.906578947368	0.8667212417961145	8.8	11.6
21945476	hexing li	41.047004830919995	1.892086589668126	29.2	13.4
21945476	yang zhongnan	80.18333333334	4.324343009643142	3.4	2.2
21945476	李和兴	0.0	0.0	0.0	0.0
24185976	changsheng zhao	34.945627705620005	1.952566627979032	19.4	11.6
24185976	chen yingchun	37.70899595142	1.5896619948448738	23.2	18.4
24185976	fuqiang wen	0.0	0.0	0.0	0.0
24185976	hong tan	27.256277056280005	0.0	24.4	8.2
24185976	jingsong you	33.72034632034	1.6342410960754705	19.4	7.6
24185976	liangang peng	14.8	0.3131706717774829	4.6	0.6
24185976	qiao zhou	0.0	0.0	0.0	0.0
24185976	qingyuan wang	3.6100000000000003	0.28650511559551217	5.6	3.6
24185976	weinian zhang	16.281496281492004	0.6164535681926168	13.2	8.6
24943067	baorong lu	40.166666666665996	1.6571857086826587	5.2	1.4
24943067	changchun wang	32.323333333339995	0.9534063781931399	10.6	5.4
24943067	chen daofeng	15.60095238094	1.1236615688118576	12.4	7.2
24943067	chen daoyong	51.68777777778	2.045290046646625	19.4	7.2
24943067	chen jiang	50.44285714286	0.0	18.6	7.8
24943067	chen zhanghai	12.530158730172	1.6544301215026205	8.6	5.4
24943067	chunhui deng	38.066795777319996	0.0	49.0	16.0
24943067	dalin sun	18.59666666666	1.2436300738334334	10.0	3.8
24943067	dean ta	12.311111111113998	0.0	10.6	5.6
24943067	feng qiu	18.011111111106	0.9589691005136419	10.2	2.8
24943067	huang lihua	9.711746031741999	1.3555768239758381	4.8	7.2
24943067	huang zhili	41.06666666666	2.3867723270109673	3.8	1.0
24943067	jiang zuimin	14.233333333326001	1.6440080812774203	10.4	5.6
24943067	jilie kong	34.48071428572	1.177874026779757	17.4	6.0
24943067	jin qingyuan	0.0	0.0	0.0	0.0
24943067	li xiang	14.226614906839998	0.0	21.6	14.6
24943067	liejia qian	6.417777777777999	0.9235030178864037	8.6	9.6
24943067	liu tianxi	34.264444444443996	1.714053122595066	29.0	11.2
24943067	peiyi wu	24.46666666666	0.9476615033466622	4.8	2.2
24943067	shiming zhou	0.0	0.0	0.0	0.2
24943067	tang yi	22.24285714286	0.6470023646305314	10.0	6.2
24943067	tao yi	68.07263492066001	2.397878012454141	31.6	13.8
24943067	wendong xu	8.833333333339999	0.0	5.0	2.4
24943067	wu yizheng	0.0	0.0	0.0	0.0
24943067	wu yuping	74.07609022556001	0.0	25.4	9.6
24943067	wu zhiying	43.2	1.640659331104842	1.4	0.6
24943067	xia yongyao	66.60855555556	2.332041255425391	24.2	13.0
24943067	yanlei yu	61.22857142858	3.086050195265367	16.4	7.6
24943067	yuan zhenghong	81.6	1.6609329192088325	2.2	2.0
24943067	唐颐	0.0	0.0	0.0	0.0
24943067	蒋最敏	0.0	0.0	0.0	0.0
24943067	陆豪杰	0.0	0.0	0.0	0.0
25254941	baoyuan liu	0.0	0.0	0.0	0.0
25254941	cheng ying	6.366666666666	1.2201515979628972	5.6	3.4
25254941	feng shiping	3.6361904761912003	0.536284094385941	4.4	4.4
25254941	fengshou zhang	3.6270707070699997	0.7473337876540282	8.2	9.6
25254941	li xiaoyan	30.103333333339997	1.3860732215417986	7.6	3.4
25254941	liu yajun	18.83277777778	3.1790859698815175	12.8	6.6
25254941	xia xinghui	30.856666666659997	2.111222790095546	15.4	7.8
25254941	xiangdong zhang	22.616190476194	1.1564327230856746	9.8	6.6
25757504	fubao zhou	3.733333333334	0.569457262140189	4.6	1.4
25757504	jiachen wang	8.066666666666	0.0891304347826087	3.0	1.0
25757504	jianyong qiao	4.7	0.31936845914889767	2.2	0.8
25757504	yuemin zhao	0.0	0.0	0.0	0.0
25757504	缪协兴	0.0	0.0	0.0	0.0
25757504	赵跃民	0.0	0.0	0.0	0.0
27357992	jianfeng zhang	13.4	0.5284263826151209	3.4	1.6
27357992	kang zhan	37.28114718614	0.0	17.8	9.4
27357992	keqiu li	5.138007590132	0.9435658853272251	7.6	16.8
27357992	qing yang	5.970268620276	0.0	17.2	13.8
27357992	qinghua zhu	100.89454545459999	0.9683002057312814	10.4	5.0
27357992	xu yongping	0.0	0.0	0.0	0.0
28813325	renbiao wu	21.1	0.7080451471665352	3.8	2.4
31595395	chengshan wang	0.0	0.0	0.0	0.0
31595395	huang runqiu	0.0	0.0	0.0	0.0
31595395	tuo xianguo	0.24	0.17194481680071494	2.4	2.0
31595395	庹先国	0.0	0.0	0.0	0.0
31595395	黄润秋	0.0	0.0	0.0	0.0
36399199	che wenquan	9.537380952388	0.8562592107671823	11.4	16.0
36399199	jian yang	19.38142857144	0.8307889992496971	20.2	10.4
36399199	yonghao zhao	10.4	0.4252705828597539	2.8	0.4
37461747	bian zhuan	20.325	1.1237493377752112	7.6	4.4
37461747	chen hua	3.1	0.22111200352253202	2.4	1.2
37461747	chuluo yang	39.14181818182	2.429182341433554	21.4	12.6
37461747	daiwen pang	66.2	0.9158899879398381	8.0	2.0
37461747	deyin guo	13.785	1.5489130195727216	7.0	3.6
37461747	dianqing li	13.3333333333334	0.6480276923692679	4.0	2.8
37461747	dihua wang	17.60333333334	2.6122222489235334	21.4	5.4
37461747	feng yuqi	17.65588888888	1.3433446512855647	18.2	14.6
37461747	guoping wang	8.5	0.8444452449630427	3.2	1.0
37461747	huang shuangquan	18.81666666666	2.4798428131364583	8.2	2.4
37461747	huijiang zhao	16.73333333332	0.8418176554932038	7.2	4.4
37461747	li zhen	38.53688255872	2.70985724499437	37.2	26.4
37461747	liu yi	22.777560125062003	1.6082761535936956	34.8	24.0
37461747	lu xin	2.45	0.16870134353746452	1.6	1.2
37461747	mengxiang sun	5.2	0.6241199042136151	1.0	0.8
37461747	shaodong zhang	9.866666666659999	1.3303133756779495	5.2	3.0
37461747	xiaolian zhang	23.98166666666	2.4648090682749837	16.4	8.8
37461747	刘义	0.0	0.0	1.0	0.0
37574244	li shigui	13.2766666666666	0.873041176832646	3.2	3.6
37796252	baocai yin	4.2716783216792	0.05314401622718053	7.2	10.0
37796252	song xiaoyan	11.446215415020001	0.0	18.8	13.6
39333907	fucheng zhang	0.4	0.0	3.0	0.8
39333907	li xiaoli	19.92833333332	0.8999369311824317	10.4	5.2
39333907	liu zhongyuan	10.029494949500002	1.104154452812176	8.2	9.6
40963666	changjiang zhu	30.646666666666	0.452332776929148	6.8	3.6
40963666	guangfu yang	21.893640350880002	1.5267598115714343	16.4	13.2
40963666	peng shuangjie	12.183333333334	0.7428367514176297	8.0	4.4
40963666	yadong yang	4.544588744588	3.1394984103545553	5.4	7.2
47720641	ding ma	12.6	0.0	1.0	0.2
47720641	he li	0.0	0.0	0.0	0.0
47720641	huaichun zhou	6.617606837602	0.9493945424517692	12.0	14.4
47720641	huang shiang	0.0	0.0	0.0	0.0
47720641	huanzhong shi	0.0	0.0	0.0	0.0
47720641	jianfeng zhou	18.42427536234	2.284071886690554	17.4	16.2
47720641	jiang tao	21.77803542673	1.1256482776138959	17.6	20.4
47720641	jun wu	15.678311965807998	1.8699493673726668	12.0	12.6
47720641	liangcheng tu	8.3	1.162961684166465	7.0	2.0
47720641	liu zheng	15.657857142860001	2.7291144605608273	10.8	8.4
47720641	luo xiaoping	0.0	0.0	0.0	0.0
47720641	qingguo xie	5.353424908426001	0.0	7.8	11.2
47720641	xiao yi	5.43333333334	0.628818299091183	5.8	3.2
47720641	xiaolin xie	27.96666666666	1.039358593388101	9.6	3.8
47720641	xinliang zhang	7.167689331122	1.3546054693632317	19.2	50.6
47720641	张新亮	0.0	0.0	1.0	0.0
50760025	lu renquan	24.733333333334002	0.0	11.6	5.2
51622183	hongjie luo	0.0	0.0	0.0	0.0
52158045	cai wanzhi	2.05	0.4540784417616873	3.0	4.8
52158045	cui sheng	9.6	0.7172376765456429	1.8	0.6
52158045	dawei li	16.883333333326	1.1717080008560223	3.4	2.6
52158045	ding yang	0.6	0.03478036175710595	2.0	0.8
52158045	dongtao ren	35.0	1.5205980066445182	1.2	0.2
52158045	hanchun yang	18.191269841279997	1.5920676574279873	4.6	5.0
52158045	jianbo shen	29.000000000006004	1.370133567238398	9.6	2.8
52158045	jinsheng lai	139.03333333334	4.236565669859719	4.0	1.6
52158045	liu qingchang	0.0	0.0	0.0	0.0
52158045	liu xuejun	63.58848484842	0.0	22.6	8.6
52158045	liu zhiyong	35.2	0.6873731242623503	3.8	1.0
52158045	meijia zhang	3.8	0.0	4.2	0.6
52158045	ni zhongfu	35.66666666668	1.5954036596036842	15.8	5.6
52158045	ning yang	0.0	0.0	0.0	0.0
52158045	qiao shiyan	16.68333333334	0.28285341168300243	5.2	2.4
52158045	yaofeng zhao	0.0	0.0	1.0	0.0
55712492	chen shengyong	12.958571428586001	1.0445573246523319	11.0	15.0
58200834	che xiaoyan	24.62222222222	2.6902862613125387	8.6	5.4
58200834	jing nie	8.25	0.7403567858869715	2.8	0.8
58200834	xiangmin xu	5.0	0.1690909090909091	2.6	0.4
58200834	xinhong zhu	22.06666666666	1.6255865674707657	5.0	1.6
59028903	dehai luo	0.0	0.0	0.0	0.0
59028903	geng meiyu	15.801587301582	1.4184572115267686	4.4	4.2
59028903	li sanzhong	62.56034632034	2.496136353312509	31.4	10.4
59028903	liu sumei	49.77111111112	1.716610723825876	12.8	5.4
59028903	wang zhenyu	27.540555555540003	2.02438290682512	9.8	8.2
61057504	taiyun wei	23.859999999985998	2.71433918313741	13.6	4.4
65081225	hailong li	12.8	0.9766246700898945	8.4	3.0
65081225	jianwei li	75.92	2.7646813890499504	13.6	3.6
65081225	jinnan tong	21.93333333334	0.32142535535044015	5.6	2.0
65081225	junfeng zhang	16.99523809524	0.0	8.2	4.4
65081225	liu yongsheng	85.43803827740001	2.098321692385769	21.8	9.6
65081225	shi xiaoying	0.0	0.0	0.0	0.0
65081225	wang yanxin	59.05	0.5290229779512782	3.6	2.6
65081225	zhang zhaochong	16.266666666674002	0.8571784713165173	6.8	7.0
66867065	chungang duan	44.03166666666	2.451864120776345	8.8	5.0
66867065	hebing rui	13.0	0.43370571765239835	6.6	1.8
66867065	jian wu	21.002444444437998	0.0	14.8	14.2
66867065	junliang zhang	25.609952766519996	0.0	25.8	17.4
66867065	ruiliang zhu	6.8	0.9049973533230361	2.6	1.6
66867065	tang zheng	11.92	0.0	3.2	1.6
75390827	biaohua chen	19.56	0.7658752518079135	6.8	6.2
75390827	feng wang	5.454545454546	1.5376404401448216	4.6	3.8
75390827	min wei	34.55618624208	2.568687672445606	26.8	19.4
75390827	sun xiaoming	56.2	1.013546991467286	1.8	1.0
75390827	xiaoping zheng	40.666666666665996	1.0670407784431741	4.4	3.6
75390827	yu zhongzhen	87.8333333334	2.8995918520381165	8.2	4.6
76130692	baoliang chen	49.54888888888	0.0	21.0	5.2
76130692	bo feng	34.341666666660004	2.4686504756606786	12.4	6.0
76130692	chao gao	73.3212121212	3.242381477810882	18.6	9.8
76130692	chen hongzheng	8.01	0.6598590558140278	9.0	4.8
76130692	chen renpeng	11.822222222222	0.6667744047608214	8.4	5.4
76130692	fang qun	21.226666666659998	2.050849824559387	10.6	3.4
76130692	feihe huang	52.129761904759995	2.2114620732378434	20.0	7.8
76130692	fucheng lin	53.0	1.2681620822948088	3.2	2.8
76130692	gongyin ye	26.65	1.717391041429655	13.6	4.4
76130692	he xiaofei	91.27619047613999	1.2792291645065632	16.4	7.8
76130692	honghe zhang	28.0	0.0	4.4	0.8
76130692	huang jun	35.0	2.9687113757052237	8.0	2.2
76130692	jianxin liu	5.75	0.27259286739684396	3.0	1.8
76130692	jin yongfeng	19.5	2.980107014659009	9.8	4.0
76130692	junhu zhou	14.0	0.9691793611780678	3.2	2.2
76130692	lin qiang	13.8396969697	1.2116437501055874	19.0	7.0
76130692	liu weiping	15.914285714286	0.439689475652591	8.0	2.4
76130692	lixin zhang	6.452380952374	0.7489944087930225	14.0	9.6
76130692	luo yaozhi	11.688888888888	0.5594093376163173	5.0	4.4
76130692	luo yingwu	34.6746031746	2.312619556262078	19.8	5.8
76130692	min qiu	24.25320261436	0.0	15.2	8.8
76130692	pan yuanjiang	16.98624404966	1.501632685647934	23.2	26.4
76130692	ping wang	10.9504761904828	1.0523433643885851	10.8	6.2
76130692	qu shaoxing	13.655555555540001	0.0	11.2	7.6
76130692	shen zhicheng	0.0	0.0	0.0	0.0
76130692	su zeng	7.3	0.5695069939633486	2.2	1.2
76130692	tianhua zhou	30.153333333339997	2.869806295691889	7.0	3.0
76130692	wang xiaoguang	8.849523809526	0.734050137734042	12.4	9.0
76130692	wang yizhen	8.895238095246	1.3458119611963224	5.8	5.2
76130692	weijun yang	0.0	0.0	0.0	0.0
76130692	wu zhaohui	6.773529411764	0.27643671020963634	7.4	22.2
76130692	xu yiming	64.32000000000001	0.7410569777361287	6.8	1.8
76130692	xu zhikang	37.83488721804	1.2522041469106333	17.2	10.2
76130692	xudong ye	28.26666666668	0.4593171003126228	8.8	1.4
76130692	陈红征	0.0	0.0	0.0	0.0
76214153	an lizhe	26.878095238080004	0.7933943782629946	7.8	3.2
76214153	baotian pan	12.733333333340001	0.920552352599465	11.6	4.2
76214153	desheng xue	15.453690476198	1.1619694782492709	16.8	10.6
76214153	she xuegong	10.821666666659999	1.2737567928040456	15.0	11.8
76214153	yan zhao	62.56025974026001	2.0177908006320093	8.6	5.4
76569877	aiguo song	6.975007591444	0.9502465003403799	17.6	21.4
76569877	baowen xu	6.680013175236001	0.12354255058838978	5.8	10.8
76569877	changyin sun	8.772727272712	0.7770858239416344	9.4	7.6
76569877	chunxiang xu	23.64	1.1351575740739661	8.0	2.4
76569877	jihong ye	2.9	0.26361850791501223	2.2	1.0
76569877	litao sun	43.16761904761999	0.0	19.8	17.4
76569877	zhang zhijun	40.5	2.8946049143581596	3.4	1.6
80947539	wang xinchen	143.00380952380002	0.0	31.2	9.2
82880672	duan haibin	17.220289855060003	0.0	17.8	13.2
82880672	huai jinpeng	2.9	0.1613863753702345	1.0	1.0
82880672	lijun yang	6.482828282828001	0.0	7.0	7.2
82880672	qingyun wang	21.90666666666	1.1617865972340182	10.8	6.4
83519826	aihua zhang	12.246666666660001	1.7957376310545996	5.8	4.0
83519826	gang hu	20.8009090909	1.3433735730276535	7.0	4.6
83519826	jiahao sha	3.18	0.75967321902692	2.2	2.2
87445476	bai bofeng	8.528343029523999	0.0	10.0	10.6
87445476	changjiu li	36.855238095240004	0.936953708861607	17.6	10.6
87445476	changqing chen	2.0	0.16363636363636364	2.2	0.2
87445476	chen xuefeng	21.712777777779998	0.949451690186238	15.2	8.6
87445476	gangfeng wang	18.09523809524	0.0	17.0	5.4
87445476	guang xi	1.8	0.10220841787106849	2.8	1.0
87445476	guanjun zhang	7.62619047619	1.1374358149374637	8.4	11.6
87445476	jia shenli	5.2099219620940005	0.9671286012048862	11.2	13.6
87445476	jizhong zhao	16.050952380946	0.8533117578555535	10.0	8.0
87445476	li shengtao	8.766666666666001	0.5713768602702052	4.2	1.8
87445476	pengsheng zheng	0.0	0.0	0.0	0.0
87445476	yuan zuyi	5.0366666666599995	3.0547094972463933	7.6	3.6
87445476	李盛涛	0.0	0.0	0.0	0.0
90610280	chen junwu	104.81428571422	2.8455280935466263	16.8	4.2
90610280	cong wang	6.2038961038939995	0.9955569696514577	8.8	9.8
90610280	fei huang	53.40476190482	3.017424512400356	16.8	5.4
90610280	gang wei	2.990197802198	0.27103242306655023	5.8	11.8
90610280	haihui wang	54.7238277512	3.3236086131034326	14.6	9.2
90610280	huanfeng jiang	17.43333333334	0.6445148553067463	5.0	1.4
90610280	li yuanyuan	1.0	0.0	3.2	0.2
90610280	lizhi zhang	22.9125	0.0	24.4	9.4
90610280	qian yu	10.9	0.4120047936052247	4.4	1.6
90610280	qiu xueqing	11.63833333334	0.5324020933941219	5.0	6.0
90610280	shengli xie	2.5	0.1211472774763914	2.4	1.0
90610280	shuizhu wu	20.82285714286	2.1148173952437483	15.2	5.4
90610280	sun zhendong	106.648571428572	0.6096852471520084	4.2	4.4
90610280	xianmin zhang	4.866666666668	0.544206156521919	3.2	5.8
90610280	李元元	0.0	0.0	0.0	0.0
92403157	dang zhimin	39.478632478639994	0.0	11.4	10.4
92403157	yue zhang	3.8	0.11550692924872356	3.0	0.4
96852419	aibing zhang	19.46	0.0	6.0	3.0
96852419	hailiang li	17.367857142859997	0.9347840067706017	12.4	6.0
99065089	baoding liu	62.983613445382005	0.4550732240345269	15.8	10.0
99065089	baoyin hexi	10.74238095238	0.0	16.6	11.6
99065089	chen yubo	92.73333333334	3.4608506417202074	4.2	1.2
99065089	chen zhiqiang	1.7732369385028002	0.0	14.4	46.4
99065089	chongqing kang	10.142727272728	1.368146197643778	9.8	8.6
99065089	chu fulei	11.36136363636	0.2893891977720259	8.4	5.0
99065089	chuanxiang tang	2.1329624060152	0.6183417750294027	4.6	15.4
99065089	chunxiao xu	7.183333333334	0.8516949386835202	5.4	2.4
99065089	dinghui yang	17.24761904762	1.100142985596677	7.8	3.4
99065089	dong xiang	3.8214285714279996	0.17309381506871885	3.2	4.8
99065089	duan yuanyuan	5.795238095238	0.35001648954770453	6.6	4.4
99065089	feng pan	8.5	0.20295566502463055	0.4	0.6
99065089	fengyuan ren	16.3827838828	0.7568522356964457	15.4	13.8
99065089	fuchun sun	12.102	0.52811084432777	11.6	10.0
99065089	gao yuanning	0.0	0.0	0.0	0.0
99065089	gao zhe	5.214682539684	0.8356863945622328	9.2	5.8
99065089	guilu long	10.010277777778	0.34900412736180303	7.0	11.0
99065089	he hongjian	12.3	0.8023858917460689	3.4	0.8
99065089	hongying hu	12.74503968255	1.1215450262826576	12.0	9.2
99065089	huaping xu	48.072597402599996	0.0	22.4	8.8
99065089	hui zhai	16.025	1.7652051603668135	6.2	5.4
99065089	huimin xie	7.211111111111999	0.5668186783593739	5.6	6.0
99065089	ji xiangyang	5.331818181818001	1.2082050656596817	9.4	10.0
99065089	jiang shengyao	2.083333333334	0.2716861380952912	2.2	2.2
99065089	jiangtao wen	13.443939393938	0.7267409500500918	13.2	5.2
99065089	jianmin wang	9.171387433236001	0.5507720435152894	15.0	19.4
99065089	jie zhou	12.740294117648002	1.5044592636151413	21.2	17.6
99065089	jinhui wang	0.0	0.0	0.0	0.0
99065089	junhai yong	4.7	0.4793473355148958	4.0	4.4
99065089	lei liu	37.77918894832	2.690632894672703	13.8	12.0
99065089	li shao	43.990952380954	2.2256968351625193	11.8	7.0
99065089	li xianting	12.324761904774002	1.3848529474079172	18.4	4.8
99065089	li yanmei	13.847077922073998	1.303820482283061	10.4	7.8
99065089	liang xidong	2.3333333333339996	0.0	2.0	0.8
99065089	liu min	15.183333333339998	0.6980905676969991	11.0	4.2
99065089	liu yinghua	8.924891774884	1.1274011122040997	12.2	7.6
99065089	liu yule	29.9	1.0816901408450703	6.6	1.0
99065089	liu yuxi	23.071031746020005	1.378758950536688	15.6	10.2
99065089	lu wei	7.346666666659999	0.0	10.4	2.4
99065089	meirong zhang	35.4	0.4790246238972483	7.8	2.2
99065089	meng yonggang	15.428571428574	0.5272596774251391	11.2	5.8
99065089	ning yan	0.0	0.0	0.0	0.0
99065089	niu zhisheng	6.5288659053360005	0.36880328072644336	13.4	21.2
99065089	peilun rao	0.4	0.0	0.8	0.2
99065089	peng qing	53.43071428572	4.077573791791278	45.4	18.0
99065089	qianchuan zhao	8.765555555556	0.0	17.2	10.0
99065089	sichun zhang	50.8133333334	2.662647604764232	22.2	9.8
99065089	tong zhou	3.833333333333999	0.7451153249675538	6.0	2.6
99065089	wang xiaofeng	35.92571428572	4.341352433323658	13.8	3.6
99065089	wei yongge	40.30285714286	2.8487964692171657	16.0	5.4
99065089	wenming zou	23.400000000019997	0.7382719201066641	13.4	3.2
99065089	xiaobo zhao	15.2	0.30147382911016324	4.6	2.8
99065089	xiaoping zheng	2.573432539682	1.114526008913499	8.4	23.0
99065089	xuegong zhang	33.12727272728	2.173729557962774	8.2	6.4
99065089	yinping zhang	37.18888888888	0.9505216260128645	15.2	7.6
99065089	yongfa zhu	87.11002497504	1.806096203652969	34.8	16.0
99065089	yonggang zhao	0.0	0.0	1.0	0.0
99065089	zhao zhengming	7.2666666666660005	0.1322676062464657	3.4	1.4
99065089	唐传祥	0.0	0.0	0.0	0.0
99065089	王晓锋	0.0	0.0	0.0	0.0
99065089	许春晓	0.0	0.0	1.0	0.0
99065089	陈志强	0.014285714285720003	0.0	0.4	7.6
99065089	颜宁	0.0	0.0	0.0	0.0
108688024	xia yanzhi	0.0	0.0	0.0	0.0
111381250	hailin zhang	21.6666666666	1.9536404160475485	2.2	0.6
111599522	chen jian	1.6	0.252	2.2	0.6
113940042	lu xionggang	19.32894736842	1.9173203452078316	12.8	11.4
113940042	rentao song	17.778412698399997	0.0	13.2	5.4
115488153	chen jing	4.305361305362	0.0	8.0	7.4
115592961	shouqi yuan	1.0611111111112002	0.16192286022849162	1.4	3.0
115592961	袁寿其	0.0	0.0	0.0	0.0
116953780	chen yinguang	38.81027777778	0.0	26.2	10.2
116953780	guoqiang li	5.533333333340001	0.19545554672279844	4.8	1.4
116953780	huang maosong	2.9857142857142	0.2344463971880492	2.8	3.2
116953780	jian xu	29.907878787886	0.8972715954181447	6.8	4.6
116953780	jiang mingjing	22.8	0.7998943812100288	4.6	2.2
116953780	jianzhuang xiao	8.906666666666	0.6726670440346951	11.6	8.0
116953780	tian yang	50.36103896106	3.896424627261596	17.2	7.4
116953780	xiaoning zhang	19.8	0.8824989302524603	5.8	1.2
116953780	zheng zhong	5.8	0.15360000000000001	0.2	0.2
116953780	蒋昌俊	0.0	0.0	0.0	0.0
119045251	xipeng xu	9.0	0.5808263232239963	10.8	2.0
119454577	dong jiang	36.83	1.9357599215734198	19.2	6.8
119454577	futian qu	0.25	0.0	2.0	1.0
119454577	jianwen zou	63.475	3.325844504963128	13.6	4.2
119454577	jun zhu	0.0	0.0	0.0	0.0
119454577	li xianchun	28.7	0.890842273362205	2.0	0.8
119454577	wenhua zhang	111.5	2.290156771308533	3.6	1.2
119454577	zhang zhengguang	35.76936507936	3.398630391108692	12.8	5.8
125839683	baohua ji	0.4	0.0807017543859649	0.2	0.6
125839683	cheng wang	9.132857142858	1.0240215521286977	5.0	3.8
125839683	chun li	18.84555444554	0.0	12.4	10.6
125839683	gengkai hu	23.7	0.4276335403726709	5.6	0.8
125839683	hu jun	2.3666666666653997	0.0	8.6	4.0
125839683	hua huang	1.4	0.0	2.2	1.2
126520041	chaoyang lu	31.480952380946	0.0	16.2	4.2
126520041	chen chusheng	18.34285714286	0.9357413871665623	7.2	3.0
126520041	chen enhong	20.24096320348	1.4392605425005325	13.2	19.8
126520041	chen falai	12.983333333328	0.3700529654281491	4.4	3.2
126520041	chen gao	11.15	1.6917854209818768	3.8	1.2
126520041	chen yuao	37.61666666666	0.0	14.8	3.8
126520041	cui hua	38.15	1.371851182200397	15.8	6.8
126520041	deng zhaoxiang	35.69523809524	0.0	23.2	4.2
126520041	ding hang	6.4	0.0	2.4	2.0
126520041	ding zejun	9.4	0.6156261138227466	4.4	0.8
126520041	dou xiankang	11.46666666666	1.5488036437726205	3.2	1.6
126520041	fang huang	48.2	1.3300820674000349	6.0	0.6
126520041	fei qi	13.824908424898002	1.0106223872654152	11.2	9.6
126520041	fei sun	37.86666666666	3.9771846921820404	6.8	1.8
126520041	fu yao	44.32179292928	2.7083005005419354	33.4	18.6
126520041	gong weimin	17.8	1.0186469037636379	2.0	1.0
126520041	gong xinglong	31.741785714280002	1.013284351928752	20.4	13.4
126520041	guanwu wang	28.16666666666	2.4513016101419924	5.4	2.0
126520041	haiyan liu	31.166666666665996	1.8843849858056962	5.0	1.8
126520041	han liang	3.151515151516	1.578995479545895	5.8	5.4
126520041	haojun liang	0.4	0.09121951219512195	0.6	0.2
126520041	he linghui	11.9	0.5419252852602673	5.2	1.4
126520041	he lixin	5.610714285714	1.675433354720526	6.2	5.4
126520041	hengan wu	28.83472222222	0.0	12.6	6.6
126520041	hou zhonghuai	8.39116883118	0.9692268112652643	20.0	6.4
126520041	houqiang li	14.76814296812	0.9445694330739519	18.4	14.8
126520041	hu shuiming	5.057692307692	1.31081612266998	15.2	5.4
126520041	huang wen	24.30833333334	1.111046232572475	17.0	4.2
126520041	huang yunfeng	10.281318681319998	1.3917812816194128	12.0	8.8
126520041	jian zheng	4.25	0.8643181652091642	4.6	3.8
126520041	jiuhou lei	5.2849816849854	2.3235939694696683	4.2	7.2
126520041	jun wang	35.98984126984	2.484241201231266	25.8	14.2
126520041	junxian wang	43.12307692308	3.39661078310001	5.2	4.8
126520041	kong xu	46.216666666660004	3.4268015023506164	13.8	5.6
126520041	li liangbin	25.97777777778	2.6712563508811926	24.8	7.8
126520041	li tao	8.966666666680002	1.5464585991586908	7.6	4.4
126520041	liwen niu	20.4	1.3226712656956534	3.6	2.6
126520041	ning xu	6.28333333334	1.6319500468917645	5.0	3.8
126520041	qijin zhang	13.693333333340002	0.8461617886507046	5.0	3.2
126520041	qinghua shi	79.2	3.0253267863049063	3.6	0.4
126520041	qun wang	3.5330158730180004	1.2582312469733385	8.6	6.4
126520041	qunke xia	27.03333333334	1.9156070327956858	10.4	2.6
126520041	shao xueguang	13.423809523806	0.8203045507459364	10.8	8.0
126520041	shiqiang wei	10.855294117648	1.4559603917231785	9.2	5.2
126520041	su yucai	12.5	0.4568689434365347	3.8	3.0
126520041	tian zhigang	2.2	0.0	1.0	0.2
126520041	wenbin wu	7.952380952374	0.7846662626014709	10.2	4.2
126520041	xie zhouqing	25.56666666666	2.088757138084293	15.0	5.4
126520041	yongfei zheng	59.7	0.5899781315018198	2.8	1.0
126520041	zhao zifu	87.14888888886	2.494177823575355	29.8	7.0
126520041	丁泽军	0.0	0.0	0.0	0.0
126520041	梁好均	0.0	0.0	0.0	0.0
126520041	郑坚	0.0	0.0	0.0	0.0
126520041	高琛	0.0	0.0	0.0	0.0
135714990	jijun xiong	3.6025793650799995	0.0	8.2	14.0
139660479	chen xiaohong	0.1333333333334	0.011853832442067736	1.0	1.2
139660479	chunhua yang	3.1879413919401998	0.31299417269957475	6.8	18.6
139660479	huaming yang	18.226984126994	1.693299138010461	21.6	6.4
139660479	luo xianghang	39.06666666668	2.893472060634513	18.0	7.0
139759216	ji yuefeng	0.295238095238	0.0	0.6	3.6
139759216	tao xiaofeng	3.4107142857139996	0.2983897099996877	5.2	13.6
139759216	纪越峰	0.0	0.0	0.0	0.0
141649914	chen yiwang	12.833282726034	0.0	20.6	28.4
143413998	shusheng zhang	20.2808372093	1.5032097090147025	22.4	50.2
143593769	feng qian	5.8777777777799995	0.9036184288980541	2.4	5.6
143593769	feng yaoyu	42.83174603176	0.0	14.0	6.0
143593769	jiaping lin	20.17045454546	1.6476525429416604	11.0	7.2
143593769	linyong zhu	43.61142857142	0.0	7.8	4.0
146620803	huang shaoming	15.20727272728	1.4944871135542546	5.2	3.8
148099405	wang yi	0.0	0.0	0.0	1.6
149594827	jiao licheng	6.797044817928599	0.43992402866956715	5.0	11.0
149594827	li zhiwu	34.07316239314001	0.768977774702738	13.4	9.0
149594827	yang yintang	0.9538345864656002	0.5006972065447288	3.2	11.8
149594827	杨银堂	0.0	0.0	0.0	0.0
149594827	焦李成	0.0	0.0	0.0	0.0
151075929	huang yuesheng	4.2	0.301949860724234	4.4	0.4
151075929	jiang jianxin	2.4	0.14615384615384613	4.2	0.8
151075929	liangming liu	9.183333333339998	0.8391281878770428	1.6	2.0
151075929	yin zhengqin	0.0	0.0	0.0	0.0
153473198	cui xiang	6.841666666666001	0.5407474355965527	5.0	3.8
154099455	chuansong wu	0.0	0.0	0.0	0.0
154099455	chunhong ma	23.97362193364	0.0	23.2	7.0
154099455	hu xijun	9.9	0.0	4.2	1.4
154099455	huaijin zhang	11.39175465057	1.5060543862187448	27.8	38.6
154099455	li yuezhong	23.453333333339998	2.164223004592298	7.4	3.4
154099455	liu xiangfa	11.078827838839999	0.5980849791890961	7.6	7.8
154099455	liu yungang	7.461060606062	0.7288149925554785	10.2	8.0
154099455	liu zhanqiang	5.754444444442	0.0	12.2	14.4
154099455	longwei yin	21.0	2.3398583321754165	12.2	3.4
154099455	shishen yan	13.601262626258	1.4447005832701243	13.0	11.0
154099455	si zongguo	27.44222222222	2.375979649659916	13.2	4.0
154099455	yuzhong zhang	30.986634199119997	2.3206881066222964	16.6	9.6
156144747	daping yang	0.0	0.0	0.0	0.0
157773358	chen hao	8.083333333332	0.6357143569635341	3.4	2.6
157773358	chen wen	7.6	0.6723636608531871	1.2	1.4
157773358	chengxin wang	7.6	1.5947363924443894	9.6	0.4
157773358	dan xie	25.1090821256	3.5995594684326577	26.0	16.4
157773358	deng shaozhi	35.13373015872	1.7832874774548082	15.4	8.8
157773358	fan wang	65.738095238088	1.5716335054630943	6.4	3.0
157773358	fan zhong	2.8	0.2656608328304164	5.8	0.2
157773358	gangfeng ouyang	40.71636363636	5.005651009236031	24.6	8.2
157773358	gu jieruo	0.8	0.0	0.6	0.2
157773358	guo xianping	12.683809523799999	0.6972496040732566	12.0	4.6
157773358	he mingguang	31.19166666668	2.5217561341519206	16.4	14.6
157773358	hongbin wang	22.914285714286002	0.0	10.6	4.8
157773358	hongbing ji	12.110699300705999	0.0	10.2	9.0
157773358	hu jianxun	1.3	0.14597557771971026	3.0	0.6
157773358	jia weihua	0.0	0.0	0.0	0.2
157773358	jingxuan pan	29.80666666666	3.169874907144795	5.4	2.4
157773358	lixin yan	17.09	0.5477888345410087	6.0	3.0
157773358	lu tongbu	40.04166666666	1.3027570109753661	13.8	5.8
157773358	mao zongwan	24.733333333334	0.8440829777790183	9.8	2.6
157773358	peng xiang	9.106666666668	0.0	9.2	4.8
157773358	qiang zhang	19.562797903851997	0.0	17.2	13.0
157773358	qingjiong zhang	21.366666666660002	1.2314444444444443	5.0	2.6
157773358	qiu rongliang	35.778205128219994	1.8458345973189652	15.6	9.2
157773358	shuai xintao	52.57777777778	3.413337685499576	10.2	5.2
157773358	wang xuemei	47.236666666599994	0.0	14.2	6.4
157773358	wu zhongkai	32.4	1.7824684201125358	9.2	3.6
157773358	xiaopei yan	0.24	0.013195402298850573	1.0	1.4
157773358	邓少芝	0.0	0.0	0.0	0.0
158842170	fusheng pan	1.61	0.33940390863383907	5.0	6.6
158842170	jian li	11.949576584258	0.0	15.2	20.4
158842170	xun zhu	14.651349965838003	2.449839451522839	16.2	14.2
158842170	yongxing zhang	1.1472222222219999	0.10781412877511558	1.2	4.6
158842170	zhang zongyi	8.2	0.18341346153846155	1.0	1.0
159948400	baiou guan	6.725	0.9304675310073527	10.6	6.8
162868743	chunfeng wang	6.6	0.16279809220985691	1.6	0.2
162868743	denghua zhong	0.422222222222	0.0	0.6	2.0
162868743	feng wei	20.4940655423	0.0	23.6	16.0
162868743	he zhen	3.6774999999999998	0.5709114350025736	6.4	12.8
162868743	jiang zhongyi	41.73291593352	2.2448559704162645	38.0	27.0
162868743	junan ma	42.867179487179996	2.255563488948405	11.8	8.6
162868743	li yali	1.4	0.20524521199067633	1.2	1.0
162868743	liu wenguang	44.21666666668	3.8515779008125826	21.0	6.4
162868743	liu yongchang	10.42586956522	1.5116131712546999	17.0	16.0
162868743	yingjin yuan	11.4625	0.7761753489148987	6.4	6.6
163340411	chen wen	16.2550877193	0.5878646916147492	6.2	6.8
163340411	hongwu tang	4.963809523808	0.5816341289381084	3.8	3.4
163340411	jinhai zheng	6.272380952379999	0.0	7.4	10.8
163340411	ju ping	4.23333333334	0.14017857142857143	4.4	1.8
163340411	唐洪武	0.0	0.0	0.0	0.0
170215575	dou yong	4.4406837606859995	0.2790097171948457	5.6	10.0
170215575	jianmin yuan	0.8	0.19995905217914073	3.0	0.6
170215575	zhaowen zhuang	1.3	0.0	1.4	2.0
173759888	kuang leman	7.266666666659999	0.2822269247550625	5.4	4.2
173759888	liu shaojun	14.611428571420001	1.1035585570659243	7.4	4.4
173899330	chunpeng song	9.4	1.1551307847082495	1.0	1.2
177933477	an huazhang	61.176666666660005	5.619693020652503	11.8	4.2
177933477	cao guangwen	13.027863247856	1.3989726046341648	13.6	10.2
177933477	chen wansheng	15.489166666660001	1.6354812781901606	22.4	14.4
177933477	jiang yuanying	15.39901960784	1.4565432021930254	8.4	8.2
177933477	liu shanrong	55.93333333332599	0.0	8.2	2.4
177933477	pan weiqing	0.0	0.0	0.0	0.0
177933477	qian qijun	14.1952380952466	2.4091475820007124	6.2	5.0
177933477	sun yinghao	16.96666666666	0.7839447203033834	3.2	1.2
177933477	weiping zhang	13.033333333320002	1.5821623334840393	20.6	2.4
177933477	孙颖浩	0.0	0.0	0.0	0.0
180726961	wang yiping	4.4133333333326	0.0	9.4	4.6
183067930	cao zhenfu	0.0	0.0	0.0	0.0
183067930	chen xianfeng	9.397315805992	1.5407841678170076	17.4	22.8
183067930	chongfeng wu	0.0	0.0	0.0	0.0
183067930	dong yi	4.893333333334001	1.2487682663353672	8.6	8.0
183067930	dongmei xiao	39.86428571428	1.160356464256766	9.8	4.0
183067930	fan tongxiang	25.344949494955998	0.0	27.6	11.0
183067930	fu yuxi	8.32	0.08856536471256711	5.4	3.6
183067930	guo minyi	6.14807692308	0.15356368563685635	5.8	7.2
183067930	haiguang xu	3.9857142857139998	2.0824400638839657	10.0	2.4
183067930	he xianghuo	37.438333333334	2.9023926434571914	8.0	3.4
183067930	hongkai xiong	3.6290842490819997	0.0	9.6	14.0
183067930	hu weisheng	9.341333333326	1.429799942845372	9.0	27.8
183067930	hu wenbin	22.53604395604	1.3815108072492503	18.2	11.0
183067930	huang qian	15.34	0.22437994722955143	1.6	2.4
183067930	huiying wu	52.9	1.37009515443344	5.6	2.8
183067930	jiang wei	6.321562881564001	2.119479202493068	8.0	10.0
183067930	jianglai liu	11.4	0.0	3.6	0.8
183067930	jianguo li	0.0	0.0	0.0	0.0
183067930	kong xiangyang	0.0	0.0	0.0	0.0
183067930	li shaoyuan	14.64828062803	0.491751299384359	11.6	14.4
183067930	lin shuangjun	15.567142857146	0.0	11.4	6.0
183067930	lin yi	6.2	1.3849844236760125	0.6	0.6
183067930	lu qinghua	37.7847368421	1.9366066760274752	20.0	8.0
183067930	lu xingcai	18.46666666666	0.0	14.2	3.0
183067930	ma xiong	10.775	2.3862132229905364	7.6	3.8
183067930	nan shen	9.8	1.2885257973453759	11.8	3.6
183067930	saixing zeng	0.3523809523802	0.0	0.6	2.8
183067930	shankai yin	3.9457142857139997	0.9645817022957051	4.0	5.6
183067930	wang xinbing	16.730501089316	1.2062236013091643	16.8	29.2
183067930	xinyuan zhu	21.0968627451	1.8472017870428854	18.6	7.2
183067930	xu yuhong	18.493333333339997	2.294320633420735	8.0	5.2
183067930	yongfeng zhou	42.875454545459995	2.428617698109053	24.4	12.6
183067930	yumin zhao	0.0	0.11758213225673426	0.0	0.6
183519381	songling wang	0.0	0.0	0.0	0.0
183519381	王松灵	0.0	0.0	0.0	0.0
184983240	liu yichun	23.590730837786	0.9248952981466292	12.2	10.2
189210763	hongbin zhang	8.725	0.7318136895274602	11.4	11.4
191208505	bangqin huang	13.797142857139999	1.4055249933942788	9.4	6.0
191208505	chaoyong yang	18.6	1.6071428571428572	3.4	0.4
191208505	chen min	34.40476190476	1.259072095391516	10.6	5.0
191208505	dazhi wang	18.50761904762	0.0	14.8	6.2
191208505	dongliang peng	26.76666666666	0.6737389587224134	5.0	2.0
191208505	haiping xia	27.71666666666	2.0451182788771893	9.4	3.6
191208505	hong zhao	5.483333333334	0.5321242890664826	5.4	2.0
191208505	jiang yunbao	20.752380952385998	0.9790428225556603	11.6	3.8
191208505	jianwei shuai	16.14	1.183581575903458	4.0	1.6
191208505	jun tao	31.31841269842	3.5689813442929377	21.6	7.6
191208505	lasheng long	44.431703296694	1.1999802447780281	11.8	12.2
191208505	liu xingjun	0.7	0.0	0.4	1.0
191208505	lu xin	17.275	1.2707976336023217	11.2	7.0
191208505	ningshao xia	16.481433233426003	2.3858027580843606	11.4	14.2
191208505	qiao wu	14.2	1.296326530612245	3.8	1.8
191208505	wang ye	42.83690476188001	1.1464558927384083	10.8	8.4
191208505	xiaomei yan	19.37619047618	1.975496391804213	9.6	4.2
191208505	yunwu zhang	10.559999999999999	2.318293497855586	3.0	2.0
191208505	吕鑫	16.5	0.8395767221667498	3.4	0.8
191208505	王大志	0.0	0.0	1.0	0.0
191208505	王野	0.0	0.0	0.0	0.0
194450716	chen hong	13.138461538462	0.23545732745405545	6.4	4.8
194450716	chen qijun	53.5	3.2760152181546625	8.6	1.2
194450716	geyu lu	0.0	0.0	2.0	0.0
194450716	hongwei song	9.76	1.028228194086762	1.4	1.6
194450716	hu ping	1.8	0.12274110749758997	3.6	1.8
194450716	liu mingyuan	8.057142857142	0.8981660592511661	5.8	2.2
194450716	lu zhongyuan	18.18126984128	1.830520518431296	13.2	7.2
194450716	wensheng yang	38.120000000000005	1.734670782117862	19.0	10.4
196699116	hua lin	1.3	0.2442425221212611	0.6	2.0
196699116	jiaguo yu	171.53694235578	1.165377605850806	19.2	9.2
196699116	liqiang mai	71.4408963585	0.0	26.2	8.6
196699116	余家国	0.0	0.0	0.0	0.0
204553293	chunming xu	16.8	0.4940452287467756	2.6	1.8
204553293	gensheng li	0.8	0.029310344827586203	0.4	0.2
204553293	徐春明	0.0	0.0	0.0	0.0
204831749	huazhen lin	10.8	0.4373612918037805	1.0	0.6
204983213	dahai zhu	0.0	0.0	0.0	0.0
204983213	fan feng	5.253463203466	0.4673957821275132	6.8	8.6
204983213	feng jicai	11.6	0.12860378104792017	4.2	1.6
204983213	feng yujie	26.204273504259998	1.4119693783007947	11.8	10.2
204983213	han jiecai	11.056776556777999	0.7513220324975654	14.0	11.8
204983213	jun liang	10.780952380951998	1.2751756088393393	8.0	6.6
204983213	qiang ye	30.998888888880003	0.7614103642032569	7.8	7.2
204983213	韩杰才	0.0	0.0	0.0	0.0
205237279	bai chengming	6.8	0.0	1.8	0.2
205237279	baohui li	23.230158730160003	1.6382529989767243	12.8	8.8
205237279	bu wenjun	6.4	0.612313432835821	0.4	0.2
205237279	deling kong	100.33333333334	3.028031217164633	6.8	1.8
205237279	fang yongchun	10.815042735035998	1.0653290585044077	8.2	10.6
205237279	jianguo tian	1.1333333333339999	0.31741158118563995	3.0	0.8
205237279	jianhua xie	26.979220779219997	3.307542468730548	26.4	13.6
205237279	linqi shi	16.025	0.8110654019631547	5.2	3.4
205237279	pingchuan sun	29.152280701760002	1.5188200779616081	11.4	8.4
205237279	sun wenchang	3.548571428571999	0.0	14.0	5.0
205237279	xiaoqing zhu	12.014285714280001	0.7074767042397327	3.6	3.0
205237279	田建国	0.0	0.0	0.0	0.0
881766915	bin shi	10.6	0.06977225672877847	3.0	0.8
881766915	chen guihai	25.657272727271998	0.31465549706462675	8.2	9.8
881766915	chen yang	18.34333333334	2.2929266568705833	13.0	6.0
881766915	cheng jianchun	0.0	0.030700447093889714	2.0	0.2
881766915	daiqian xie	15.104646464640002	1.5296419001132857	10.4	9.0
881766915	gaofei zhang	3.3	0.7120296605865366	1.4	1.0
881766915	gu shulin	9.20818181818	1.2191816715072261	12.6	7.0
881766915	haijun wu	19.366666666666	0.0	9.4	1.4
881766915	hong yan	15.02	1.9170175464581998	8.6	2.4
881766915	hu wenbing	20.616666666660002	1.8422238749465722	12.0	3.6
881766915	hu yuefei	9.306666666666	0.9213434044944819	9.6	2.4
881766915	huang yongfeng	1.6666666666666	0.12095959595959596	3.4	0.8
881766915	hui liu	12.034155844148	0.0	23.4	10.8
881766915	huicheng yin	10.06666666666	0.7656420640048042	6.4	3.2
881766915	ji junfeng	32.18	1.3704904667088038	11.2	5.4
881766915	jiang xiqun	45.67626984128	1.2414615038463759	11.0	6.0
881766915	jilin zhou	10.775	2.0141578273331233	5.8	3.4
881766915	jin zhu	19.85878787878	0.0	9.8	6.8
881766915	jing ma	19.56904761906	1.657097821168577	18.4	7.6
881766915	junjie zhu	40.921568627454	0.7674278158403147	13.0	10.0
881766915	kong lingdong	28.938095238080003	1.5460532551607795	20.8	5.4
881766915	li xuandong	5.64	0.09305471171254105	4.0	3.0
881766915	limin zheng	22.759999999999998	0.6947147709619665	9.6	5.8
881766915	liu zhen	29.331269841259996	0.0	21.2	14.8
881766915	lu xian	0.0	0.0	1.0	0.0
881766915	lu xiaomei	10.388095238080002	1.5918343962717159	12.8	7.8
881766915	peng ruwen	8.816507936508	1.0273433144739985	9.2	5.8
881766915	qingyu wu	0.0	0.0	1.0	0.2
881766915	sheng zhong	13.84	0.0	7.2	1.4
881766915	sun weiyin	21.750411810425998	0.7518392876262641	13.6	13.6
881766915	sun zhiwei	10.616666666666001	0.1900224315743777	11.0	5.2
881766915	tiaojun xiao	20.62777777778	0.0	13.6	4.4
881766915	wan xiangang	52.53714285714	0.0	13.0	6.0
881766915	weiyi zhang	10.6833333333326	0.7322553643103177	3.0	3.8
881766915	xiuqun yang	7.0	0.6709490045916959	2.2	0.4
881766915	xu ying	0.0	0.0	0.0	0.0
881766915	谢代前	0.0	0.0	0.0	0.0
