2423863694
2435248972
2101266726
1811820982
2106520669
2101240970
2169407879
2114795606
2117568215
2101519778
2156498571
2485801996
2430783453
259118630
2130968869
2342412496
2102037186
2104169870
2124222436
2463523865
2147533149
2618341169
2156431734
2471503937
2004954964
2164782366
2304494935
2307619098
2096271176
2243713403
2154120132
2150860615
2111471200
2600321636
2620217620
2126664890
1993688379
2136953855
2104908036
2585669862
2490701366
2171955601
2439877570
2108034294
2125009864
2140420991
2135098536
2110707874
2593542062
2129840949
2121215760
2167911662
2669630631
2171054309
2096072814
2096300312
2119763375
2137005904
2059994571
2147468748
2643812006
2623618940
1637265637
2096593387
2317205900
2138730132
2115096685
2149890508
2599095413
2529592301
2177245446
2464372715
2223707507
2105946567
2101729186
2736152990
2207345732
2136933829
2506769544
2138250145
2483316828
2096883221
2614311846
2489575497
2603841987
2289626938
2113871370
2251034904
2161348131
2137165949
2086581877
2113950879
2104117573
2293648838
2104810978
2165112351
2118137145
2106156992
2425617645
2245092705
2618792320
2303091550
2167316255
2519154089
2016189893
2157655962
2517218746
2585796070
2585426535
1910347612
2420797795
2129418036
2130647009
2114268393
2138812682
2163876039
2142600833
2017396131
2499187671
2136816253
2171646946
2155024381
2135958607
2106917834
2155500052
2121443691
2528072962
2129593249
2146048256
2124225101
2299437103
2107803903
2167979857
2120394816
2245040899
2506920196
2155752892
2167758628
2428973165
2154538814
2169899449
2157960410
2124980087
1968812139
2122451041
2121799127
2578399752
2309164315
1126371583
2490185788
2174116335
2420186739
2157101960
2577624551
1972562975
2096130056
2135189109
2101740809
2109376833
2096224780
2300692282
2428429988
2588988522
2509319508
2152922038
2620912768
2143517294
2250419888
2133738430
2121991166
2572966537
2095926508
2134507548
2155508843
2101790054
2124457473
680543339
2109788877
2141859088
2112004371
2156070389
2099094960
2105823394
2682361799
2669455673
2629046442
2169565136
2139383353
2572577206
2645410941
2322488068
2698923267
2526354806
2235351327
2115863081
2051112775
2221072935
2131857602
2320426110
2279508135
2149967164
2102715665
2674843675
2197204323
2121069363
2105781040
2610397620
2297341045
2117782603
2438976802
2146436343
2120317704
2126971597
2160966931
2683236842
2122303705
2142251200
2135920179
2706688620
2101867916
2127389950
2154701305
2148887477
2569637065
2482558687
2586495105
2164096993
2158149647
2139359872
2273517658
2107184605
2130533168
2249889733
2105004084
2467333156
2163948149
2097630498
2235950228
2309133828
2143737760
241592301
2132032762
2685000871
2110091597
2109351857
2269141726
2102216805
2144967616
2168088888
2620743261
2095973066
2114173801
2436231491
2583711942
2142144324
2633136282
2136696627
2158260898
2147008306
2135471349
2137266704
2168703332
2301860113
2132452411
2105015565
2420702928
2116122190
2137872106
2128505437
2125492118
2108134994
2161572675
2145805884
2111894757
2101336747
2104594067
2684097888
2430668537
2564746783
2672612038
2097784377
2290637690
2097470770
2597524415
2113707818
2151467832
2165440259
2107573700
2007547991
2107811228
2143804335
2119546815
2132371958
2108626641
2140835453
2625380526
2590361030
2298187013
2118298011
2113043869
2161735462
2110705915
2763403883
2116209495
2158255297
2709743151
2096256243
2122960772
2428845296
2235471002
2171200862
2132946446
2252247208
2115039528
2168145360
2112651016
2425472716
2545898039
2518223341
2149179121
2152986995
2585927258
2331439848
2114361230
2118299508
2299076990
2168636615
2154473071
2499659807
2170764363
2527066934
2585157491
2263887713
2111332042
2164946101
2709438096
2151497270
2564512449
2106233588
2170606828
2596045860
2225391444
2558096301
2704480455
2101921658
2094052010
2123182407
2123995904
2306346593
2575498750
2116873136
2110349578
2131688799
2129456769
2102270311
2126121460
2130638385
2196459595
2152759239
2150238559
2243692557
2152263836
2169646040
2145801676
2126386058
2557936967
2148219056
2117485077
2141240247
2143875236
2106974805
2140415916
2123910355
2583840783
2159641247
2157213243
2550412142
2130006258
2151841224
2165290838
2103116688
2143249676
2141917321
2490532619
2098350942
2165347178
2467808327
2524716205
2114317941
2148571677
2672872526
2151882070
2162608454
2096504552
2106659691
2110797574
2155241416
2423985264
2128406112
2303408767
2467165878
2172282589
2327844854
2144399546
2117626141
2582634567
2142603089
2142521509
2343833113
2081450660
2142476884
2395153991
2155410336
2102380888
2500836872
2100858094
2097059535
2693722088
2572753407
2668851114
2109064762
2262385899
2323573072
2265464800
2153729420
2560877256
2776609185
2112126268
2164306456
2194481242
2169327097
2264628315
2134475986
2573061670
2303916260
2625091181
2223796977
2159011737
2170746678
2170033343
2619315278
2116559141
2601428267
1968948896
134072846
2129696040
1342033561
1858722361
2643372635
2124613142
2136575268
2621430112
2133458302
2119972174
2166101634
2120140305
2155077995
2505237151
2099898379
2648703612
2145801772
2236867554
2596966651
2162116654
2105591820
2122921279
2151338004
2167387482
2099536266
2143875278
2151411149
2307673999
2303073511
2150645749
2599026875
2571543092
2664875949
2247273528
2667190869
2226937957
2468691129
2493107792
2166293065
2012674138
1236973206
2101476622
2169652390
2583219095
2168143308
2327747144
2604750650
2161639598
2157204938
2688455705
2161364670
2122177297
2123838230
2098491570
2649963885
2147469531
2154799673
2089222651
2112273716
2031479677
2724872233
2559975655
1225317958
2152129726
2752021877
2610454923
2151084988
2617157005
2143560452
2142528260
2125050832
2129438427
2138942620
2117647565
2129452128
2158637162
2551188948
2558121541
2135487126
2098219782
2590626426
2304708675
2308693179
2119380415
2107490671
2778124847
2639767613
2100570559
2072159334
2653849141
2138694383
2192254066
2154459738
2321558102
2099020214
2150448886
2505133586
2235888740
2117553164
2097207902
2121403715
2150814619
2165913566
2105269132
2252455567
2138788641
2120162492
2582457136
2148692915
2431320349
2165182151
2140139299
2125874394
2134593789
2150143441
2564120281
2558682455
2132499049
2147182381
2749112847
2096543976
2619327966
719783363
2109042203
2154367007
2236599932
2095892170
2239686435
2150962668
1979207691
2666000811
2305287551
2238150253
2130371764
8167851
2612818936
2691119769
2307335826
2652834205
2151111624
2138515857
2141557542
2125682841
2096386199
2120971950
2599974333
2241452699
2605386677
2098712983
2652397350
2625163221
2171793099
2304020625
2161282059
2120048231
2130687195
2609137751
2113496154
2107094063
2626025562
2607622088
2655940493
2167901638
2130233059
2113648768
2117310676
2735341471
2107521940
2129036690
2168149035
2160530418
2129285711
2169842180
2150662063
2106228171
2164157085
2140193922
2657060330
2153333472
2193636198
2212034063
2572299092
2154147473
2112394150
2610136632
2267357186
2167716309
2126887540
2145588887
2096321700
2637569646
2130924367
2615102315
2685909078
2138774193
2570467540
2583332178
2145699650
2122193271
2118483151
2323686043
2431455375
2714818106
2160587199
2761242835
2549424322
2099460795
2731373980
2170085096
2150822877
2097649935
2105361934
2095885832
2101881875
2157899901
2156061973
2670541404
2021996926
2512611275
2128579718
2309691742
2444411017
2099480643
2121523516
2184041548
2131079553
2122576518
2144983540
2581456552
2110984307
2651831884
2036025750
2127909259
2147480086
2161281631
2046677457
2165129454
2665688544
2114362624
2103274962
2747122479
2161344787
2147119203
2602803908
2656454723
2222010542
2104873046
2153403073
2124841962
2165522783
2110809243
2316252289
2421134446
2163564647
2152746768
1945329861
2136115836
2586892900
2120965470
2142477919
2472746478
2687212611
2293219852
2187278809
2108896006
2304986032
2112187811
2107726642
2167043544
2538491856
2499512103
2137930062
2599663233
2124707982
2156872840
2583990910
2155203226
2176810612
2161122016
2482903946
2245214548
2121262826
2130779389
2154690304
2707215890
2104415777
2185613937
2099254133
2506212675
2568110818
2187214087
2160041688
2691761383
2142606130
2132908064
2579594571
2672741848
2119394733
2230265955
2136266794
2250234745
2482613009
2704079037
2423501223
2618044699
2638443532
2096264089
2686917406
2420721969
2111276463
2132053256
2223847123
2552403349
2163230821
2637925846
2156048252
2569360905
2552152551
2112621182
2115034244
2778389430
2161294656
2109636682
2141591688
2099094270
2141239370
2143414206
2663520892
2106989669
2301499624
2113185932
2608156510
2108375291
2128988761
2110473235
2470631395
2259399147
2147856635
2199629150
2125868245
2144244693
2305919268
2171373538
2137467464
2421131083
2276152985
2614424582
2168473544
2128836615
2127181958
2096236940
2205371838
2117715968
2108708388
2125201152
2153093055
2152742497
2128961535
2425950242
2497099214
2117615860
23695802
2155053817
2427666413
2287429527
2141044430
2154845982
2127628539
2119748216
2136549642
2003165644
2132246969
2609782886
2513490537
2122010476
2113542901
2095940946
2778901814
2218715893
2647359094
2140299053
2144161069
2106348166
2144806485
2121376638
2583554384
2108691189
2776741894
2635254491
2695103898
2109099773
2551567325
2164864761
2154038270
2164380808
2615199620
2071998504
2137888961
2150321504
72047946
2177855532
2635277405
1770419413
2096225661
2574659337
1972320896
2747018825
2115979104
2628026287
2108499568
2133344717
2142834820
2099250567
2259978413
2624534586
2151071109
2145303506
2097093281
2141922035
2750229706
2142236357
2131464134
2695140909
2124458555
2466349405
2161289470
2617477523
2154642950
2132229286
2697861289
2603153112
2105634974
2113319397
2077703186
2166072646
2131274496
2150413527
2167322902
2443384450
2634692018
2124468905
2196568245
842037
2198106591
2258153833
1975294417
2429134211
2426973820
2118214211
2116004973
2594488950
2292864690
2003632787
2025763354
2696778657
2163570495
2623953262
2441598949
2141954396
2674239164
2309187068
2169749833
2128005576
2474919475
2122210000
2130446888
2177955397
2103584406
2116375788
2115208004
2609889729
1881842846
2115955933
2703892096
2645922475
2296595471
2231487564
2778429779
2129572409
2141043845
2780914239
2161096072
2123557187
2420664774
2439678994
2159206680
2236023538
2735931832
2343751466
2577879507
2294042172
2530309766
2167170244
2617299861
2641249074
2128684847
2582602085
2123485745
2422378326
2147835917
2122751853
2542327831
2308256259
2129707538
12088164
2619763753
2122739653
2112451192
2610449870
2142540666
2190332578
1384196968
2126968285
2147887109
2136179193
2103451196
2160785160
2120207348
2150041333
2656577137
2235413275
2111175337
2116008615
1999704061
2168776308
2124403451
2502068411
2162670899
2116466705
2122710088
2135927516
2566536478
2519432510
2141739943
2096383815
2170981137
2134835601
2167941445
2162991425
125694532
2617145875
2280650151
2248182573
2191402932
2123306026
2304084810
2100161364
2109797586
2125086336
1880976219
2657228645
2117054624
2163258159
2183942996
2664069056
2104423096
2104259714
2430222803
2132852458
2039801083
2287948179
2119571818
2440571190
2251657612
2081130532
2151090628
2514705995
2101308751
2086965096
2116119152
2167922976
2102243677
2140142482
2032104448
2565220215
2131442170
2110753830
2761594101
2047517919
2097346130
2684446373
2599933360
2136036615
2148269573
2108581453
2120979678
2106980268
2131075225
2584951063
2253737003
2096042674
2514083705
2593610793
2428719819
2114072197
2111599228
2355500693
2205470096
2661062812
2156395590
2305880237
2777267753
2100051933
2140246466
2104879825
336991397
2126670394
2125785075
2138623437
2243585430
2096658368
2444676853
2158768696
2227996592
2617145017
2119012425
2154970772
2161630513
2583978275
2106281576
1988031962
2163116786
2582823888
2573243793
2295270651
2167430128
2137721112
2131706324
2165118231
2620979493
2606761933
2430418512
2095987900
2528802866
2102960998
2233307994
2111405469
2460222195
2532505512
2156057592
2651029627
2127412708
2278593545
2139563917
2132056394
2161752117
2695156146
2629758138
2146306046
2169354526
2167432162
2097076567
2225462145
2630323486
1995952108
2607921394
2215796638
2585832987
2166524114
2144857100
2558476565
2304458524
2334373290
2169184086
2157274563
2158302723
2236413543
2171745429
2112722258
2163809637
2123985438
2657481909
2131378765
2114975082
2171204101
2132966298
2681477211
2133938339
2153464239
2627135579
2113277774
2307697009
2118371760
2237541417
2462394557
2163554368
2106340623
2149466897
2309728730
2158783344
2137787012
2134062735
2567668220
2204775031
2170547846
2111754571
2420880613
2768145722
2234104560
2130877461
2316372243
2151150107
2133263018
2128273557
2484236144
2253936662
2696719243
2238358095
2099033448
2777969829
2165632109
2119846317
2435034426
2471024582
2148252713
2109137159
2165487645
2165039334
2307014634
2572855291
2103130315
2318751012
2311712812
2118257724
2133024693
2617352438
2606624860
2297109039
2780817638
2647013095
2201735012
2118779695
2781286171
2168740874
2666810207
2154940096
2115440492
2492406983
2504548383
2279202333
2016451659
2129031682
2690184982
2158269646
2134359195
2645374424
2170530196
2649939361
2101658581
2111757033
2182911313
2557235859
2420934537
2155560721
2472815583
2104412229
2434856473
2159209699
2110775846
2131759505
2113264552
2305434694
2129315804
2137543114
2552163634
2617359486
