2423863694	0.285224991498
2435248972	0.386413551867
2101266726	0.28363299108
1811820982	0.28363299108
2106520669	0.389263153218
2101240970	0.412063951354
2169407879	0.289111838745
2114795606	0.306849950196
2117568215	0.28363299108
2101519778	0.28363299108
2156498571	0.891981261462
2485801996	0.354590259498
2430783453	0.28363299108
259118630	0.28363299108
2130968869	0.28363299108
2342412496	0.453213447959
2102037186	0.28363299108
2104169870	0.442602171572
2124222436	0.279399779649
2463523865	0.404872907869
2147533149	0.736433409043
2618341169	0.28363299108
2156431734	0.540703587608
2471503937	0.546173116992
2004954964	0.28363299108
2164782366	0.28363299108
2304494935	0.33431165381
2307619098	0.28363299108
2096271176	0.763552724436
2243713403	0.339941667899
2154120132	0.28363299108
2150860615	0.461423087457
2111471200	0.323077603748
2600321636	0.28363299108
2620217620	0.28363299108
2126664890	0.998969471256
1993688379	0.28363299108
2136953855	0.419410110428
2104908036	0.28363299108
2585669862	0.447515153126
2490701366	0.28363299108
2171955601	0.31480519911
2439877570	0.316512943466
2108034294	0.28363299108
2125009864	0.353919129186
2140420991	0.292272212176
2135098536	0.28363299108
2110707874	0.783477245646
2593542062	0.28363299108
2129840949	0.883560900925
2121215760	0.436867625282
2167911662	0.808722507127
2669630631	0.372417743635
2171054309	0.559854842498
2096072814	0.28363299108
2096300312	0.341001177137
2119763375	0.994297728056
2137005904	0.332446098276
2059994571	0.294444716783
2147468748	0.356914450972
2643812006	0.28363299108
2623618940	0.28363299108
1637265637	0.833426569514
2096593387	0.342032897024
2317205900	0.28363299108
2138730132	0.784989508656
2115096685	0.28363299108
2149890508	0.314061396005
2599095413	0.28363299108
2529592301	0.303140006221
2177245446	0.28363299108
2464372715	0.28363299108
2223707507	0.306937824403
2105946567	0.292201599515
2101729186	0.28363299108
2736152990	0.289358381898
2207345732	0.320879103523
2136933829	0.28363299108
2506769544	0.287915624803
2138250145	0.95271016346
2483316828	0.28363299108
2096883221	0.28363299108
2614311846	0.335534992368
2489575497	0.304349009656
2603841987	0.296326502821
2289626938	0.379119730238
2113871370	0.337739607435
2251034904	0.568767138814
2161348131	0.309649649821
2137165949	0.436113903549
2086581877	0.444680000973
2113950879	0.28363299108
2104117573	0.28363299108
2293648838	0.690754686607
2104810978	0.28363299108
2165112351	0.957666416107
2118137145	0.295151727819
2106156992	0.346581711641
2425617645	0.557685062712
2245092705	0.586461453387
2618792320	0.28363299108
2303091550	0.28363299108
2167316255	0.541676058014
2519154089	0.391000007273
2016189893	0.28363299108
2157655962	0.288585626337
2517218746	0.28363299108
2585796070	0.512595724344
2585426535	0.356542956881
1910347612	0.28363299108
2420797795	0.307818337795
2129418036	0.300507065978
2130647009	0.28363299108
2114268393	0.28363299108
2138812682	0.28363299108
2163876039	0.437958629014
2142600833	0.942444102684
2017396131	0.28363299108
2499187671	0.28363299108
2136816253	0.28363299108
2171646946	0.956552232384
2155024381	0.301011933319
2135958607	0.290606048327
2106917834	0.344604291616
2155500052	0.346143752327
2121443691	0.603647387337
2528072962	0.291335581851
2129593249	0.379555887825
2146048256	0.499352576219
2124225101	0.324400329295
2299437103	0.28363299108
2107803903	0.28363299108
2167979857	0.28363299108
2120394816	0.28363299108
2245040899	0.28363299108
2506920196	0.311768597841
2155752892	0.359814293453
2167758628	0.73301980178
2428973165	0.28363299108
2154538814	0.992775308139
2169899449	0.28363299108
2157960410	0.341859041922
2124980087	0.373883312898
1968812139	0.273547240631
2122451041	0.440639035603
2121799127	0.680800712538
2578399752	0.287151101884
2309164315	0.317435825612
1126371583	0.28363299108
2490185788	0.278134715094
2174116335	0.305641266961
2420186739	0.28363299108
2157101960	0.310318686902
2577624551	0.28363299108
1972562975	0.501042400519
2096130056	0.28363299108
2135189109	0.629674955167
2101740809	0.28363299108
2109376833	0.330534075451
2096224780	0.401373630287
2300692282	0.28363299108
2428429988	0.28363299108
2588988522	0.349628481033
2509319508	0.28363299108
2152922038	0.28363299108
2620912768	0.305419941601
2143517294	0.28363299108
2250419888	0.286245558954
2133738430	0.296912001296
2121991166	0.543546065122
2572966537	0.353695754514
2095926508	0.369834584148
2134507548	0.28363299108
2155508843	0.28363299108
2101790054	0.628838347834
2124457473	0.585176822209
680543339	0.28363299108
2109788877	0.313172527813
2141859088	0.568318931835
2112004371	0.303753197744
2156070389	0.87911254214
2099094960	0.322726064052
2105823394	0.352819779248
2682361799	0.28363299108
2669455673	0.28363299108
2629046442	0.53730534552
2169565136	0.28363299108
2139383353	0.28363299108
2572577206	0.608685888803
2645410941	0.299778871109
2322488068	0.380261145441
2698923267	0.457048206705
2526354806	0.296238231418
2235351327	0.428959731929
2115863081	0.28363299108
2051112775	0.74846725184
2221072935	0.29912112217
2131857602	0.876226975935
2320426110	0.28363299108
2279508135	0.407200618067
2149967164	0.293129282321
2102715665	0.290894404572
2674843675	0.28363299108
2197204323	0.291965063537
2121069363	0.296165641113
2105781040	0.285032636477
2610397620	0.378549947936
2297341045	0.289358381898
2117782603	0.303719226894
2438976802	0.28363299108
2146436343	0.28363299108
2120317704	0.363387395818
2126971597	0.603594562239
2160966931	0.62500842718
2683236842	0.271558318234
2122303705	0.28363299108
2142251200	0.28363299108
2135920179	0.29495899616
2706688620	0.310027430585
2101867916	0.328919170818
2127389950	0.818693971154
2154701305	0.722401836383
2148887477	0.42325170846
2569637065	0.385476794132
2482558687	0.28363299108
2586495105	0.28363299108
2164096993	0.315479304661
2158149647	0.295566877566
2139359872	0.520911422511
2273517658	0.312374506782
2107184605	0.28363299108
2130533168	0.303140006221
2249889733	0.305035599047
2105004084	0.527204992585
2467333156	0.490414859342
2163948149	0.28363299108
2097630498	0.344013748135
2235950228	0.303781283143
2309133828	0.28363299108
2143737760	0.28363299108
241592301	0.28363299108
2132032762	0.28363299108
2685000871	0.28363299108
2110091597	0.736446743612
2109351857	0.720589219395
2269141726	0.331575340405
2102216805	0.610244369353
2144967616	0.584725974517
2168088888	0.311276999169
2620743261	0.328111936792
2095973066	0.288572904552
2114173801	0.317168624724
2436231491	0.287551615867
2583711942	0.289358381898
2142144324	0.852611516149
2633136282	0.312287369195
2136696627	0.71918729411
2158260898	0.352565417152
2147008306	0.28363299108
2135471349	0.28363299108
2137266704	0.359129882882
2168703332	0.578680756713
2301860113	0.461105591471
2132452411	0.89996448236
2105015565	0.289358381898
2420702928	0.28363299108
2116122190	0.494562959847
2137872106	0.306610039974
2128505437	0.28363299108
2125492118	0.28363299108
2108134994	0.31691624837
2161572675	0.733661561116
2145805884	0.28363299108
2111894757	0.326552961349
2101336747	0.28363299108
2104594067	0.28363299108
2684097888	0.315029306485
2430668537	0.530486439704
2564746783	0.289358381898
2672612038	0.307897467579
2097784377	0.28363299108
2290637690	0.307240779649
2097470770	0.365446424221
2597524415	0.303140006221
2113707818	0.328682101992
2151467832	0.306937824403
2165440259	0.457974731694
2107573700	0.355517615009
2007547991	0.366631820387
2107811228	0.301808564291
2143804335	0.447712146409
2119546815	0.347192101793
2132371958	0.338669923042
2108626641	0.25405233428
2140835453	0.28363299108
2625380526	0.316990903003
2590361030	0.343492166947
2298187013	0.297448886612
2118298011	0.28363299108
2113043869	0.28363299108
2161735462	0.293291635245
2110705915	0.494201313106
2763403883	0.515992646349
2116209495	0.28363299108
2158255297	0.399773143274
2709743151	0.343895294604
2096256243	0.992194615384
2122960772	0.335097627991
2428845296	0.32793433348
2235471002	0.353817952589
2171200862	0.28363299108
2132946446	0.28363299108
2252247208	0.28363299108
2115039528	0.641928051345
2168145360	0.381417759031
2112651016	0.29944784925
2425472716	0.28363299108
2545898039	0.2950965504
2518223341	0.28363299108
2149179121	0.340840902635
2152986995	0.433225784593
2585927258	0.358086400621
2331439848	0.32131636519
2114361230	0.386361571684
2118299508	0.28363299108
2299076990	0.28363299108
2168636615	0.339393597912
2154473071	0.538870147312
2499659807	0.28363299108
2170764363	0.285167015296
2527066934	0.28363299108
2585157491	0.28363299108
2263887713	0.421896728659
2111332042	0.298635970947
2164946101	0.446118153271
2709438096	0.295151727819
2151497270	0.329068260763
2564512449	0.28363299108
2106233588	0.574338323307
2170606828	0.331140127017
2596045860	0.28363299108
2225391444	0.28363299108
2558096301	0.514906940771
2704480455	0.28363299108
2101921658	0.272277310136
2094052010	0.269196810386
2123182407	0.298231857409
2123995904	0.312859415795
2306346593	0.29117075208
2575498750	0.405537152455
2116873136	0.28363299108
2110349578	0.646602752949
2131688799	0.28363299108
2129456769	0.28363299108
2102270311	0.376144472172
2126121460	0.28363299108
2130638385	0.741155693005
2196459595	0.350162484386
2152759239	0.28363299108
2150238559	0.293109049936
2243692557	0.32847110241
2152263836	0.359267103505
2169646040	0.28363299108
2145801676	0.28363299108
2126386058	0.28363299108
2557936967	0.294390613328
2148219056	0.28363299108
2117485077	0.350382659082
2141240247	0.928576680642
2143875236	0.337688262794
2106974805	0.330033228948
2140415916	0.375237654484
2123910355	0.289358381898
2583840783	0.28363299108
2159641247	0.28363299108
2157213243	0.28363299108
2550412142	0.312928148519
2130006258	0.299217714698
2151841224	0.369241007444
2165290838	0.64660828384
2103116688	0.343970734786
2143249676	0.386110954269
2141917321	0.28363299108
2490532619	0.309596738418
2098350942	0.28363299108
2165347178	0.298420656025
2467808327	0.28363299108
2524716205	0.275173173709
2114317941	0.324352754454
2148571677	0.307115366542
2672872526	0.293291635245
2151882070	0.28363299108
2162608454	0.28363299108
2096504552	0.28363299108
2106659691	0.611181907622
2110797574	0.289358381898
2155241416	0.410214755613
2423985264	0.28363299108
2128406112	0.294468486539
2303408767	0.226900354226
2467165878	0.394740611619
2172282589	0.295151727819
2327844854	0.438527424497
2144399546	0.306937824403
2117626141	0.365190921457
2582634567	0.28363299108
2142603089	0.324529197082
2142521509	0.315085807994
2343833113	0.567179005083
2081450660	0.391631611117
2142476884	0.646330352296
2395153991	0.29053975465
2155410336	0.258614044763
2102380888	0.303027544855
2500836872	0.326402342748
2100858094	0.335506023906
2097059535	0.28363299108
2693722088	0.28363299108
2572753407	0.344014750126
2668851114	0.338040675431
2109064762	0.406087416439
2262385899	0.347628817188
2323573072	0.326240653343
2265464800	0.299745592911
2153729420	0.295809591943
2560877256	0.334797202092
2776609185	0.301011933319
2112126268	0.28363299108
2164306456	0.351751291501
2194481242	0.28363299108
2169327097	0.361875815413
2264628315	0.320864710793
2134475986	0.612801084412
2573061670	0.28363299108
2303916260	0.781147977933
2625091181	0.28363299108
2223796977	0.592642723384
2159011737	0.28363299108
2170746678	0.296770822657
2170033343	0.28363299108
2619315278	0.355786555571
2116559141	0.89291633743
2601428267	0.38946599394
1968948896	0.470776850562
134072846	0.306937824403
2129696040	0.37352252051
1342033561	0.297577992971
1858722361	0.343782335891
2643372635	0.28363299108
2124613142	0.361606286201
2136575268	0.415616378476
2621430112	0.289099933777
2133458302	0.648957916916
2119972174	0.38409938426
2166101634	0.338857234473
2120140305	0.459816285783
2155077995	0.296413937638
2505237151	0.322060697387
2099898379	0.607253913479
2648703612	0.28363299108
2145801772	0.366542242681
2236867554	0.509975686807
2596966651	0.301011933319
2162116654	0.299130582355
2105591820	0.307183962999
2122921279	0.28363299108
2151338004	0.28363299108
2167387482	0.579031981855
2099536266	0.403616245603
2143875278	0.890174796515
2151411149	0.540726611232
2307673999	0.28363299108
2303073511	0.343649595136
2150645749	0.810741900097
2599026875	0.326390909548
2571543092	0.289358381898
2664875949	0.365772344896
2247273528	0.28363299108
2667190869	0.373084424993
2226937957	0.301011933319
2468691129	0.374617483493
2493107792	0.28363299108
2166293065	0.289358381898
2012674138	0.405326610954
1236973206	0.311449275848
2101476622	0.28363299108
2169652390	0.320702755356
2583219095	0.398464389732
2168143308	0.358797513041
2327747144	0.317761152452
2604750650	0.7211610363
2161639598	0.325096693578
2157204938	0.376044209789
2688455705	0.28363299108
2161364670	0.326014301908
2122177297	0.35510004764
2123838230	0.28363299108
2098491570	0.335533543461
2649963885	0.353855829354
2147469531	0.320452351633
2154799673	0.28363299108
2089222651	0.35637875685
2112273716	0.297116626994
2031479677	0.925415286286
2724872233	0.28363299108
2559975655	0.303052160877
1225317958	0.325809657056
2152129726	0.972275904524
2752021877	0.438625205449
2610454923	0.28363299108
2151084988	0.302498212701
2617157005	0.28363299108
2143560452	0.361769301758
2142528260	0.28363299108
2125050832	0.332269385379
2129438427	0.306432523593
2138942620	0.32961069745
2117647565	0.302529880449
2129452128	0.358537118283
2158637162	0.361635148886
2551188948	0.64014846539
2558121541	0.497914580024
2135487126	0.335689874463
2098219782	0.260585146896
2590626426	0.35805727785
2304708675	0.28363299108
2308693179	0.28363299108
2119380415	0.361956980776
2107490671	0.378734851322
2778124847	0.28363299108
2639767613	0.28363299108
2100570559	0.370892930476
2072159334	0.333264627005
2653849141	0.28363299108
2138694383	0.452472436504
2192254066	0.491685370601
2154459738	0.65378235155
2321558102	0.309294778742
2099020214	0.421410385522
2150448886	0.745849524889
2505133586	0.399908944658
2235888740	0.343617855648
2117553164	0.28363299108
2097207902	0.28363299108
2121403715	0.386386847214
2150814619	0.300039275873
2165913566	0.406988935298
2105269132	0.311915682265
2252455567	0.28363299108
2138788641	0.900390710376
2120162492	0.28363299108
2582457136	0.28363299108
2148692915	0.737870687893
2431320349	0.528583463458
2165182151	0.320120095345
2140139299	0.410392938538
2125874394	0.501440335827
2134593789	0.307390785064
2150143441	0.552108034693
2564120281	0.28363299108
2558682455	0.521578491627
2132499049	0.431670006106
2147182381	0.293291635245
2749112847	0.321199478922
2096543976	0.329545810993
2619327966	0.28363299108
719783363	0.403874455336
2109042203	0.442740735594
2154367007	0.319232313737
2236599932	0.267205365045
2095892170	0.419841499176
2239686435	0.341294743027
2150962668	0.28363299108
1979207691	0.28363299108
2666000811	0.32314660481
2305287551	0.442363089288
2238150253	0.28363299108
2130371764	0.354189688378
8167851	0.335122478142
2612818936	0.28363299108
2691119769	0.295151727819
2307335826	0.331660245026
2652834205	0.352648477207
2151111624	0.365361783369
2138515857	0.28363299108
2141557542	0.309120190673
2125682841	0.28363299108
2096386199	0.294458998373
2120971950	0.513947371725
2599974333	0.28363299108
2241452699	0.28363299108
2605386677	0.307024816679
2098712983	0.301011933319
2652397350	0.28363299108
2625163221	0.280010128736
2171793099	0.28363299108
2304020625	0.309164443616
2161282059	0.397058885114
2120048231	0.506911559748
2130687195	0.754198501335
2609137751	0.322666498301
2113496154	0.60821184101
2107094063	0.922481434356
2626025562	0.28363299108
2607622088	0.28363299108
2655940493	0.306937824403
2167901638	0.385201314343
2130233059	0.337156099963
2113648768	0.323989559441
2117310676	0.28363299108
2735341471	0.308325484917
2107521940	0.70589832034
2129036690	0.462850854699
2168149035	0.340905026665
2160530418	0.317766108635
2129285711	0.334587845089
2169842180	0.323870916614
2150662063	0.651263127279
2106228171	0.73585383658
2164157085	0.298431789922
2140193922	0.971026821633
2657060330	0.321542644188
2153333472	0.312114001037
2193636198	0.279251218722
2212034063	0.454499333725
2572299092	0.371404207351
2154147473	0.576712990995
2112394150	0.53563077491
2610136632	0.28363299108
2267357186	0.305894683791
2167716309	0.375185177283
2126887540	0.28363299108
2145588887	0.582886906573
2096321700	0.975330551664
2637569646	0.28363299108
2130924367	0.315436995717
2615102315	0.324056648825
2685909078	0.289358381898
2138774193	0.353810152342
2570467540	0.28363299108
2583332178	0.494785904565
2145699650	0.480684690901
2122193271	0.899800784286
2118483151	0.308442764375
2323686043	0.28363299108
2431455375	0.451998616884
2714818106	0.28363299108
2160587199	0.28363299108
2761242835	0.327027248349
2549424322	0.337020335352
2099460795	0.294837357733
2731373980	0.305584192874
2170085096	0.402779641377
2150822877	0.28363299108
2097649935	0.28363299108
2105361934	0.524922081302
2095885832	0.405791708712
2101881875	0.301608217139
2157899901	0.485430252891
2156061973	0.28363299108
2670541404	0.381142379706
2021996926	0.460521503789
2512611275	0.312928148519
2128579718	0.28363299108
2309691742	0.596956160345
2444411017	0.292142962916
2099480643	0.269439976949
2121523516	0.281856233812
2184041548	0.348863069851
2131079553	0.438596320395
2122576518	0.340434214052
2144983540	0.28363299108
2581456552	0.326116885467
2110984307	0.507500083423
2651831884	0.402615185675
2036025750	0.30078279589
2127909259	0.329127676817
2147480086	0.253696001852
2161281631	0.336613383258
2046677457	0.327985691717
2165129454	0.708034046594
2665688544	0.369678504194
2114362624	0.67577296273
2103274962	0.481117231638
2747122479	0.303071876484
2161344787	0.337602378913
2147119203	0.60743533256
2602803908	0.394973529698
2656454723	0.336210060524
2222010542	0.361001544154
2104873046	0.585431152971
2153403073	0.251826970731
2124841962	0.326603439645
2165522783	0.590079356733
2110809243	0.337342078762
2316252289	0.414024645077
2421134446	0.518627485034
2163564647	0.304235317409
2152746768	0.563207020144
1945329861	0.389415311214
2136115836	0.592847770743
2586892900	0.348114754035
2120965470	0.312928148519
2142477919	0.886044442843
2472746478	0.289358381898
2687212611	0.376220999721
2293219852	0.309254001459
2187278809	0.313622495652
2108896006	0.4317130844
2304986032	0.382638622388
2112187811	0.444716689014
2107726642	0.336262901027
2167043544	0.318243138354
2538491856	0.28363299108
2499512103	0.508007997625
2137930062	0.28363299108
2599663233	0.293122699946
2124707982	0.301011933319
2156872840	0.34635283073
2583990910	0.311732153294
2155203226	0.847215160005
2176810612	0.33012373863
2161122016	0.34308593584
2482903946	0.311630099217
2245214548	0.391091228858
2121262826	0.314235582381
2130779389	0.294614779045
2154690304	0.621888900352
2707215890	0.291556482134
2104415777	0.281539462034
2185613937	0.28363299108
2099254133	0.35677925437
2506212675	0.28363299108
2568110818	0.295589181997
2187214087	0.299055892195
2160041688	0.336892143508
2691761383	0.292021237131
2142606130	0.28363299108
2132908064	0.70838107354
2579594571	0.471322861871
2672741848	0.315642692296
2119394733	0.28363299108
2230265955	0.28363299108
2136266794	0.373878700124
2250234745	0.359807501873
2482613009	0.309368859898
2704079037	0.339421182239
2423501223	0.260260905191
2618044699	0.28363299108
2638443532	0.289358381898
2096264089	0.385416388747
2686917406	0.357013381247
2420721969	0.70244353715
2111276463	0.30078279589
2132053256	0.417807518573
2223847123	0.435743104356
2552403349	0.367359134102
2163230821	0.348030527224
2637925846	0.28363299108
2156048252	0.787917535104
2569360905	0.334784473625
2552152551	0.307055853953
2112621182	0.322701703729
2115034244	0.740242097281
2778389430	0.28363299108
2161294656	0.328091812314
2109636682	0.28363299108
2141591688	0.28363299108
2099094270	0.340696615666
2141239370	0.458074275847
2143414206	0.488765442764
2663520892	0.420867658907
2106989669	0.332445556259
2301499624	0.28363299108
2113185932	0.723712347703
2608156510	0.374315252536
2108375291	0.790557437213
2128988761	0.2859492854
2110473235	0.385264077682
2470631395	0.479426905359
2259399147	0.452049171408
2147856635	0.442956663453
2199629150	0.290493829089
2125868245	0.287406307453
2144244693	0.564579000848
2305919268	0.28363299108
2171373538	0.28363299108
2137467464	0.299916103282
2421131083	0.353598109672
2276152985	0.323884071597
2614424582	0.388714096364
2168473544	0.397524569608
2128836615	0.361150840229
2127181958	0.56456526162
2096236940	0.28363299108
2205371838	0.28363299108
2117715968	0.28363299108
2108708388	0.28363299108
2125201152	0.518405255844
2153093055	0.294012696816
2152742497	0.28363299108
2128961535	0.383202705994
2425950242	0.441118822597
2497099214	0.282789597493
2117615860	0.773354290941
23695802	0.350715700952
2155053817	0.706575173706
2427666413	0.28363299108
2287429527	0.374020965064
2141044430	0.42531892147
2154845982	0.28363299108
2127628539	0.819362516258
2119748216	0.367971619678
2136549642	0.564366227954
2003165644	0.311518309479
2132246969	0.306937824403
2609782886	0.546933514
2513490537	0.512632102925
2122010476	0.307359754623
2113542901	0.306091247843
2095940946	0.28363299108
2778901814	0.302224569101
2218715893	0.445059285884
2647359094	0.343161578848
2140299053	0.334191802715
2144161069	0.28363299108
2106348166	0.428173996206
2144806485	0.280181032976
2121376638	0.28363299108
2583554384	0.383385993175
2108691189	0.412567087286
2776741894	0.352165173714
2635254491	0.28363299108
2695103898	0.289358381898
2109099773	0.571456234413
2551567325	0.28363299108
2164864761	0.320945324482
2154038270	0.445702611496
2164380808	0.288258664473
2615199620	0.74119023489
2071998504	0.803319597177
2137888961	0.350561268932
2150321504	0.376015397852
72047946	0.293749738158
2177855532	0.318981574649
2635277405	0.369137170908
1770419413	0.322273277483
2096225661	0.743541934973
2574659337	0.431773289168
1972320896	0.28363299108
2747018825	0.405190073436
2115979104	0.355583515652
2628026287	0.37607982254
2108499568	0.420831507196
2133344717	0.353083670325
2142834820	0.439159081134
2099250567	0.351705950578
2259978413	0.834814355763
2624534586	0.298053908486
2151071109	0.312928148519
2145303506	0.444757937806
2097093281	0.932020657169
2141922035	0.328157698627
2750229706	0.289358381898
2142236357	0.319676209691
2131464134	0.302121778276
2695140909	0.61325599072
2124458555	0.28363299108
2466349405	0.28363299108
2161289470	0.541407866338
2617477523	0.324323593736
2154642950	0.404989876699
2132229286	0.303788339115
2697861289	0.308356542204
2603153112	0.324595764968
2105634974	0.316660435358
2113319397	0.28363299108
2077703186	0.357750007297
2166072646	0.306937824403
2131274496	0.371837870176
2150413527	0.502683481351
2167322902	0.834622973013
2443384450	0.28363299108
2634692018	0.311519318567
2124468905	0.465433231535
2196568245	0.462342370562
842037	0.424424175509
2198106591	0.326493998136
2258153833	0.37986918849
1975294417	0.399072867807
2429134211	0.315904921066
2426973820	0.427894794602
2118214211	0.352419983858
2116004973	0.403399453282
2594488950	0.325096693578
2292864690	0.331272018346
2003632787	0.321140346272
2025763354	0.413006702959
2696778657	0.28363299108
2163570495	0.383940753689
2623953262	0.342062272273
2441598949	0.543279155286
2141954396	0.333892168699
2674239164	0.309473736868
2309187068	0.33219555655
2169749833	0.28363299108
2128005576	0.389276529476
2474919475	0.289252507912
2122210000	0.931124959951
2130446888	0.679007940449
2177955397	0.402809401245
2103584406	0.340007873497
2116375788	0.419527816265
2115208004	0.678131074861
2609889729	0.393627172054
1881842846	0.334683580621
2115955933	0.343796952885
2703892096	0.313196724792
2645922475	0.329820175999
2296595471	0.932591268313
2231487564	0.299843620764
2778429779	0.331474682494
2129572409	0.281326470177
2141043845	0.702403662584
2780914239	0.28363299108
2161096072	0.436337690853
2123557187	0.291543941359
2420664774	0.439051913879
2439678994	0.569399071902
2159206680	0.279809083525
2236023538	0.28363299108
2735931832	0.28363299108
2343751466	0.918867719922
2577879507	0.314141021117
2294042172	0.29653546207
2530309766	0.321134314167
2167170244	0.318211646167
2617299861	0.289358381898
2641249074	0.360239771993
2128684847	0.204397350052
2582602085	0.288474294083
2123485745	0.329732863372
2422378326	0.322936801026
2147835917	0.28363299108
2122751853	0.495926462061
2542327831	0.5429945058
2308256259	0.278013964797
2129707538	0.743929608269
12088164	0.432117730834
2619763753	0.28363299108
2122739653	0.913098524258
2112451192	0.334438414382
2610449870	0.28363299108
2142540666	0.908220614397
2190332578	0.31861744213
1384196968	0.295151727819
2126968285	0.801400755787
2147887109	0.351734657069
2136179193	0.420100242276
2103451196	0.507821539124
2160785160	0.484707938717
2120207348	0.513576840633
2150041333	0.486840314667
2656577137	0.386244654091
2235413275	0.283071378053
2111175337	0.266852949098
2116008615	0.376975415769
1999704061	0.320715561913
2168776308	0.775579277628
2124403451	0.28363299108
2502068411	0.969540340941
2162670899	0.448293807149
2116466705	0.770366252886
2122710088	0.323280334167
2135927516	0.811646925782
2566536478	0.283632710423
2519432510	0.348983746571
2141739943	0.307698318945
2096383815	0.294501829885
2170981137	0.361024467623
2134835601	0.28363299108
2167941445	0.939454261256
2162991425	0.323174289197
125694532	0.404264965785
2617145875	0.416218277625
2280650151	0.497069842543
2248182573	0.5314423985
2191402932	0.28363299108
2123306026	0.445670165055
2304084810	0.629937077541
2100161364	0.541722316284
2109797586	0.294923200053
2125086336	0.670944093815
1880976219	0.51204146622
2657228645	0.33624007271
2117054624	0.318981574649
2163258159	0.28363299108
2183942996	0.331518663272
2664069056	0.360254179202
2104423096	0.713080149752
2104259714	0.53286254591
2430222803	0.361253460571
2132852458	0.84662396238
2039801083	0.347269372876
2287948179	0.814829840986
2119571818	0.879256722947
2440571190	0.433817757375
2251657612	0.398047459666
2081130532	0.176035737577
2151090628	0.49912046904
2514705995	0.339988110523
2101308751	0.187224548486
2086965096	0.304602386021
2116119152	0.827628835605
2167922976	0.350733248058
2102243677	0.520512490824
2140142482	0.312793776088
2032104448	0.337298824524
2565220215	0.853025623782
2131442170	0.570825882832
2110753830	0.703392253182
2761594101	0.262652504856
2047517919	0.329821316159
2097346130	0.354039375543
2684446373	0.472797117181
2599933360	0.428559357146
2136036615	0.344318814484
2148269573	0.28363299108
2108581453	0.342724199054
2120979678	0.303140006221
2106980268	0.418272257215
2131075225	0.325096693578
2584951063	0.51925106293
2253737003	0.336577097821
2096042674	0.349592486645
2514083705	0.6529640089
2593610793	0.560743302349
2428719819	0.261749760363
2114072197	0.688943276719
2111599228	0.410770969233
2355500693	0.325471594024
2205470096	0.380311960475
2661062812	0.427182029563
2156395590	0.288554092256
2305880237	0.53949332275
2777267753	0.362994341087
2100051933	0.423869191997
2140246466	0.773599635586
2104879825	0.291840618524
336991397	0.309649649821
2126670394	0.604315900246
2125785075	0.404357559736
2138623437	0.338902219234
2243585430	0.426766084538
2096658368	0.322485014692
2444676853	0.414173626774
2158768696	0.527668082982
2227996592	0.28363299108
2617145017	0.752717015823
2119012425	0.307332041686
2154970772	0.520204307664
2161630513	0.308359443624
2583978275	0.345053725014
2106281576	0.49360759243
1988031962	0.289358381898
2163116786	0.20382131629
2582823888	0.298631799431
2573243793	0.28363299108
2295270651	0.361421197161
2167430128	0.410604772975
2137721112	0.444911552934
2131706324	0.284704434773
2165118231	0.308733368526
2620979493	0.38225456539
2606761933	0.417613189901
2430418512	0.292037077802
2095987900	0.308661883286
2528802866	0.568086465413
2102960998	0.492353264998
2233307994	0.457600622678
2111405469	0.57024465975
2460222195	0.420488348579
2532505512	0.244078325512
2156057592	0.989658168544
2651029627	0.578145537624
2127412708	0.28363299108
2278593545	0.384281449247
2139563917	0.825333652232
2132056394	0.360051077182
2161752117	0.657064103805
2695156146	0.326678563985
2629758138	0.691430077957
2146306046	0.375050665449
2169354526	0.329580021601
2167432162	0.448228108676
2097076567	0.350415669946
2225462145	0.285729449331
2630323486	0.402558571173
1995952108	0.321839189826
2607921394	0.275274709533
2215796638	0.28363299108
2585832987	0.676082648622
2166524114	0.319685722964
2144857100	0.28363299108
2558476565	0.327215018031
2304458524	0.345536389989
2334373290	0.863319864621
2169184086	0.367197227072
2157274563	0.483066898088
2158302723	0.61268357479
2236413543	0.519002042243
2171745429	0.28363299108
2112722258	0.425339610458
2163809637	0.342473791416
2123985438	0.326301575024
2657481909	0.293291635245
2131378765	0.336008803387
2114975082	0.402559875779
2171204101	0.863162744748
2132966298	0.668200661558
2681477211	0.422211419775
2133938339	0.389454148489
2153464239	0.488514114424
2627135579	0.322641995254
2113277774	0.289358381898
2307697009	0.423324843754
2118371760	0.335793953167
2237541417	0.381055916991
2462394557	0.408333931201
2163554368	0.583857577877
2106340623	0.569348909813
2149466897	0.367963308172
2309728730	0.315102488615
2158783344	0.685115739188
2137787012	0.57610628065
2134062735	0.56187210585
2567668220	0.294981484244
2204775031	0.580581805645
2170547846	0.308033998424
2111754571	0.560671187935
2420880613	0.311687384212
2768145722	0.295168807719
2234104560	0.399855533716
2130877461	0.51996222284
2316372243	0.35322657182
2151150107	0.525734604767
2133263018	0.918595823626
2128273557	0.78392898199
2484236144	0.393341794367
2253936662	0.315102488615
2696719243	0.313996861559
2238358095	0.323963054719
2099033448	0.309080890372
2777969829	0.546020892608
2165632109	0.341121683403
2119846317	0.559716132787
2435034426	0.292152396822
2471024582	0.500453941579
2148252713	0.366519209727
2109137159	0.371657373914
2165487645	0.327802103064
2165039334	0.35053864049
2307014634	0.375512965082
2572855291	0.388670653041
2103130315	0.492891251158
2318751012	0.426629092502
2311712812	0.338321501825
2118257724	0.302256884463
2133024693	0.688539005074
2617352438	0.307725112283
2606624860	0.404242575698
2297109039	0.28363299108
2780817638	0.289358381898
2647013095	0.389636097031
2201735012	0.516516137303
2118779695	0.316661893203
2781286171	0.332875407556
2168740874	0.688253555854
2666810207	0.302490729385
2154940096	0.716491582294
2115440492	0.31369282886
2492406983	0.466208141307
2504548383	0.365181197559
2279202333	0.4257218442
2016451659	0.308367349122
2129031682	0.31135101444
2690184982	0.332524617278
2158269646	0.344838198096
2134359195	0.437297755157
2645374424	0.499323869046
2170530196	0.433768941437
2649939361	0.346604839707
2101658581	0.368436230703
2111757033	0.468292019037
2182911313	0.291270542226
2557235859	0.264677293006
2420934537	0.568531895748
2155560721	0.343162286488
2472815583	0.300839582479
2104412229	0.430833458842
2434856473	0.445058271225
2159209699	0.5477688461
2110775846	0.573475949724
2131759505	0.312622377021
2113264552	0.643896329156
2305434694	0.351094628947
2129315804	0.322854968222
2137543114	0.482101723271
2552163634	0.681180036583
2617359486	0.523327482384
