1038923144	12728	1965518045	2314402476	69021323
1271947275	16602	2103892307
131319887	21587	2060502338
133617699	11602	1976215819	2028311213
1444178764	101797	2549304720	2558205509
1448253162	101865	1970054497	2000700088	2117253651	2001649971	2016372572	2129566702	2022728476	2562320269	2028815508	2554110516	2040248366	2145375452	2147844961	2524095875	2555746039	2159892728	2162360786	2079773552	2170335966
1539806497	13216	2072954546
1576773954	100121	2100113359	2160144202
1603576898	18294	1694905212	1525176928	2371301077
1608617265	17992	2212400296
16175187	15193	2220738775
1635148374	100704	2015340144
1691077143	11331	1694905212	1525176928	2371301077
1732681176	22662	1976015635	1826057068	1978465307	1980720541	1998622544	2015915895	2133816520	2134662366	2071348185
1836986099	100542	1972803830	2016179571
1850186082	100895	2236167074	2033305104	2089987313
1888231534	10903	2133727930
1927090480	13801	2619642667
1958451539	100154	2096009470	2003853713	2006324438	2067859638
1960845010	18341	2136700232	2144073555	2151075989
1966110729	13157	2006514831
1968161625	101982	2560925877	2003608862
1968345808	101221	1969929638	1977154458	1994131406	2008571642	2012787389	2026362467	2057094932
1970001392	10866	2061803253
1970867776	1350	2107061142	1984491136	2037690577	2418713372
1974088248	100370	2101780842	2117570993	2118054051	2016064943	2147718700	2080580380
1974349701	17724	2176225953	2134991463	2037420480	2060599410	2166437720	2090640946	2093134395
1979227124	101907	2138222875
1982242293	100258	2412514461	2055455208
1988806692	10430	2054722751
1994688273	19853	2006602385
1996848065	17111	2314359671	2009638589	2012746377	2125113797	2019991374	2053264646	2149989777
2003632787	11015	2605178421	2312711107	1969947193	1981364783	1984241319	2322206257	2030168353	2611120206	2042132613	2418941048
2004755069	18841	2100955573	1973012588	1976524800	2354154695	1990912918	1992826728	1995479044	2500710076	126701120	2318675975	2003406914	2512991202	2018538531	2322397424	2290509909	2028154067	1552471653	2325672563	2041520219	2042149676	2470334745	2562523442	2150967029	2071151473	2079352843	2496612396	2082037585	2171462084
2005906460	19779	2023517070
2006121441	1146	2776751021	2625755875	2159286657
2012155431	1523	2755202476	2030838689
2012629954	1142	2491243007
2015271504	100510	1994834619
2015978226	14217	2162235679
2030349702	12286	2044013510
2031021946	18414	2062481584
2036747627	100205	1967216160	1968766606	2098869150	2599299997	1969794735	2724800169	2101443406	753898917	2274989304	1976519867	2602989882	2771684298	1980841287	2524580170	2107892704	2200687787	2607285906	2751172088	2558062129	2617565889	2397429919	2317112821	2624696836	1997925217	1998340862	1998402226	2398573647	2118558990	2555251102	2119458520	2122011772	2009252714	2205707250	2413048520	2020069319	2413589609	2280513133	2747857719	2520198120	2030222206	2135101899	2553880497	1786083780	2533905325	2558203105	2142217161	2044643219	104563363	2560305752	2053346262	2053581743	2150618900	2152264490	2152843343	2268306412	2602611272	2513797969	2749815109	2766907695	2573212922	2080226790	2084137006	2084211132	2527011618	2087262214	2733705861	2781134707	2616712447	2089128190	2789197239	2170580459	2393858392	2095094673
2038483846	15605	1535518208	2026424457	2073843217
2045091259	15600	2106047393	2735620099
2047821128	15339	2727952977
2050393382	101842	1967764411
2051996979	1922	1994834619
2054176951	100475	2100199751	1980937162	2153477765
2054574724	100509	1987323319	2061110244
2060111482	101230	2591668245
2062834979	10965	2073973322
2076549823	10133	1978746405	1981230700	2201874692	2007702592	2009894281	2306145501	2061359881	2071009716
2077629561	15531	2095849700	1977622843	2111903338	2121207895	2365436636	2133130415	1575859540	2159116573	1601146610
2078976392	16839	1980038903
2080708255	1598	2116252664	2001588455
2081002742	14533	2035544185	1721442775	2049325236
2082091093	17819	783722197	2300154415	1275808512
2085353145	10496	2484757671	2312775864	2101627248	2514452193	2549219024	2336661257	2515830767	2490234527	2610677762	2183961292	2783167556	2123840999	2783213152	2126113890	1534324491	2670291333	2130656703	2493933293	2025526698	1540624656	2133030736	2227655608	2514258654	2577218002	2035613540	2140140305	2141305560	2577112328	2339902585	2266092465	2327486525	2309138494	2054864743	2581261894	2057745686	2512549715	2515531545	1877053985	2331393199	2161789233	2164070357	2347049729	2474323022	1608812553
2094254772	10581	2143893846	2167976297
2095989233	12153	1974957320	2102819777	2103264394	1977224357	1992458439	2002773067	2126002967	2035858602	2086825688	2095537889
2096012845	16637	1988174960
2096074236	16227	2609842843
2096211601	14644	2410543800	2476516670	2768913049	2412111181	2012592011	2514362844	2586788519	2034336002	2142786173	2769951429	2048479544	2072315775	2074959655	2076348615	2166802904
2096426325	101015	2642218417	2529833418
2096529290	10996	2344031395	2552037673
2096859810	15510	1970986144	1993566728	2060359348	645049846
2097143273	15159	1479955144	2101265994	1501097860	1998658069	2001513968	2012081367	2018281574	2131394102	1540238567	2036571291	2039953686	2045462750	2045878767	2050170772	2061899289	2154490707	2076334533	1956969176	2088384841	2089202931	2092794803
2097388762	100711	1993234575
2097598128	17650	1966087872	173001811	1973643216	204665921	2001966170	2130209242	2244719982	2210657812	2066129772	2070906510	2766835137	2072646348
2097630498	2266	1985659541	2111668357	2004370395	2010715523	2136303383	1719612059	2067073200	2069791051	2168347481	2171055112
2097759080	15223	2568453834
2097770050	11160	2089511967
2097770940	21394	2149240812
2097784377	15229	2610170544	2626376329	2575705637	2736603680	2353827860	1902295205	2647989157	2191760294	2569056894	2278579266	2013094763	2520921534	2177068449	2210526142	2611251282	2774011036	2378456548	2763162720	2483560802	2284259376	2557138504	2557064267	2611589061	2331435032	2072986777	2082310466	2609897318	2085517585	2569403832
2097899473	18076	1997614747	2018962103
2098020462	12423	2001295940	2131475680
2098148920	10354	1982288510
2098358014	17735	1995217350
2098403833	18521	2040472253	2064970560
2098532121	100409	1984484508
2098593305	17753	1985663647	1996442711	2005714383	2046663040	2152701723
2098899419	101633	2115433267	2059925651	2060720693	2158293236
2098949147	17359	1985810038	2000465154	2007724423	2024939712	2055216794	2060962172	2071974846	2086910609	2087971046	2091689453	2095279326
2099501432	10879	1615066653	1996251318
2099518557	16206	2106173155	2119736800	2543813668	2166292076
2099688208	15820	2067923663
2099761418	10921	2531318652	1973635422	2756948033	2607899023	2614695825	1993093810	1222403315	2027592634	2144169652	2616014396	2159053514	2567339655	2083670597	2172134348
2099886892	10947	2014166387
2100208026	16716	2027817494
2100441007	15915	2076072462
2100669167	101101	2125156600
2101113946	15993	1995258567	2032760303	2034079122	2046863692
2101219287	101154	1966530850	1969281156	1972159018	1826768452	1979042539	1979816889	1981470960	12442782	1986556856	1987373196	2111603541	1511271915	1998891624	2002911315	2118531399	2006981943	2013042471	2013938710	2021799775	2022714905	2028212433	2037736445	2040220324	2186507177	2415829409	2147088039	2150345486	2060443383	2067879436	2070231709	2074239343	2078380616	2162483739	2081313340	2087225281
2101329718	18051	1978437189	1633829056
2101459624	17262	2046419101
2101535555	13630	1768285260	2006065735	2038755346	2331275444
2101547259	12410	2338771607
2101620962	10344	1757557210
2101628630	15632	2118172173	2003155703	2041520219	2055668819	2062772620	2330309862	2066366781	2385597173
2101706991	101194	2260838261
2101729186	16888	2099417456	2771307144	1972049070	2105351194	1985415728	2304216771	2552927035	2761481353	2343044298	2427497318	2781833697	2015381204	2728126639	2615235717	2400429891	2592555269	2034588279	2324997951	2592851946	2531354585	2139590777	2329518550	2330475821	2529664084	322989020	2511932555	2760072826	2741816177	2162686850	2742002172
2101785262	18492	1965880809	2785511494
2102102314	12859	2509721764	2460297783	2750736859	1978226738	2529858779	2746126509	2107531201	1620706870	1904430925	2463386581	242028488	2293908657	1996932140	1837497951	2593995015	2117582261	2569654023	2591190835	2786205282	2594455856	2322097928	2551483270	2024624145	2192895533	2026845116	2769592218	2602309482	2783519711	2038664407	2039997931	2327473526	2145479530	2328813021	2531286917	2063243351	2330037103	2063950474	2505241051	2609705711	2473203751	2784114062	2080647451	2287131318	2495909458	2549129600	2088844241	2534298363	2767179632
2102482097	100853	1986442098	1526709171
2102489353	1213	1989315227	2593019454	2078863829	2569643806	2167912586	2596187799
2102528474	12495	2034176845
2102600671	14142	1964966805
2102767823	100003	2048251466
2102842690	100882	2018580669
2103025136	100030	2158401981
2103139349	2063	2047399051
2103217944	12146	2020713262	2062799940
2103283584	1696	2411112779
2103451698	14638	1976233554	2005278974	2042019723	2334688599	2094464727
2103655877	100132	1527031900	1088527166	2237364152	648144450
2103846408	13071	1986768483	2783213412	2291608103	2087225067
2103985564	19202	1964023697	1996569687	2318634224	2125845102	2322228167	2750075105
2104017708	18350	2020899844
2104766580	15992	2788516387	2158967394
2104846757	12771	2765105165	2746170666	1986120746	2769314922	2030910545	2766382653	2228534067	2519233211	2055505232	2405753550	2519108745	2474187525	1603776117
2105230980	19512	2755113992	1861268718	2086746182
2105335104	10064	1966682186	2336549468	1987294960	2109569814	2316763648	2015078920	2339040048	2143419708	2622465088
2105361302	1683	2170634196
2105503724	101727	1990642383	1995969616	2003786117	2010949515	2013196256	2030016002	2066743678	1805626842	2087211594
2105823394	18311	1964176907	1215130947	1501851912	1987809524	2006438128	2006744459	2026246860	2039500826	2048733886	2051885411	2053189192	2158164278	2084414202
2105919609	10145	1982553841	2062939597
2105997537	19612	1968386862	1968809209	1993504719	2000554781	2006509977	2009067342	2017444442	2019210845	2322918701	2028698437	2032042397	2032271493	2040382108	2044547514	2051354825	2056340757	2064400323	2064776564	2068961427	2074067823	2492271360	2078020729	2079490678	2079649591	2084748124
2105999369	12647	1603631954
2106121357	17931	2079425102
2106134270	15107	2056889020	2058560008
2106143890	100642	2551841235	2483930382
2106228171	15118	2096903529	1966917573	2097712276	1610992028	2253109411	39422191	1613262475	2561538258	2254264122	2103474272	2104021408	2516937368	2572651841	1980311853	1901979604	1982851282	2562550029	1902744869	1985894384	2617495511	1904262464	1986926127	2109477400	1988312132	1988828581	2110344584	2345700416	2256785214	1991677664	1993699028	1994582230	1995623812	1997128269	1512906251	2597912757	40288489	2289459897	2000676773	1145014073	2003856906	2602110207	1520499066	2294214748	1632842740	255389379	2121825820	1633970083	2225662548	2519973647	2009570565	1917134724	2011858433	2124043395	2014197560	2338388920	2546678278	1534043034	2019994641	2752039095	1536643998	2185044558	2023076020	2185103598	2605020556	2583000018	1540810202	1541843840	2027216658	2478435350	2028307749	2280789573	1543756889	1645207405	1785264469	2136090288	2033604478	1647954699	2035850605	2040389298	1651334967	2041771889	1557085459	2042762189	2043831799	1558517736	2578852418	2488943777	1562802751	2048469632	2752779064	2052218979	2560307557	2055120283	1569426412	2149092426	2056966330	2774487155	2058340121	2152214678	2061144951	1662772274	2063484982	2063725856	2064362966	2574795791	1875685090	1581781543	2068235303	2068936200	2069115056	46331773	2157421362	2070198709	2070613407	1667949453	2159039943	2188226247	1669738754	2074563688	1952388165	2075791895	2076093428	2079715272	2388895908	2163462090	1740003552	1596519483	2084489672	2166008510	1598842200	117491903	2087108909	2087498221	2089480831	113708880	2090620203	2093157618	1680485716	2171757168	2094844894	2172014298	2616863072
2106331110	14744	1501794562
2106412578	11498	1975603353	1979472865	1982685998	1506379514	1992184162	2029733573	2041436106	2042935377	2247119562	2063211899	2219941652	2195943854
2106431107	11499	2048456913
2106974805	16634	1980111080	1982168416	2108635002	1986455624	2004610263	2279174787	2133115974	2262750254	2136931618	2036952214	2049584232	1012481106	2065645161	2071131254	2158499997	2491217968	2086268788	2167176038	2094559978
2107033636	13803	2010123507	2136328248
2107074686	100971	1046929179	2293701557	2316902733	2769010661
2107091752	19120	1965016900	2412835878
2107093110	10915	2398576296	2412282398	2226661498	2281027401	2145912816	2774499733	2346768102	2523134330	2073667279
2107208078	100114	124158035	2144331407
2107274079	1738	1525176928
2107463084	19599	2018258530	2022350477	2036269827	2084644331
2107479391	101785	2119365858	2029853508
2107486728	14285	2183837211
2107548820	100171	2132076204
2107670029	100640	2779873577
2107763161	10589	2095943131	1992743513	1509464587	1998727168	2004131470	2016766483	2130142195	2023964261	1542255514	2143100904	2162144750	2078971350	2079326970	2272962182
2107828486	101429	1969970164
2107838235	17154	1984685204	2003572462	2767508860	2017206234	2134632470	2058474601
2107867609	100218	1982906324
2107876906	17160	2113389662	2559739875	2738200303	2779367538	2156362906	1591154258	2599934659
2107882475	11482	1968924998	1984889570	1997523669	2004247505	2010095490	2028893070	2043204698	2044393725	2051911340	2766631719	2074902267	2081365171	2165435069	2090787409
2107949728	13923	2159888441
2108034294	101459	1964268201	2551456855	2108799001	2777320495	2139689282	2188649245
2108053279	13535	2765500267	2426076391	2121821564	2139259220	2044519345	2049830620	2516769184	2079502471
2108518937	12374	2377170876
2108594078	24715	2028174877	2044930091	2092835316
2108626641	19745	2118387951	2122651958	2029274070	2133955384	2135087570	2156558407
2108995059	101952	2338825469
2109042203	101561	1963587612	1683911095	1970507985	67143901	1978251004	2106657393	1983303752	2200570611	1759425800	2112885227	2318397367	2116015664	2360680204	2003117296	2121575926	2751731563	2009007824	2009451155	2184529547	2184695723	2018543102	2019430444	2579188339	2294739095	2133334800	2788559611	2135712073	2041190562	2141693554	1937400000	2145670264	1567343995	2619500264	2152395566	2154826966	2156844423	2164202285	2082211028	2164762093	2090593986	2091323258	2787836349
2109064762	101190	1973531897	2105202514	1993411984	2004985740	2043929996	2158939655	2162235679	2166904601
2109213700	100796	1749943787	1613016606	145645907	1990351466	1990365770	1993718522	1522861505	2022189573	2023447380	2027820654	2064496789	2073444748	2092498783
2109455087	1581	1986812390	2046552161	2048352808
2109589208	10791	2102445446	2032785468	2070407853	2157855333
2109619210	1981	2523317845
2109686459	100833	2070280849
2109738503	16954	2559266340	2394093923
2109901351	10400	1836170250
2110010977	1226	2107690599	1997832558	2036531936	2037731131	2147681905
2110247095	25306	1975460946	1976608221	1994510991	2005466001	2008989883	2012154711	2017688234	2066769276	2072770231	2168351526
2110317904	15348	1965767781	2107626950	1994380990	1998443077	2017855764	2028587221	2139993677	2148657606	2055350301	2075880488	2076923578	2080994061
2110398804	19888	2032492997
2110444650	101672	1998780655	2006621729	2162709270
2110806875	12175	2499549277	2765147489	2098712816	2512215358	2776398610	2294158338	2781878852	2588170349	2769548581	2567098959	2435368322	2563895904	2334665778
2110972244	18694	2114242589
2111160539	101018	2155440720
2111636943	13522	2605402330
2112089773	16396	1966082606	1976255465	1976806091	1981252707	1990386175	1995075337	2001359044	2011929081	2016469841	2023026425	2027637297	2027962287	2033438682	2034190653	2054513673	2054578776	2062377457	2066074852	2073853539	2074985569	2077665238
2112094511	25915	2073685415
2112191794	100308	1966131816	2123768924	2033724226	2067708377	2081884041
2112241722	18870	2319025701
2112249111	11120	1979922896	1986653534	2003424531	1929551607	2339292691	2036238459	2038631048	2142200106	1565428814	2156178455	2169283782
2112410251	18888	2111950990
2112651016	2288	1975382967	1987969608	2014236542	2051479198	2060096362	2472666787	2075885871
2112852317	13642	1998599732
2113056433	101212	2102325894
2113295327	101603	1971667565
2113321677	16932	1972815195	183000093
2113553621	10393	2484496238
2113601707	22299	2100124374	2125734749
2113772379	14148	206146961	2047188713
2113860221	13344	1965192874	2201874692	2057945670	2080264401	2168906685	2091593093
2113871370	101647	2097444843	1967442530	1898043264	1978280063	2106659732	2109307360	2256928138	2005811588	2035563171	2035843916	1936405637	2048457299	2154150218	2087190513
2113896744	10830	1973413549	2117696719	2006991042	2126224986	2129769642
2114289250	19081	1966500579	1971562651	1984669484	2001868870	2119503850	2126803500	2126935678	2019952764	2128745523	2148828582	2417137973	2157969964	2080247932	2171630066	2095222153
2114395268	101710	2087383501
2114835014	13053	2052978186
2114894524	22448	2039586837	2047131671	2065717448	2162952199
2115068367	26630	2105986096	2316750840	2321006461	2054873741
2115184076	15751	126428178
2115204182	15755	2319022349
2115482269	19533	2593630014	2057285398
2115518473	1301	2095715335
2115676872	11367	2100086628	1570622398	2068155454	2417931996
2115683624	1322	1493182175	2046700188	1962514096
2115799612	1339	1610233312	2621936316	1506983793	1997026333	1999457165	2008518810	1529159709	2014399956	194262882	2036531936	1649026130	2037731131	2044760631	2048467803	2147681905	2499445509	2152761638	1664265620	2065558898	2071870919
2115852572	101376	2466579736
2116979270	13184	1536396357
2117583357	100767	2012678409
2117662865	15640	1508498868	2134170794	2032147441	2044764207	2055985478	2057455887	2061492976	2068742660
2117722709	101567	2212400296
2117806245	10021	2434661278
2117806615	10022	1980508701
2117902370	17399	2045930771
2117909648	100487	2166904601
2117911888	10861	2099929347	2003144269	198117606	1556794514	2074503574
2117995152	10874	1974277342
2118012899	11318	2349406951	2356701290	2360171269	2010709834
2118340910	12594	1992804472	2121444186	2142044095	2151601490
2118468090	101755	1982532441	2219738626
2118715099	11842	1970656110	1971731590	1981318441	2106423171	2761344409	2107647238	1986723037	1986766787	1987046661	1505255221	1995373124	2772257891	1999313033	2004866439	2006598317	2491724031	2762064638	2018754134	2127875945	2024310514	2135680418	2038574327	2040611118	2141282345	2779280632	2044536260	2605103504	2046301556	2050996246	2178312967	2283658202	2055237375	2380981756	2060148935	2619826284	2158985124	2074855298	2163305701	2164957852	2514308633
2119075401	21678	2074724288
2119186431	13527	2026562301	2032154314	2416940905	2081226350
2119208063	17177	1967545344	1631800396	2024627509	2045756332	2165219165	2088995568
2119403171	13165	1819263987	2009913222	2026943711	2060934955	2083352700
2119538745	101890	2023112879	2064891276
2119787728	13599	1975502834	2049161608	2149506296	2079400979	2093044057
2120227044	100355	2055622221
2120267938	100360	354387912
2120789497	12466	2059593960
2120980052	100425	977201031	2563630094
2121296370	12906	1988903332	1991266682	2361491830	2046065045
2121634760	100021	2771082294	2102917225	2036345236	2051207681	2053378501	2055021813	2770888723	2760660619
2121636356	100022	2590463458
2121684157	15764	2569632175	1980817590	2106095732	2012857020	2061324283	2548975834	2753673589
2121794012	26530	2003951979	2554263228	2346338101	2325367091	2047334125	2159363584
2121827670	13393	2465362978	2136090749	2189047543	2347114989
2122334183	17499	1974170426	2036562303
2122662439	22486	2011499450	2344147658
2122688857	101046	1979515633	2025345445	2147173378	2070000168	2083056385
2122877835	13512	2100306057	1977389274
2122936381	15519	2740857127	2050668578
2122971660	14339	2348213823	1972023122	2362084740	2127113605	2525102755	2370927130	2035310028	2037920327	2063372000	2064578610	2068884412	1584761559	2168558481
2123292472	15174	2268466758
2123299815	21726	2055083021
2123491230	15989	2367909286
2123554798	16410	2588879712	2183268815	9393262	2136439047	2148714555	2066398024	2158134111
2123782553	101165	2254846113	1527395044	2514653270	2543288907	2089829793
2123832577	11583	2194820367
2124019450	18086	2012610301
2124040207	100769	2088993286
2124519438	101595	1968365197	1971358526	2108603106	1986271180	1994589501	2024942366	2040518786	2774455954	2061581992	2063081461	2080977354	2085175458
2124601434	16522	1851741178
2124847487	100426	2007564954	2556583598	2767718893	2044761025	2789110921
2124985871	11259	2150050552
2125007492	13326	745303544	1986927636	2193247555	2038976023	2043506069
2125103526	12505	2396763030	161638599	1771739963	2466244780	2546180239	2467269575	1545411414	2492524419	2247568427	2296000229	2074945752
2125594067	100926	1966039244	1972712336	1824253718	1997455989	2116137876	2021267684	2026773702	2419399202	2170997947
2125937676	2057	2042401000	2171704069
2126108746	100526	1977184198
2126325336	13814	2033662380
2126598239	1766	1989138044	1557945850
2126620193	101017	2141499289
2126646037	17109	2323955534
2126748639	12245	1980479691	1625589462	1999491660	2127368703	2030356173	2074667182
2126780381	14298	2765688346
2126784060	20016	2109614333	1987691075	2520253662	2520222347
2127028452	100658	2614362077
2127110017	100223	2765437751
2127231512	11902	2059768964
2127283285	1843	2131946815	2387497255	2393845448
2127457877	1067	1971020067	1972757927	2293787597	1998841154	2071838194
2127482080	25124	1973508094	2002335648
2127545577	10270	2027293613	2053256935	2082314162
2127647142	19724	2033348769	2063240960
2127707154	20546	2315788216	2129890369	2028816787
2128096563	16456	2312346916	2750664216	1493476821	1983881093	2537544673	2751957025	2748106038	2247596462	2269739341
2128117947	10319	2530747633	2657825248
2128503221	14179	2460345747	1970609092	1971888777	1977944314	2314905456	2355308808	2110824888	1993963524	2011994368	2015948507	2017536637	104043148	2033276401	2041746097	1658435199	1579241204	2068443428	2069788865	644907837	2084205242	2089621078	2094303710
2128550989	10442	2557083469	1496363167	1571184363	2160251730	2625231589	2528059250
2128644516	19063	1975152237	1988804624	2007188872	2131115055	2039443200	2054379175	2152815743	2090348975
2128798233	10892	2059353652
2128841583	10074	2109251545	1988944609	2011502383	1543402994	2051029610	2059445056
2128988173	15035	2098929029	1981573266	2276511412	2118928012	2124277072	2013960041	2307492705	2611133763	2213161860	2052367030	2055957784	2056049519	2556981242	2060549621	2160445025	2474004955	2085123660	2085151476	2089782336	2093690374
2128990482	101733	2127441142	2152210715	2084028080	141062567
2128992624	19956	2312775864	2490234527
2129227838	18202	2263969461	2085627371	2089684878
2129593249	100532	2760822346	1965038963	1965235491	2098205785	1968346323	1494084987	2768456947	1993667291	1997303207	2001987417	2002566699	2118446958	2008582201	1528863689	2022919173	2022949670	1860095261	2043268148	2043772455	2044053900	2050609645	2053462734	2060041680	2060474367	2064860010	2072099173	2081605803
2130721509	11070	2126979629	2129512058
2130843383	10658	1965915581	2098826984	1974329701	1976659133	2104002734	1980766714	1980824917	1985228290	1985279678	2108570170	1986160803	1986864980	2109342500	2109390099	1987446294	2110392461	2112936352	2520339100	1997902188	2003632127	2004156884	2006806414	1522712517	2010562916	2011483502	2012053263	2123834119	2124460018	2014253650	2015329065	2018672896	2023102471	2343715116	2025742925	2031950207	2136179253	2034907863	2035770187	2036714134	2037412043	2138561646	2041660578	2041700596	2043052287	2145267383	2049409177	1567610547	2149960062	2058446558	2062738233	2067458154	1585403971	2071829015	2073650251	2159655811	2074778131	2078511466	2079635857	2082329595	2165200137	2165425615	2084398491	2085508134	2085561084	2091062628
2130861406	11521	1996047388	2752864936	2061303947	2165410305	2085636189	2087802106
2130924367	17604	161895113	2132986108	1544242738	2030335462	2141386677	1864352608	2149469915	2155440550	2077334887
2131080187	100296	2549201048
2131137979	100306	2754574922	2117856841	2327245332
2131178850	11119	2594843363	2549948736	2326469798	2147813371	2086664236
2131275536	10708	1965428410	1970401637	1992579915	2016619392	2092266308
2131277222	20145	2107667790	2002112428	2261718801
2131429058	18894	2127590373	198374126	2054787553	1668957190
2131706016	10339	2072163724
2131739859	100782	2253918202	2105918972	1982486076	2256859012	2277007515	2120693842	2010258990	2513368451	2044577553	2044620268	2051970576	2074717643
2131819754	14468	2123272186
2131989740	19804	2741457765
2131991232	16496	2337305468	2563882802
2131999218	21825	2104091999	2104260142	2115156683	2118917516	2133955384	1176312530	2164464090	2170249450
2132107073	101589	2104144141	2036979317	2056781875	2073691682	847740143
2132454125	14530	1971078600	2042398537	2416893271	2392610974
2132497437	12888	1457070379	2092727566
2133114991	101289	1856821901
2133211564	19897	2066107255
2133257907	101689	1973792583	1975316044	2102472681	1979213239	1983925439	2115947688	2011499450	2125448651	2126941394	2025917697	2048157153	2146573664	2378932627	2148215613	2162502486	2164868576	2091308375	2335745418
2133429122	12566	355184838	2101269301	2103708499	2103883828	2461814176	2104498918	2104574963	1981713497	1982344179	2107554892	1984112218	2107915254	1985132575	1988911817	1989022265	2256872234	2116170328	2010904948	2011843871	2754877180	2126515941	2019291174	2128586160	2133610885	2144124243	2144159693	2047401320	2150187359	2058760151	2154739457	2160907704	2086856184	2091211881	2170262342
2133459885	100074	2175160059
2133654939	15837	2008212699	2088727786
2133686752	100567	2057809638
2134092568	101039	2010356651
2134193755	11018	2098140924	2009029795	2038851657
2134244575	26253	1995150833	2042148116
2134312951	16327	2121918349	2072507384
2134556880	101099	1968315730	1982701164	235670941	1999530637	182898772	2061701227	2068131361
2134578569	10242	2199365683	2612214571	2108180944	2345726069	2397772468	1908340336	2001305958	2618097262	983216568	2602957681	2029429198	2468878302	2587070874	2685534264	2344264389	2053383193	2417641135	1471436312	2080665665	2082372253	2082985720	2527076367	2537588978	2292851124	2722683790
2134808412	1070	1974407022	2426076391	2049830620	2079502471
2134989885	101502	2274091245	1970188810	1506949180	2317315821	2599287538	1994656564	2012059147	2125671278	2016544254	2021145054	2626879087	1933527114	2140931692	2596001695	2470510318	2053820380	2404577937	2063655926	2268684892	2081318029	2167386649	2088938695	2169464048	1963343038
2135145246	1510	1143351452
2135584487	101187	2529107929	2097583526	1969413776	2585082315	1972218028	1978541244	1980222636	1498234164	1985648812	1217249204	1988023212	2001995224	2204481742	2121278965	2121924112	2413022781	2016015871	2126939730	2024269667	2025451506	2554648353	2030578135	2783471270	2033657754	2034706434	2036390792	2039334043	903424141	2043726108	2045910400	2146736384	2328166024	2059564273	2062079434	2069464295	2158827195	2072632859	2159026733	2609778131	1958040587	2087013247	2089930623	2091691018	2094607600	2335727889
2135656279	22223	2782655346	2314258444	2315873584	2182663615	2255997627	1508375460	2398921606	2740534428	2626733165	2554489696	2511272059	2548340091	2591305506	2583805375	2530615209	2217752473	930505504	2312009014	2598455937
2135667906	101570	1997077828
2135700235	100791	2736471979	2351698212	2111970188	2339168561	2210449531	2037694124	2048962693
2136332006	16540	2035077319	2402385432
2136788114	100467	1613175419	1985734679	1502684163	1997605948	1513878550	1629851228	1631602550	2017281883	2018003774	2018923041	2025295226	2029369608	2033002880	1658479596	2078660452
2136788761	10836	2013675080	2760147210
2137196612	19087	1981193084	2029794512	2093000341
2137368325	15408	1776041988	2324839805	2281929414	2212713436
2137389775	100966	2252343848	2753993123	2316907188	2318549531	2243106336	2009231151	2321526952	2046537571	2052632440	2066262003	2093846492
2137632594	107	1986768483	1987713954	2019398796	2030060616	2047556961	2057353506	2062277135	2081264539	2087225067
2137912951	16714	2424454672	2463126300	2464906125	2370026174	1545163811	2414554667	2415422927	2417180725	2472221521	70084972	1590258639	2473462106	2079661291
2138346364	10230	1965450027
2138511968	1857	2040724951	2048296783
2138517614	11080	1976438618	1496151243	1989734163	2747131829	2013801396	2037392122	2766576110
2138527451	100269	100703333
2138570463	24242	1486824465
2138596737	25116	2037910160
2138599139	100276	2274666539	2464867522	1919040678
2139199562	15227	2028637246	2041909218	2052772317
2139494837	19378	2178135852	2149457278
2139707632	101579	2015409499
2139860868	100391	2029459628
2140006397	14521	2101237235	1974675183	1999905350	2044908803	2083115115	2166475632
2140105419	101611	2101018113	2103576391	1991537754	2010774038	2027995962	2028984515	2245315548	2031810970	2046062520	2049793376	2062138802	2154375846	2069802740	2080595685	2167729715
2140154294	14117	2096608969	2101820441	1997235847	2154212315	2167716850
2140308415	23560	2117781586	2014461904	1777116503	2042769575
2140431516	23128	2063350700
2140511503	101259	2069415082
2140513983	14936	2012159838	2023073674	2049059569	2494729651	2068811471	2089760211
2140534075	18575	2097409655	2102549881	2108309421	2108350286	1989325948	2304988323	2001735927	2499678125	2017762124	2017810296	2018767956	2026767686	2028147666	2037951432	2051587225	2062606334	2084328540	2089442596
2140567352	14153	2317661845	2128685909	2020684629	2329604824
2140798433	15752	1970948371	1974397032	1978138080	1980355759	2106617003	1988536819	1993699539	1511721262	1996673655	2743013329	1999053339	2608253841	2001659565	2009166354	2014328335	2299013822	2743407171	2564857986	2346197666	2027320780	2467688733	1544714583	2324423710	2032674925	2782038284	615882024	2041810767	2326492700	2043661574	2046193489	2048363062	2282993846	2051568870	2594463751	2603997878	2470854823	2153212007	2782281151	2155913169	2067741966	1188715699	2473147109	2296283012	2220731372	1605282588	2181131978
2140934447	15376	2769647577	2035321983	2138183002
2141038765	10478	2765114563	2751149233	2038386830	2061625144	2473569694
2141064685	15791	2074724288
2141182979	10080	2772316740	2469171949
2141406416	10106	2021136540
2141488191	1737	1986057831	2771986994	1993716120	2119355420	2772581923	2026195363	2049357486	2067899063	2331578439	2331944730	2085560435	2085605160
2141591688	15455	2197423430	1978058043	1495472600	2021095526	2021502394	2621063756	2327818587	2155619616
2141633425	11416	2293938826	2610980694	1866351170	2095476200
2141714118	101399	2071905702
2141754287	17529	1978882943	1837006554	1644784621	2044160951	2062018634	2086531324
2142023537	14325	2011581173
2142042673	15121	1610240554	1968477114	2100644902	1972757019	2625673644	1978513881	1988322414	2182901937	1997037121	2000229276	2777790355	2320422641	2030638168	2033205128	2185723484	2528015441	2584318996	2044603534	2050187012	2050590738	2052817433	306800083	93060217	1664170409	2154418668	120901906	2069880338	2072963853	2078324991	2166725983
2142571406	12348	1969916567	1984789848	1985591421	2002125232	2006907238	2009720900	2022140202	2027995962	2245315548	2621039465	183167039	2051040729	2063258615	2063571394	2154375846	2072910463	1593622545	2088995687
2142629355	16393	2530689821
2142696246	14413	2100351227	1975334688	1987277104	2002599787	2004023526	2020540026	2023347356	2065735434	2156565823	2074321497	2080338192	2085624159	2093809445
2142779135	101507	2588440039
2142849031	100313	2375139082
2143033186	18461	2096606788	1749292676	1967510146	2181871622	1983014360	1991692715	1995032110	1786831018	2043781963	2149809763	2077729424
2143225671	19357	2161040861
2143296467	16047	2031685797	2156031450
2143431357	101196	1994075966
2143438731	11185	1972095710	2030185645	2076181347
2143531598	100377	1979833899	2034452650	2039330690	2046183245	409333533	2056431457	2215566763	2075533001	2088364671
2143774500	10780	1826326021	2002826306
2143895243	12863	2097066870
2143948994	15292	2767215064	2566279567	2514620474	2029229813	2045852161	2061088521	2505597699	2068464894	2180899317	2736276728
2144260202	20697	1995046405	1582314244
2144544988	10828	1963849681	1969041374	1970522036	2460959284	86629735	1974360032	2566836844	2510605579	2104812345	1980202416	1980346690	1981758541	2423485591	1984219316	2109466119	2397167466	1623197357	2563362358	1993718522	1996160698	1997936139	2006402870	1636126593	2015656928	2018527583	1640911526	2022191827	2130833949	2735233852	2028131039	2135151714	2138144562	1649974746	1651015604	2141952323	2601374808	2047911301	2053240909	1568311582	2054428584	1659348488	2056253312	1661464512	1661942821	2062258763	638861831	2157336775	1584166925	1584864053	2071345249	1668726952	2073444748	1669220650	2161880149	1671671082	1593140257	2079681489	1595218428	2081877774	2167306054	2443221645	2092498783	2526314735	1679922313	2094264171	1608843450
2144857981	11316	1976207611
2144971638	101703	1970623120	2724657616	2004703967	2022061214	2146590298	2616139118	2474581453
2145111652	12165	1984482951	1995922552	2323317361	2049362253	2508465386	2407608165
2145518809	15072	2775062543
2145672976	101034	2361159576	2322934881	2038828411	2043966154	2404462665	2071045475
2145821385	13094	1990305737	2022841431	2073862464	2078483083
2145896604	16735	2082529082
2145927632	11882	2062759092
2146068286	13915	2056265564	2082044096
2146159935	101855	2067500607	2092586212
2146190169	15543	2201062017	2523889444	2156272271	2406045906
2146205960	101100	2595223240	272635531	2053591705
2146534283	13182	2753280107	2090352225
2146776596	101152	2081593202
2146963720	22195	1129427172	1985640104	1513563151	2004758097	2006757018	2019323423	2131230861	2068781245	2090232330
2147160333	101945	1694905212	2371301077	2770270630
2147182381	101556	1974360032	2754928269	2735233852	2527023668	2756252821	2510082975
2147442036	101201	1989166527	2123195879	2142661570	2068203096	2091024655
2147468566	101974	1973521987	1991061209	2523114438	1995047424	2002691539	2008049980	2122533137	2016150731	2017628239	2023862207	2024008904	2024236285	2025730473	2137138046	2414910689	2039181503	2046666741	2050234041	2056616537	2591818637	2340974551	2070558051	2077159908
2147536352	10361	2463911242	2056411873
2147953322	11250	2742806799	2618405639	2228461447	2766573057	2341097122	2567987917
2148035582	100427	2099889639	1977659912	2112756803	1999325797	2001306061	2002713035	2003435425	2016381427	2022770123	2495779254	2040586404	2043180967	2056988772	2061084405	2067899128	2166658567
2148158435	100435	1983454080
2148241695	15756	2761602475	2013861031
2148373778	14983	2108594562	2044387830
2148528986	10890	2325218491
2148804857	19075	2388234068
2148826160	100047	2764061979
2148997308	10502	1984531154	2021974281	120330702	2079298019
2149075443	21979	1966673293	2030619296	2058366960	1599132658
2149130438	12186	1967672356	1987459010	2076252363	2090612506
2149380928	10542	2322435609	2036762547
2149571730	132	2044342268	2472834938	2169155545
2149695215	17552	1968358099	1688360837	2465796119	2151404014
2149824610	19213	2510226494	2108274885	2015511049	2522884944
2150204707	10652	2015511049	2522884944
2150233668	11920	1971995677
2150473236	11546	2022698964	2037811360	2047079193	1569571917	1571031939
2150728575	14011	1981268518	2041201759
2151055420	10742	1987510272	1992483718	2017417787
2151070175	11993	2321015915
2151084988	1540	1974228846	2103789456	1988889445	1513197488	2126708117
2151235512	101566	2756560867	1998786934	2118748923	2320293748	2024548393	2028317649	2034859382	2041118010	2284155951	2329310359	2329639063	2066153451	2069217733	2270253191	2084136134
2151259554	12009	1963853511	1971747920	2001837174	2009817386
2151342048	11622	2462963077
2151579175	1972	2745430288	2098967928	2423709962	2317531034	2767574538	2467055432	2755388098	2523564839	2483576483	2067432439	2164291820
2151912543	14911	2103708499	2128586160	2091211881
2151998658	24388	1968436978	1987323319	2004640004	2067128195	2076272322	2083020360
2152337989	100455	1978503057	2005158717	2039289865
2152683057	16603	2031844114
2152738901	16196	2154322964
2152882526	100948	2761341136	2781791417	2022282757	2414788867	2571377621
2152893395	15811	1969946945	2022426783	2056113725	2059137758
2152994167	101725	2039014982	2078291208
2153167194	100117	2011605769	2042213058	2148028413	1946802431
2153232952	13046	1974557179
2153415940	10143	2165485835
2153566414	12654	2523857797	2292840346
2153710799	101057	2118066581	2162298438
2153869789	101080	212346031	2336285276	1980138872	1988257811	2000752730	2004192241	1431638721	2014721184	2026771541	2307372541	2783454793	2031912126	2245680277	2138102840	2038500785	2344234379	2266475957	2404131586	2057120149	2062762827	2066325683	1733038978	2071406657	2613929626	2085850455	2093892971
2154167131	17597	1972451721	1998646207	2008243786	2014783460	2487122981	2042083128
2154478110	12366	1972564600	1986629143	1991749489	1999334778	2001717135	2464898926	2260148984	2028755078	800874611	2468290120	2050524946	2744384043	2152585934	2065478044	2775202602	2523297496	2560379226
2154814167	101536	2124550435
2155025462	101555	2081288642
2155039468	22653	2350326263	1974278535	1841384699	1530327289	2132848580	2470722410	2603264712
2155532178	17737	2100086628	1972229034	2104448233	2025154123	2027629974	2063294849
2155779314	10388	2542775991	2573823496	2029554807	2509090366	2567242052
2155878310	19442	2155232643
2156502801	100900	1979565995	2052598483	2164938938	2095280288
2156509782	100024	1825236372	1979233014	1980244456	1982214865	2110841199	2520729140	2012738439	2028455947	2752401586	2138640452	1934392702	2619102305	2144664559	2774497455	2058792860	2069969538
2156550458	10862	2093037244
2156608130	10048	1971507313	2043761759	2067774216	2613655824
2156744388	100052	2550563422
2156824450	10072	1983894210	2412996055	2140682278
2156868088	15018	1694905212
2157650756	12271	2154455745	2075319861	2088429363	2171867846
2157724596	18359	1964120320	2116477688	2038243216
2157821345	20050	2776436527	2107030891	1983920495	2256155966	2778349456	2029362544	2032500744	2075589084	2418295157	2775480071
2157966202	1047	1749291675	27675260	2602602743	1777393524	2300202527	167459241	1564275942	2052410881
2158018883	17589	1973063505	2552925001	2566139903	2001705568	2600768542	2027826564	2135766425	2046279563	2779517268	2052239726	2787113168	1185204200	2570795892	2552828069
2158059630	14765	1981898224	2107105689	1985473732	2060702358
2158255297	2239	2130752306	2178498111	2334287383
2158369889	15986	1977172200	1985116904	1985988662	2463468641	2117690951	2362180748	2005636740	2009629882	2429237410	2055612149	2471584699
2158622267	11137	2003574745	2008384396	2009696092	2138734939	2044127133	2086878220	2093141907
2159080849	100781	2097576721	2100004918	1998932193	2004517114	2007341981	2007609075	2019780799	2025254031	2026584584	2036097748	2329265646	2064858505	2065577013	2068087173	2071187673	2079904276	2092771691
2159210809	100372	2021964713	2023029041	2054356078
2159403133	101985	1987459010	2125738806	2076252363
2159421893	16508	2104550576	1847584082	2034473786	2168099522
2159573643	26842	2604959449
2159749703	10387	2101462556	2182294193
2160651582	11749	2010546725
2160668698	12557	2765098312	2106432912	2767716959	2042145678
2160875315	13804	2066254968
2160963618	10519	2113507236	2138983018	2049096805	2162201889	2165410305	2094900739
2161073058	13033	2312451585	2739596472	2724736500	2313871770	1973924075	1975078888	2740089899	2746860567	2740273499	2184366825	2015731158	2740671402	2280732388	2031441371	2325731529	2783711574	2327863113	2736030141	2080452669	2502388148	2292720069	2093104635	2753889476
2161104559	19147	2002000784
2161630128	10194	2185470653	2053807578	2082319014
2161986663	12316	2027054097
2162128868	101880	2592773983	2771716638	2526531461	2545905295	604182189	2414007264	2748193219	2295169108	1572705102	2269139291	2613881820	2527409815	2181022887	2753845360
2162148692	2236	1982842737	2115467083	1997889875	2009255356	2127038508	2344318228	2155302934	2158939655
2162439037	15577	2036524113
2162724639	21783	2128576567
2162991425	10343	1970441722	1983306140	1990991776	2024239916	2027275088	2135535230	2089796724
2163282127	17720	2307783424
2163407672	101988	2005546008	2608593751
2163715003	101239	1986301359	2462852181	2414688524	2155455067
2164265020	100007	2075864399	2078926393
2164426628	15356	2003014554	2022853599	2058460680
2164456919	17011	1983143912	1993093810	2412157836	2337993883	2260735088	2026897289	2135907259	2036230041	2045655958	2048850688	2763152245	2051118317	2051917337	2059800922	2340635110	2334082255	2221437194	2094937807
2164476571	19893	1993595972
2164698427	10067	1979788188
2164816594	10084	2202300201	2002953389	2079252028	2745016721
2164934295	10099	2140638199
2164961394	17471	1963984868	2101355318	1973709678	1616281343	1983318080	1985470445	16513480	1999462120	2005134369	2005358363	2005935272	974635636	2012303615	2126615285	1537588831	2132329721	2036065924	2526061180	1556758999	190808639	1655852731	1568604428	2058725673	2059159534	2062002351	1592380437	2165664590	2091053040
2165279935	123	2104864984	2122824894	186437668	2059730787	2067304863
2165347178	20858	2014642098	2028984515	2331597980	2083519663	15650991	2094754329
2166115554	14189	1970483889	2582096828	2415757063	2077433479	2077744467	2419125634	2169490594
2166284823	17044	2100493112	2119908741	2138516811	2386664472
2166355422	14613	2009549870	2023298866	2062845654	2569199768
2166436664	10083	2261151942
2166527887	15825	2604706868
2166651103	1340	1972316479	1976869550	2363052910	2020165969	1242868709	2033919559	97591033
2166657377	100113	2023252604
2166719534	10536	2371214258	2038433421	2060644355
2166991338	10994	2358331289	2380181925
2167093233	100185	2315189622	2219738817	2084306551
2167245420	14717	2048527714
2167480345	14752	1965153227	1968211410	1969134611	1976940621	2316140392	1504594580	2000495894	2020301807	2025977607	2027996173	2031146526	2034612436	2043644376	2050028366	2054712697	2060314727	2154677884	2072523546	2073603350	2078968625	2080496884	2094660556
2169327097	19609	2588586065	1968795022	1971899366	1973746280	2507749757	1977507135	1977598065	1977827471	1982964142	1985264466	1134472428	1987300299	1990047421	1997906644	2002013421	2528580969	2362283714	2012373121	2013520947	2014023484	2577199741	2544780543	2022402110	2368853284	2024950592	2030057711	2034188204	2035589961	2040296114	2374863340	2619081342	2626360167	2043485951	2047141884	2783695177	2549880953	2053507021	2054915497	2056468903	2057507437	2062189310	2064332584	2069290123	2069401120	2072039835	2076335572	2163303403	2082565168	2082638885	2086529313	2088666462	2392968915	2605688866	2093926490	2094369216	2095232864
2169579777	1005	1969630457	2054841001	2060091313	2090491566
2169646484	10205	2014279463
2169925756	11071	1999020526	2545346481
2169936275	15151	2604354754	2075863097
2169958147	12703	2138640452	2145447528	2149240812
2170018309	100271	2018705894	2147595558	2061356112	2153215490
2170046461	13946	2170044093
2170619515	11754	2029673849	2070571229
2170623424	13402	1995640704	2034149040
2170955126	100560	2075754452
2170979580	11384	2240421493	1488040588	1524254123	2018910774	2023543274	2035449797	167141026
2171032956	14261	2050690982	2062375825
2171145606	23262	1967244017	1996511982
2171460981	101806	2588236781	2606807937
2171477566	15896	2118080383
2171492904	13091	207494634
2171529809	10192	1980925062	2111827475
2171648815	14725	2507283296
2171933092	25882	2742225229	1981777626	2045818272
2172025619	100272	2139532398
2172278389	101138	1965692427	2100851911	2320376266	2038180077	2050106925	2058031701	58156973	2482523764
2173159169	100891	1990483738	2319322029	2767589833	2762599924	2778858720	1089420658	2213031265	2155842241	2592132171	2077747407
2179868083	101678	2076252363
2182670452	12340	1973739183	2105152303	1996745217	2157459255
2182983436	118	2101397308	2615155549	2521414386	2418552358	2444115608	2181124462
2183365573	10105	2001859042	2166041780
2184627124	1319	2119222714	2010343965	2489649669
2185478519	17121	2122388302
2186560332	14527	2136104245	2470399159	2093880921
2187660435	17989	1966550502	2623474729	2102501166	1990106592	2004623249	2016383004	2126903265	1923829305	2065180546	2078575916
2188615100	100780	2138611871	2037712449	2073551977
2190404864	13132	2165716671
2193239958	10776	1969271518	1974825500	1985277389	1989769150	1993197152	1999438676	2007348142	2009236515	2014840282	2126272229	2018226477	1534550736	2019659302	2026568411	2041669035	2043050924	2048969296	2055598448	2056116457	2059049112	2060845550	2065093918	2073497127	2075659366	2079662319	2081197707	2085436783	2091697655	2094088586
2193636198	17771	2200636687	2121514398	2130239522	2132548833	2057252645	2162207442
2195987324	11387	2772430500	2024539614	2471162507	2419158067
2198152147	100237	1977777515
2203473815	13137	1973573228	1994301915	2015686843	2037911891	2469301156	2056641899	2083147498
2203747025	12398	1987625783	2081673992
2211253856	100406	2062455650
2216487322	13684	1963654099	2573472476	1611685556	1971498613	2566836844	2510605579	2275966069	2397167466	2772779338	2026168447	2034310936	2039215867	2047911301	2247128482	1661942821	2064939485	2756252821	2088646316	2563232483	2526314735
2220797990	14220	1969127679	1977605699	1992063865	1996062709	2399032743	107442264	2015629399	2369995512	1562012510	2145821972	2050242266	2050742070	2381533242	2061516089	2075828499	2076801686	2094366193
2221991567	10018	2183961292	2126113890	2130656703	2025526698	1540624656	2327486525	2054864743	2164070357	1608812553
2222468522	19468	1983005863
2222691799	10634	2337263149	2013200403	1545288919	2067588813
2222764328	101915	2595200760	2099084972	2109323385	2113055163	1519560300	2120895966	2013431530	2034098157	2137061657	2045459201	2143385549	2144289209	2053040249	2152222036	2158979522	2162997816	2081014111
2223532138	21150	2058273326
2223707507	13139	1966646916	2016853001	2034349914	2046607645	2077987699	2165137056	2088384841
2226881534	100283	1998903194
2230237026	17710	2484757671	2312775864	2101627248	2514452193	2549219024	2105094317	2515830767	2490234527	2006004309	2011796378	2123840999	2014175911	2126113890	1534324491	2130656703	2493933293	1539289783	2025526698	1540624656	2133030736	2514258654	2035613540	2140140305	2141305560	2339902585	2478125135	2327486525	2054864743	2581261894	2057745686	2512549715	2515531545	1877053985	2161789233	2164070357	2083519688	2474323022	1608812553
2231127487	22503	2589001994
2232014691	100727	1964928903	1995000094	2025046835	2038256497
2232901002	16528	2015831443
2235824192	14562	2108328201	2057048855
2236867554	19749	1963984012	1966487533	1966501282	2097453638	2098452535	1973168646	2101810696	1977403449	1985980536	2588244426	1986303170	2109308382	1992197113	2463427357	2113142519	1993912236	2257456099	2115111344	1999138967	1999547828	1999883671	2001020284	2004169839	2119982671	2005659656	2007718475	2412467174	2429294293	2015080707	2015108680	2127817537	2024025115	2132119450	2027470460	2027914088	2034915366	2040111930	2044221520	2046603721	2144021603	2144685031	2048311161	2048582601	2146343551	2178443507	2054563002	2058611942	2329566639	2154093156	2154301687	2065986554	2155768407	2068600141	2591623643	2074293237	2076416690	2077537556	2077822372	2082321640	2165036838	2333976978	2085683014	2166630019	2088127764	2272625199	2092145066	2094392071
2237693315	11200	1604679283
2238404005	101164	2022919173	2026467537	2044053900
2241857963	26772	2577112328
2243035882	12109	2350366277	2353065985	2353908308	2369069007
2243128899	18299	2005114144	2136902126
2243209819	1038	2025025493
2245040899	10040	1481185475	1968614847	2100370318	1490177855	1976991762	1978020975	1979684165	2105308390	1901385548	1982522237	1500256595	2316133917	1990812786	1991855690	1995174478	2114800466	2005463726	2121598486	2012817804	2013401994	2013653745	2013894118	2014310064	2127567453	2025559856	2132410408	2031399024	2135740797	2036586114	2139916087	2049899250	2058204040	2151397789	2151603601	2086056968	2169002716	2090438411
2247273528	15152	2541513915	2111553024	2318108869	2115392200	2005694366	2120314645	2016667723	2023387376	2132567972	2134368485	2136177563	2033418257	2140121956	2545599634	2187488067	2068905367	2075559481	2086754074	2169219191
2247598161	12964	2157989648
2248446018	12008	2226253952	2467622862	2469598126	2071774789
2250209045	101841	1997456467	2074727867
2250507863	17144	1967359642
2250864379	100408	2288539219	1861918857	2068094415
2251045292	16787	2460782009	2288613410	1977710442	2510985754	2316761243	1837509662	2119736800	2016494080	2518343196	2130734541	2372652330	2146175559	2151564617	2065904582	2089791210
2251482032	12421	2089141442
2251772204	100662	2082614409
2252268035	13536	209385942	2118469296	2002969224	2183914468	2012876534	2021949493	2036318543	2154530036	2076085679	1601968930	2091975219	2093886515
2252970588	1553	1980935264	1996746761	1997305054	2062814769	2077600643	2169104187	2092385089
2253871920	1516	1966942931
2254564139	100166	2349777914
2255035661	100543	1999657614
2259926689	11073	2102975693	2155980290	2749496388
2260065451	19320	1974360032	2735233852
2260077101	18882	276762736	1557359541	2155687228	2080355966
2260331554	18529	2336402656	2112804744	169979284	2006317436	2120672199	2007026833	2615065669	2014057590	2018277338	2040381566	2043354480	2291601256	1574821744	113437217	2095091510
2261770205	16663	2041392894
2263177216	1475	1966327013	2013869769	2041499118
2263228940	18033	2768404531	2535231819	2016621533	2581130702	2055438613
2263613222	1605	2542443409	2010049124
2264509279	12014	1963700033	2395934076	2462570013	1986920398	2777302989	2025947165	2414463264	2059329127	2158444866	2081387898	2083430366
2270552737	16296	2405676489
2272128298	100619	2726238337	2000464000	1629326284	2008822496	2031797418	2041705464	1666513173
2272957924	1462	2097206364
2274880357	101249	2006201286	2015161030	2599908254	2071052136	2094587491
2275055726	12576	2728790447
2276152985	20184	1982330301	2356537103	1995362315	2014670961	2030558355	2209985410	2036241145	2144575349	2144576313	2575804267	2381442234	2060214311	2153223855	2090486698
2284898691	17682	2095920532
2285359772	11428	1966669979	2049259815	2076351287
2286257524	16366	2035449797	2036394103	1554371082	2044281224	1583619833	2417803802	2625803137
2287048961	17847	1971679184	2024389276	2049591504
2287557398	14242	2322089211	2022691530	2083304691
2288450750	10077	1993720699	2037521738
2293100860	15655	2057704612
2293321223	100866	2529776155
2293505044	1428	1972696867	2078964475
2294125206	11012	2070999752	156694476	437112863
2296959215	15635	2009803516
2298093272	13662	1968986436	1980058333	2017203192	2054535353	2074092197
2302152413	100175	1971178571	1984976263	2071421686	2076261195
2302475761	10555	2771289517	1975710217	1826999558
2303112227	100152	1969421713	1986020710	1987993653	2111523465	1993004937	2000791544	2001514682	2010970666	2017046313	2026385299	2030246733	2030855441	2041549937	2047012833	2065465734	2081156708	2089580068
2303159960	176	2082741744
2303282679	14450	1488867483	2138928995	2057809638
2303594837	17124	896098299	2039876734	2060500753
2304396997	19043	2004930263	2026506385	2064596280
2304656432	100740	2047149359
2304926111	101730	2745546670	2345639257	1991278922	2782983469	2612545706	2339526919	2344147658	2744062778	2605675766	2046875003	2603210795	2766616546	2483574170	2340756188	2504174776	2785268946
2305234936	18853	2049641041
2305253644	100310	2050058825	2166292076
2305898036	10952	2019853388
2306089606	20586	2113426040	1530716600	2023336033	2024848234	2040592405	112518255	2051705098	2054126101	2439568218
2306740373	11364	2338191632
2306804375	18232	2147730986
2306987324	13954	1986812390	2091061026
2307231992	10003	2049358079
2308280687	100960	2120916061
2308472339	14800	1982328680
2308892613	1430	2739826562	2595637702
2308961822	18032	2051605404
2309101117	11651	1483736953
2309725484	16194	1047119034	2197263239	1968255336	2101180868	1994126970	2007664842	2783283927	2159888441	2163736991
2309759595	13807	2108910098
2310273124	12603	2164778558
2310317443	134	2241648334	2563311055
2310540360	21052	2076080976
2310834062	101815	2025505489	2025604249	2056402260	2068016400	2075200917
2310979900	19760	2028296026
2311661381	100732	1979877254	2026520093	2056537357	2064395474
2311759898	17886	1972148455	2015877336	2017211449	2593970323	2053046304	1587611889
2313184976	102034	2118032633
2318481116	100157	2083736773
2319268228	15861	2072461539	2075132977
2320793956	18445	1963890601	1981094734	1996472366	2155405795	1478081449
2323529327	12885	1985783745	2138683636	2056379764
2323824579	24486	2000676824	2563445853	2140780377	2481049531	2161097249	2084853839
2324610040	18965	2113228211
2325187429	11845	2038386830	2061625144
2325289265	1815	1965627586	2596421814	2748641330
2329022668	101481	2322578512	2381270640
2331997910	19495	1964082229	2739826562	2575017366	2011142907	2129138183	2026345779	2026347115	2075453277	2164241627	2085472231
2335130247	101129	2044734665
2337295096	101597	1968296883	1968510504	2099557209	2750845081	1974364131	1977822734	1979547793	1979913948	1987019581	2276511412	2783017093	2203448004	2607368601	2740271475	2004374356	2594624348	2772830342	2017605192	2206995039	2021472096	2022249159	2476620203	2307492705	2525033521	2556981242	2060550195	2062876952	2540622765	2564239772	2782318038	2783966437	2560753564	2073820722	2270936672	2474004955	2554526862	2087432693	2494842631	2548452713	2342372188
2343072024	19448	2024951707
2343609883	1089	1968509555	1985945266	1995737495	2006247853	2008755463	2019731167	2045144769	2051599443	2070695665	2071669900	2159409353	2079247165	2086325596	2086807465	2087542238
2344529426	15690	2481200632	2510906880
2345152837	101505	2035286278	2035900587	2271764588
2345427100	12642	2049778101
2350570306	1090	1983965655	2598188944	1987683464	2589317017	2033228539	2059925480	2095502619
2353416198	17896	2367355387
2358875031	100084	2755227340
2364729793	15626	2076584029
2377669463	17444	2353180672
237894155	15523	1903053840	1694593310	1923966231	2187363968
2402910500	100908	2509176770	2047454652	2050292624	2065775678	2076569228
2403667609	100513	37465061
2412029182	100139	2540001151
2418209402	100683	1972159973	1999937346	2019659022	286005751	2041602458	2417290455
2419734241	100915	2484496238
2420341864	16838	2360201521	2584408535	2613118417
2424432560	12093	2062302501
2425512450	12036	2756948033	2607899023	2614695825	2567339655
2426373187	101789	1493080251	2781587800	2315647581	1984135917	2354630311	2599672124	2499355489	2608921489	2611158503	2325453973	2769900468	2066458068	1591714781	2586823374
2427341209	11043	2407948051
2427846510	13661	2041665896
2428021925	17354	1965450018	2197721563	86629735	2104099521	1984315656	2109466119	1998590864	2006455651	2012657184	2015668155	2055139840	2056642388	2064939485	2066847005	2070547502	328269190	2088646316	2090631368
2428985156	14061	2402394910	2509177527	2520613783	2551973507	2626062067
2430008071	15937	2756189681
2431100555	1415	1967588442	2420786491	1977588918	2768544503	1983937289	2289018768	1986364263	2782981609	2463902435	2006779471	2121908414	2009966943	2013500903	2021799775	2778767304	2049798322	2055269086	2057575828	2060443383	2068916107	2074260188	2081531840	2081858126	2087225281	2292840346	2584724164
2431119345	12686	2052877619
2433532049	26247	1984312523
2435209949	10325	2015831443
2435367152	12039	2317729000	1996825435	2011851029	2013694858	2026292429	2029689024	2333007716	2095307385
2437139991	1327	2200072526	2401147897
2437880699	21438	2499038282	2055345713	62283504
2439547242	11296	2041201796
2440566094	10378	2604686113	2519279479
2441802058	14499	2366722352
2441848114	15402	2253997029	1994596501	2279239464	2244395807	2401366829	2470881301	2780772217	2333255356	2170954876
2442598256	101453	1973717048	2106423003	1983162007	2746374269	2035506626	2141662830	2057391996	2150375453	2074859401	2160756584	2165519268	2567841939
2442788759	12993	2096704652	2104938566	1993810400	1997383258	2117663096	2134454404	2033914872	2038647628	2039344383	2053299315	1568390307	2080288135	2086432060	2171081813
2443082560	1027	2091560389
2443725070	20007	2742225084	2576809031	2592576990	2477980016	2277553443	2003577282	2602237473	2016956213	2019159479	2127919530	2567550849	2035475399	2039208921	2532916827	2580716668	2574359238
2460072499	100499	2079534634
2462126488	17123	2097393699	2115716449	2598329780	2123166000	2019195051	2025477340	2324184318	2041873379	2059199611	2073450380	2165047391
2462734373	100788	2083747198
2462999564	14188	1995130314	2014766855	2143469515	1941088272
2464032569	11782	2503655495	2135904333	2055988101
2464755072	25085	1980782069	2015046875	2031946029	2185864609	2143576457	2061441923	2078690133
2465293543	1680	1498605834	2117069484	1641203872
2467808327	17170	1047653193	1611441194	2409671917	2562545703	2337235132	2567403569	2592656998	2617828780	2120729602	2124465449	2610951421	2618529414	2747835658	2748102397	2510783539	2613152643	2588764952	2151831928	2783941367	833597907	2072927035	2753374910	2766856358	2595649630
2468735800	12785	2164778558	2086133143
2469870014	15765	2007615940
2471377923	11703	2409902605
2472382447	101391	1983183860
2472746478	16064	2598974588	2743449290	2615362197	2601072866	2060965252	2230591396	2784086669
2472819838	21835	1826057068
2473399711	101513	2096975427
2474344709	10578	1964134225	1972883961	1994254956	2411812550	2123216423	2022472334	2031103767	2039432508	2051623054	2059391379	2092885410
2476941179	10966	2006403886
2482365705	1637	2214913952
2483186110	100684	1550137767
2483846709	100062	1997096464
2490185788	16794	1980646965	1982144322	2144595188	2057010615
2490987455	19047	2322109513	2030730380	2061629272	2405116311	2744516927
2496478914	19333	2028488969
2497795178	100281	2499445509
2498076322	11554	2065869772
2498905482	101665	2105154348	2004858771	2120539964	2008154913	2370473328	2372829782	1564928843	2165138612
2499123543	100914	1964241350	2521344817	2617369609	2317730564	2321182093	2605266871	2587510059	2581740061	2172166780
2499943907	10707	1992490361	276055175	1660342217
2501310589	14715	266447187
2503686706	18718	1968549887
2506688242	100242	1980266502	1983193571	2210080033	2487109900	2156622081
2506920196	15110	2460354806	2420726350	1754555262	2788034582	2550224724	2517560767	2538458303	2768780496	1999138967	2234793554	2290088777	2521322784	2020120683	2581257125	2595501871	2744184782	2266133666	2283142685	2550430514	2616326671	2071483021	2071749428	2782532315	2094884858
2507040432	101631	1998988143	2123615246	2018876245	2034375908	2069186081
2508018206	17056	2513962050	2234099129	2425333408	2001988341	1768413635	2578999789	2468221940	2046636401	2783853773	2068539433	2081190302	2560348857	2081689243
2508226471	100187	2467973311
2511062290	1678	1985663647	2005714383
2513012131	101036	2771262431
2516787517	101373	1977629270	1987882205	2062995286
2516805133	10456	1975598144	1994377563	2012154419
2519139842	100494	1128286000	2141079237	2141801532	2044505549	2153820716
2520612561	11271	2517071495	1910713888	2598419080	2258701952	2598072267	2772834835	2618434474	2512880383	2324634047	2740939498	2402794364	2763159879
2521323384	143	1965451871	2257230998	1997148648	2000257549	2019981247	2020209476	2021490542	2022186505	2031696128	2036388536	2037988412	2045557091	2093287406
2525133266	101150	1964082229	2085472231
2525354251	13460	2335581318
2526354806	13013	1981507936	2734621996	2623521341	1987102053	1987349551	1990020426	2463327536	2782951955	1993838146	2726473150	1994954634	2304967008	2115184047	2001402758	2743234050	2610792620	2014153303	2014471126	2125295684	2484891492	2321825501	2024554470	1780831949	2131359046	2026194538	2027780232	2028956744	2030453964	2034653887	2281580589	2042810668	2142793271	2045664534	2051448159	2328403375	2481757281	2057225709	2770270630	2194724345	2070183454	2072070193	2331672295	2756082415	2075538651	2161562701	2081836354	2084908702	2087059253	1040246257	2091217138	2092292638
2527268327	101862	2738062132
2540842043	12869	2257261059	2060452760
2542369778	18185	44365434	2075796873
2549141325	17361	1897466924	2559868832
2550138261	10898	1992677710
2551615948	1184	1664942660
2556734068	10679	2530132282
2556866809	18127	1983743854	1984889570	2010544830	2033426726	2589048339	2042658715	2730445766	1570706331	2058481228	1803305912	2071926470	2093682304
2557769834	10504	2022846735	2748940026	2164899037	43090789
2557997597	10571	2018301437
2558509393	100172	2000546459
2560085905	12019	2033721855
2562763464	12789	1974120714	2157621974	2082277006
2564512449	1623	2745398842	2240594272	2750790669	566612420	2198512331	2102651325	2293500398	2108062588	1500842814	2110599581	2111654153	1906634369	2201936386	2112695787	2515467352	2000771160	2183920148	2464915613	2120453412	2783153653	2008887256	2205937646	2755005384	2400524182	1922045146	2019754090	2515363767	2022763603	1537741354	2027230374	2133893370	2134860945	1928812244	2530717046	1563352139	2053872703	2593161324	2593668183	2155608052	2604308869	2780288531	2270001055	2479662217	1959016151
2570102960	17461	1966635868	2235034276	2016212522	2025734921	2033790590	2081720702
2570173732	13290	1971218632	2643978596	1995464853	2620866473	2306168615	2018306560	2020672517	2053739445	2157874651	2071120670	2083214233	2768032476
2570495433	15316	1541364243	2069962714	344892980
2571869266	15926	1996076149
2573061995	100896	2025310342	2037920327	2038907279	2059227176
2574060030	15814	173001811	2010049124
2574693740	14718	2020615275
2574833714	14321	1488997571	1978467158	1997957122	2019099543	2023831173	2023856209	2058893134	2066492886	2087111654
2575718085	101596	1968350277	2518894171	1976975664	2337822507	2011616080	2019186541	2019924952	99869227	2022398805	2025573446	2026128788	2034542425	2043670763	2145666562	2154168778	2154619057	2065986057	2331417883	2217759150	2310593802	1882204502
2576826841	100167	2113322697
2577328050	101232	2397944862	1774095733
2578376052	101932	2064522140	2076232762
2579494286	18615	2566826321	1972028933	2183956898	2525731722	2306704302	2615360907	1600830215	2784284461
2579895812	100775	2022948670	2133310201
2580133610	102019	2101854862	1988989382
2580445593	18944	2107207505	1726574520
2581091774	101501	2133419447	2611115396	2141126336	2162287742
2581529028	10666	2016934892
2582286672	14571	2387019571
2582837281	100611	1965446430	2033158000
2584398171	101742	1966581896	2564713968	2152283053	2090008683
2584732800	13957	1966451720	1968307058	2119789926	2120077216	2362920018	2365413279
2585791444	101548	2312271737	2100993368	1999346456	2006824976	2031030732	2044237348	2064502993
2589334834	100471	2357745365	2298862987
2589484981	100130	1981600375	1989940712	2116926271	2001871274	2769181414	2012021382	1529815382	2016245690	2130613780	2029643225	2036059718	2038661726	2058306817	2071428838	349886089
2589746657	15405	2135595096
2590319375	15827	2065945517
2590930792	12652	1967497714	2398232276
2591662619	19209	2511855129
2593749008	12985	2725312928	2275781663
2597530834	10908	2164778558
2597949747	100897	1694905212	1525176928
2598065353	12610	2358605175
2598279612	14430	285005354
2598498893	11656	2035196756
2601174448	101528	2395063123	2100095417	2108067692	2042717314	2403192646	2071712215
2602190018	1856	2096498454	2100263985	2057809638	2095328142
2602231052	11211	2400788540
2603046962	100160	2574680859
2603117752	13812	2037301264
2607382572	100168	1972506078	2072046622
2607724926	14472	2096061402	1757557210	2114748077	1521218682	2519127656	1636695299	2597457792	2192515720	2608656326	622906448	2755665528	2149196292	2775275968	2782461448
2607978141	12435	210201196	2060972729
2608046860	16694	1608223693
2608103752	1138	1972732950	2106212137	2013714879	2026649221	2615441985	2268466758	2069952946
2608253322	100722	2106173155
2608571700	100553	2049358079	2187113859
2610212732	13238	2535231819
2611278116	10728	1990692993
2617331528	100929	2304802869	2610809235	2299200936	2414486913	2766368933	2580716668	2613486997	2292056441
2617363201	10146	2026347115	2033604633
2617721621	15294	2069768055
2617867397	16330	2166783159
2618044699	15233	2127113605	2525102755	2037920327
2618055392	21038	1752644165	2001949946	2074422617
2618599058	10326	2770643652
2619261211	100579	2023774368
2619327966	16002	2606936559	2410008229	2184331144	2247588345	2749316404	344892980
2619328723	14005	2034411602
2619399600	12530	2318010684	1996873091	2333962076
2619859902	100219	1979273632	2065001020	2085202795	2087784465
2622568587	15503	2596051360
2629891183	20163	2156320110	2092115477
2631127253	10808	1990712645	1991042287	2022154730	2029893760	2086179050
2631431154	13342	2066958555
2632499125	12203	1970717471	2011317393	2033285832	2326037512
2632993812	101800	2463392256	2037341487	2038904473
2634011862	101499	1975748718	2044712134
2635818169	14128	2062258763
2637498125	100608	2115263198	2138020119
2638163475	13146	1987992329	2588697189
2643154132	18835	2063537230
2643468382	101514	2756380228
2644114341	13639	2162235679
2644496940	101986	1964357801
2645598427	16143	2587398735
2649182474	13654	2155278026
2649327381	27227	1892029887	1754555262	1977328533	2005205442	2290088777	1533074667	2266133666	2782532315
2651441145	100138	2046489215
2653733263	100253	2081534567
2656315520	10990	1979745166	1999008092	2138293076	2039082483
2656355181	101026	1990666911	2155185669	2067722892	2170817523
2660892613	19152	2746737566	2753828040
2663915042	101609	2465264521	2333945315	2089094735
2663982282	17338	1971648739	1985181887	2033244033	2063449451	2090950135
2667050638	18385	2082159913
2667670681	100299	2031550911	1939987020
2668691233	12527	2043365086
2669143368	15010	1989734826
2669299969	17463	2274775253
2670043401	22809	2484757671	2097206364	2312775864	2101627248	2514452193	2549219024	2515830767	2490234527	1534324491	2493933293	2133030736	2514258654	2035613540	2140140305	2339902585	2478125135	2266092465	2581261894	2057745686	2512549715	2515531545	2161789233	2474323022
2670144711	16639	2521344817	2131238675	2748165537	2735508532
2671177573	11034	1985928331	2042181193
2671249993	13510	2115580922	2294935177	2068351435	2072394638
2673571089	100417	2766434417
2676396989	17188	2093381987
2676649927	100699	1978854592	2360202867	2363169240	263398748	2381926734	2061218206	1669018186	2418417394
2676726550	2622	2615441985
2680635206	11004	2256303999
2681720131	16401	2001924315	2035909760	2077231378
2685208102	21231	2004091054	2037702363
2686824875	10289	1978069577	1982557167	2554869306	2041274177	2744278259	2075413982	2078200959
2686879412	101918	1980957611	1984789042	2004679658	2031863773	2036850150	2044213993	2044800216	2051371705	2060301487	2086942607	2091810557
2688455705	19001	1967081824	1969474648	2103289103	1982237441	1985765571	1986106871	1993609441	1996608206	1997651170	2117587880	2012020142	2013391341	2017849167	2019998173	2139142237	2144174821	2327350691	2168153488	2091442067	2091573550
2688538991	14132	2006585731
2688830668	12081	2396787056	2013935286	2231866764
2689279920	15363	1970617114	1981751657	1987970059
2689303348	13757	2075732070
2689406447	12133	2048527714
2689450467	12137	2113744697	1996232257	1996398788	2003289093	2124655875	2021749865	2035383062	2040303008	2142835064	2052770703	2074919229	2079476936	2085447301
2690020859	10949	2564406192	2478728367	2067500607	2571413809
2690499736	14700	70084972
2691088963	101096	2045949637
2691772934	12379	1973566179	1998347349	2466058928	2027241421	2079511666	2341877996
2692107340	100754	2744755097	2095363159
2692753786	1963	1993746456
2697549254	10765	2029185792
2700658655	101425	1988035764
2700801936	12285	2098801706	2110269902	2015204111
2702589388	11623	2595686941	2514338176
2702642661	22234	1967135084	2055755180	2329855236
2703554497	11691	2042391548
2709625585	100962	2010904948	2175948239	2144159693
2710306621	13069	2090032429
2711443567	1484	1995859155
2716274642	12540	2079225988
2716478812	11326	2122167372
2717640460	11021	2746142729	2015668155
2717793098	13506	2016913638	2034527759
2718744100	14421	2122637226	2208569461	2773875765	2082809074
2719153483	10029	1025821025	2089098936
2719432860	18227	2771647870	2768926839
2719930555	15843	1976312532	2103254787	2028566106	2134883502	2178185599	2060599410
2721317078	13569	2515938468	2518639182
2722237376	10088	2750592680	2312401823	1968403075	1484707042	2745533424	2724602659	1971244898	1971851384	1973583714	2314383065	2314474187	2788021948	2275535154	1982078240	1986953791	1993015496	1994421965	2318449979	2604686113	2001142409	2118516120	2521121992	2548285774	2007876730	2320868951	2728207189	2322141321	2467353690	2401494631	2030325215	2030915952	2324537559	2033137520	1857346617	2740900380	2042237416	2047378295	2050076469	2328237280	2519279479	2329543950	2156403331	2072069446	2076056537	2076345074	2332538170	2231525123	2165291607	2083842471	2785256217	2093119709
2723330174	11478	1976654954	2106211986	2464353539	2136558269	1574902763
2723716455	16353	2096492801	2003574745	2764581137	2008384396	2009696092	2497864060	2029915843	2036013289	2044127133	2086878220
2723944021	12738	2059812564	2249670340
2733475199	11715	2030113306	2045854323
2733531905	14222	1994248837	2000172199	2044650418	2047253509	2060615049	2159224994	2094734432
2735055944	12411	2484429788	2008220496	2401147897
2735575012	18149	1964070573	1964358646	1965030183	2098210716	1970160388	1971830284	2181842270	1978226738	1978640424	1982944835	2771777547	1989559574	2782973613	2001120681	2781802033	1521865107	2543182056	2122680678	2011084817	2012012400	2128136443	2023355455	2026835465	2132381103	2030222206	2139539685	2766303867	2044064038	2143439350	2047499953	2145479530	2150755587	2521915498	2437908480	2060960380	2291915121	2081428396	2164958985	2083873585	2495909458	2088844241	2789197239	1963376225
2741371559	17918	239687411
2747919723	16659	2745627501	2770777149
2751618052	18394	2312775864	2490234527	1534324491	2133030736	2035613540	2339902585	2057745686	2474323022
2758229046	12219	2051842431
2762117271	12403	2379083667
2764926397	100010	2187932651
2767272636	11587	2342449789	2563503143	2551072840	1990035007	246955928	2001477220	2119159811	2009097638	2583570879	2127431237	2020467305	2599416965	2179381742	2441418405	2078895593	2084170530	2087069494	2093079786
2770771082	11781	2274666539	2464867522
2771400780	1884	1645712855
2776443019	15891	2750816940	2035905956	2291489026	2782224317	2770283486	2774841515
2777324444	100127	2484757671	2312775864	2549219024	2515830767	2490234527	2123840999	2126113890	1534324491	2130656703	2493933293	2025526698	1540624656	2133030736	2514258654	2035613540	2140140305	2339902585	2266092465	2327486525	2054864743	2581261894	2057745686	2515531545	1877053985	2164070357	2474323022	1608812553
2780498660	100778	1658215557
2786140147	100367	2026336162	2148629027
2786408772	20633	1992612753	2034807192	2088292397
279603013	13877	1495785373	1998114973
35733612	100091	2082601271	2090982769
39772497	14251	2124111941
66125241	13774	2012098287	2049380492	2056866151	418907179
662435172	22230	2048474727
722458921	13753	2106688487	2148048212
788864241	14986	1982894873	2042377970
822647683	10439	1508541454
836433039	17545	1694905212
92080724	19197	2097380506	1987346965	2006103234	2015154185	2128795087	2094947262
998622398	16945	2036457963
