114406758.0
131016564.0
2481244646.0
131663046.0
41354064.0
76152103.0
92465984.0
133947007.0
26659863.0
6791298.0
134307298.0
70286497.0
143846845.0
23939942.0
192559872.0
29254203.0
67393510.0
111326731.0
199470047.0
67862205.0
33948212.0
37391459.0
94313546.0
205754296.0
158228368.0
103225281.0
111927887.0
202958571.0
177196338.0
186054908.0
128421901.0
125119059.0
137773608.0
63270775.0
127985767.0
99352657.0
198573919.0
86179604.0
172319488.0
1980519.0
193523036.0
113542562.0
35412551.0
19887683.0
112095004.0
173952182.0
105243760.0
4121844.0
120213556.0
201989124.0
171072222.0
156255550.0
67716761.0
2531685872.0
13479253.0
200764475.0
204609040.0
145089992.0
89689683.0
166634186.0
111155417.0
130004147.0
54306276.0
1025118869.0
154732359.0
45305740.0
163807576.0
94619837.0
151030190.0
120080025.0
173328182.0
30970080.0
152760256.0
108008259.0
178776955.0
196734849.0
86512602.0
190924190.0
198339081.0
164001016.0
5555990.0
187991544.0
95739953.0
107898947.0
115304631.0
37411791.0
102276873.0
23181512.0
22793308.0
2500738039.0
130017051.0
7140881.0
146709414.0
159739878.0
96638545.0
182655450.0
11296630.0
111326955.0
175163693.0
22507861.0
134185576.0
197962172.0
35825460.0
203062545.0
3649266.0
2764968653.0
44567922.0
33442941.0
6377669.0
109113098.0
65425268.0
202381698.0
87561820.0
110033974.0
166159787.0
113313948.0
86535114.0
103097414.0
203465130.0
205050996.0
166799026.0
58631098.0
162355128.0
200871675.0
45720283.0
23458762.0
106963461.0
182383103.0
80372421.0
139340696.0
193466101.0
207178839.0
2479884170.0
63048404.0
53162366.0
128936867.0
187215728.0
54145736.0
124047739.0
2400914.0
27723657.0
44098145.0
35593046.0
2764715062.0
151506945.0
59479367.0
130615878.0
75247133.0
100695177.0
13442111.0
42573498.0
21442059.0
149937609.0
93909106.0
148121101.0
189917590.0
114992436.0
52834336.0
135472351.0
52459750.0
126644158.0
66354037.0
75069817.0
24807848.0
52566953.0
162708223.0
129410440.0
110876149.0
140302479.0
97303050.0
7858788.0
20257348.0
112006741.0
125754415.0
165473669.0
48860480.0
69753523.0
176136234.0
171616156.0
195642041.0
109682412.0
202995604.0
59604973.0
164566984.0
50222406.0
5382288.0
98455728.0
143744711.0
124795565.0
177147899.0
82088436.0
142816121.0
165939611.0
21935473.0
163399160.0
199447588.0
31010182.0
42294715.0
132538424.0
129640837.0
8792693.0
2764493024.0
158377717.0
2764572459.0
199247034.0
140251998.0
137905309.0
166515463.0
42323631.0
202680183.0
106928643.0
136942575.0
184954342.0
56987637.0
128124174.0
100014387.0
119074828.0
10422866.0
106576117.0
117279562.0
198879913.0
16561315.0
129236917.0
2497375143.0
45848134.0
55626769.0
4954800.0
11742566.0
181568219.0
45504773.0
119230507.0
186881120.0
134390580.0
36793815.0
186953540.0
105746325.0
13909153.0
138530117.0
2482773761.0
135187643.0
105962883.0
98831239.0
161185981.0
119469986.0
148694123.0
133942674.0
2764440545.0
173499201.0
123147032.0
112051168.0
4924609.0
185621672.0
159232998.0
29724373.0
139187495.0
2739106167.0
39794811.0
105928092.0
61604500.0
19730638.0
124780610.0
138759888.0
45356120.0
114976158.0
114839437.0
118716465.0
26125866.0
112227793.0
156208185.0
10719676.0
95305481.0
946611601.0
97130795.0
90605627.0
950076683.0
136710263.0
145550701.0
148071443.0
191963794.0
163644703.0
17983605.0
135204980.0
62391475.0
11732831.0
135221619.0
44717366.0
91852382.0
235346.0
205775358.0
11781297.0
101278519.0
187806540.0
57449756.0
134644764.0
59323220.0
145476921.0
49828768.0
70718007.0
44811770.0
118093565.0
61808140.0
187696258.0
156199816.0
108229257.0
117082959.0
185787987.0
77047749.0
414566.0
188582317.0
168210271.0
98631280.0
24284137.0
77581241.0
83040158.0
171076697.0
152476886.0
188605413.0
2502627819.0
186935893.0
40861184.0
155362585.0
130598054.0
192705446.0
93478396.0
171172751.0
86852077.0
189344224.0
4398839.0
183149254.0
101472891.0
154637859.0
169733112.0
115714813.0
68911691.0
152000018.0
109711878.0
80733542.0
39653451.0
88577320.0
168522863.0
126985745.0
56956558.0
128296271.0
204459408.0
181847678.0
64016596.0
31534900.0
86481247.0
181332294.0
137979523.0
168898714.0
168745376.0
16731738.0
141585851.0
165969127.0
138062970.0
155241436.0
45795350.0
66104727.0
180314335.0
78268018.0
201514771.0
84179801.0
203966947.0
184645833.0
67425620.0
191329154.0
61310614.0
156181945.0
28082686.0
185297315.0
185186944.0
122730748.0
32610980.0
104375418.0
114012392.0
149170128.0
77999381.0
31156748.0
70174254.0
26602194.0
11629336.0
2764855249.0
191935395.0
169445072.0
50523690.0
2530005873.0
108821158.0
48849333.0
112097523.0
104875562.0
13281104.0
45717877.0
158028765.0
96167972.0
164770093.0
129124101.0
105929320.0
89199708.0
107629180.0
55009144.0
2765003236.0
161439912.0
16821847.0
49025288.0
103198402.0
98273654.0
151589183.0
75741262.0
56137335.0
23074404.0
10012645.0
104550190.0
177547185.0
74367812.0
114430552.0
95865439.0
53475899.0
173461644.0
203723150.0
75702506.0
51360982.0
58031724.0
102728161.0
13619737.0
206811868.0
99846442.0
2849398.0
52195378.0
170358085.0
141892599.0
41066938.0
207713678.0
101229256.0
147836164.0
9756463.0
167262187.0
60324941.0
109302362.0
154037165.0
14059627.0
15647332.0
99498898.0
18605054.0
108911230.0
130567056.0
182865820.0
76010543.0
114575275.0
158567263.0
91170297.0
79173686.0
43295729.0
77418581.0
96410829.0
167696071.0
134475343.0
203479135.0
52395412.0
14835460.0
27731274.0
112574528.0
68724622.0
133490392.0
2307745.0
2764468969.0
89963981.0
2497301991.0
82541167.0
89865888.0
108525051.0
207539002.0
60080701.0
175770247.0
93466130.0
116094739.0
129676613.0
56162041.0
48852984.0
161954266.0
59020844.0
53450646.0
179886003.0
21922812.0
977305210.0
99356198.0
124744586.0
124357017.0
130797008.0
122302516.0
148244296.0
146764194.0
139399906.0
39128869.0
38677346.0
201142877.0
76304953.0
192650101.0
114484406.0
3880285.0
115516119.0
74940757.0
2493627025.0
137030581.0
6712347.0
7538555.0
58603569.0
112856106.0
36069537.0
90729755.0
173943867.0
188673600.0
132787887.0
71670289.0
4888523.0
156994934.0
101949793.0
80698544.0
18188872.0
173145877.0
175543413.0
87016647.0
117727964.0
170430865.0
63571384.0
14311075.0
2496121912.0
162571691.0
185020647.0
11406725.0
206553565.0
3577691.0
64486668.0
9051360.0
284573.0
88061139.0
54043040.0
2764724535.0
185806230.0
118630506.0
37844757.0
54083545.0
33159018.0
170036492.0
196832940.0
39223014.0
195255895.0
58990993.0
64187185.0
84339699.0
184316860.0
201530359.0
93916849.0
120382301.0
14676311.0
2482500137.0
53842986.0
90825563.0
2485537415.0
167968286.0
132457063.0
7325069.0
167743172.0
959143335.0
185008460.0
2764536960.0
171512606.0
12267756.0
110213010.0
113913715.0
174657117.0
94180312.0
23594216.0
107262989.0
181459644.0
171368329.0
900972176.0
63956823.0
160957154.0
95928045.0
104038378.0
143585532.0
177430994.0
16737290.0
95031726.0
130182579.0
191188855.0
96871409.0
2764744304.0
14279044.0
55916960.0
30869261.0
158447136.0
51590970.0
194298869.0
133462754.0
44278595.0
55093224.0
1959426.0
25422132.0
76417895.0
10075937.0
179810352.0
2764543734.0
40206742.0
59012888.0
206392846.0
205957783.0
115693375.0
196799759.0
16435181.0
2492086750.0
96873385.0
163818028.0
147177414.0
128211976.0
145378405.0
62602987.0
118216261.0
29728585.0
38855548.0
129150467.0
169029442.0
125242520.0
28614077.0
10124807.0
43044067.0
134678447.0
106302738.0
69755223.0
112952355.0
17729819.0
74941265.0
172552266.0
149116045.0
126191069.0
132829192.0
108264783.0
153470445.0
61862591.0
137084839.0
21317199.0
37169408.0
121920818.0
114241109.0
185208586.0
146335943.0
88153332.0
2764512725.0
82675988.0
5707928.0
158543658.0
3892946.0
133907260.0
7822423.0
207559368.0
116045149.0
2492252179.0
192722082.0
21859746.0
40708307.0
62865007.0
110447773.0
2502047864.0
70396342.0
137865625.0
121161810.0
6919857.0
21117631.0
66990431.0
63835026.0
63395545.0
114502960.0
78604184.0
45012897.0
43111796.0
2491942749.0
192814187.0
156274416.0
11800902.0
182106022.0
16686637.0
196979320.0
199944782.0
87940674.0
72791832.0
18344391.0
149016011.0
201441698.0
70979998.0
128544920.0
114689480.0
64301127.0
2764517779.0
146360593.0
99346554.0
6966117.0
53926609.0
146005121.0
151176162.0
2764385675.0
146636433.0
98026630.0
45406943.0
30657385.0
45693802.0
102544370.0
74970393.0
107025856.0
118960844.0
36624081.0
42080949.0
171488675.0
127984601.0
162033819.0
138757394.0
27359860.0
151115137.0
141761900.0
195663288.0
120629676.0
115471999.0
59755854.0
51850603.0
143715161.0
119477091.0
125685628.0
34136372.0
71857517.0
88537382.0
93787993.0
111277402.0
173107507.0
10892749.0
33252744.0
123480357.0
83557516.0
70769875.0
12874817.0
129665955.0
37189094.0
117995063.0
120392215.0
83853393.0
201230245.0
134668137.0
128439998.0
180051340.0
147958056.0
166040772.0
11896317.0
136516072.0
63177807.0
42921845.0
34296711.0
40187045.0
109565702.0
52593085.0
82228219.0
139950591.0
88471346.0
151820558.0
50016660.0
157451995.0
12644804.0
190082376.0
55737203.0
120123482.0
171987449.0
37186612.0
178238111.0
182099265.0
2764884854.0
177533077.0
181849944.0
2736600276.0
27450783.0
127936299.0
67154222.0
69033458.0
80045625.0
12418545.0
19645890.0
131488450.0
80041920.0
19081469.0
2764760790.0
75411654.0
6068926.0
189694085.0
120502300.0
182710874.0
104292366.0
120158623.0
54634327.0
2764494557.0
173256270.0
207705515.0
34870678.0
143604795.0
95018974.0
193447295.0
120877133.0
114140916.0
6410836.0
184889556.0
143190592.0
20355562.0
153775118.0
146449914.0
194735492.0
78376336.0
162030435.0
27298842.0
88226677.0
44783556.0
121666818.0
2764728150.0
191565391.0
203898163.0
192692459.0
48346357.0
81424476.0
145558524.0
33892871.0
104797584.0
83651209.0
82835231.0
169069398.0
151760177.0
155074040.0
164692974.0
103518591.0
130536152.0
146462558.0
72499069.0
70695507.0
67831204.0
12574399.0
133274750.0
57491091.0
8244251.0
135102583.0
149516416.0
7359802.0
106840945.0
54409865.0
103248676.0
149201819.0
100444939.0
96365333.0
195250905.0
204809294.0
156904493.0
98276404.0
99859448.0
143381477.0
85134406.0
121579133.0
29875816.0
126440360.0
111727011.0
24148485.0
62159105.0
52442148.0
140556538.0
17421805.0
28966261.0
201762130.0
6785741.0
146563757.0
137312515.0
105637730.0
167919573.0
51929418.0
145039780.0
51047553.0
1905899.0
48277251.0
89614158.0
182300451.0
183498172.0
152600803.0
30525748.0
156174673.0
34901312.0
35778795.0
17577527.0
204672714.0
26208059.0
41143188.0
183484819.0
2737737698.0
189846775.0
56464651.0
102439543.0
120324992.0
19799837.0
89023782.0
102889028.0
30446230.0
123777873.0
47478517.0
187585107.0
48661868.0
63459445.0
75830442.0
187816532.0
2493613807.0
185455647.0
203050076.0
20241394.0
194691280.0
158028025.0
80729884.0
202078656.0
116836101.0
141109035.0
52123058.0
191044671.0
193475107.0
131852149.0
73858282.0
206570889.0
65039790.0
88565281.0
81474683.0
20181990.0
197964166.0
5458151.0
153285774.0
2248630.0
63830647.0
169236886.0
151741590.0
118879562.0
79704628.0
2765048856.0
6147291.0
29564236.0
56561474.0
2764864996.0
77056576.0
21009921.0
80252601.0
65405509.0
121608518.0
80334769.0
199162493.0
115455909.0
92126311.0
19938693.0
118634233.0
163174342.0
12713009.0
56681374.0
200416800.0
114437232.0
143352558.0
79832926.0
316438.0
94499970.0
184620562.0
79420083.0
84867234.0
102125482.0
177501576.0
88457320.0
198061209.0
145528006.0
10169007.0
106234763.0
3137872.0
111160002.0
13144211.0
172573765.0
197000376.0
118523878.0
88154163.0
101518821.0
2764425922.0
46371784.0
9184782.0
151498627.0
162583102.0
26018076.0
147897268.0
13215905.0
181611401.0
137691401.0
58069681.0
135397728.0
201921491.0
2734413303.0
2489501747.0
99756463.0
2764363796.0
26092943.0
115998457.0
93121129.0
206633562.0
59624048.0
77654513.0
131037608.0
11990766.0
207341031.0
2476799526.0
3204633.0
119912628.0
94429145.0
73060445.0
115173108.0
30122339.0
189509794.0
53451518.0
170967050.0
13961689.0
124577123.0
101209419.0
9304834.0
173979593.0
24124513.0
123313652.0
165401249.0
38879697.0
130447213.0
112540174.0
114141714.0
205376447.0
188545443.0
30698027.0
174288603.0
115920904.0
88152556.0
3861430.0
197055754.0
134177497.0
24978797.0
89954039.0
145090216.0
64920681.0
136634221.0
185046733.0
84392608.0
123288037.0
129843401.0
126920919.0
55519402.0
196384270.0
2736340094.0
187826688.0
134627157.0
204978898.0
171169652.0
194927175.0
17551360.0
88256731.0
133811445.0
113170167.0
111181672.0
144119614.0
105500771.0
22285447.0
82319153.0
136105467.0
56563372.0
207023548.0
16879113.0
165997068.0
16958353.0
91238560.0
123979729.0
60589374.0
112351221.0
159051371.0
107775873.0
174303711.0
2764782236.0
6037287.0
27064115.0
2498964232.0
153614898.0
121278948.0
10936095.0
85849776.0
58867329.0
36510773.0
24701761.0
174819509.0
134841769.0
143946080.0
154775064.0
117354312.0
75093782.0
13895637.0
81770430.0
48437117.0
2764528046.0
42307217.0
78067151.0
142026636.0
25538012.0
182646890.0
186584794.0
91156679.0
158797327.0
169363509.0
2004986.0
96685181.0
97400022.0
2494614724.0
202193212.0
2764926402.0
5043789.0
169822654.0
118009772.0
90999920.0
106546978.0
102181007.0
80591372.0
9070373.0
135458494.0
163817903.0
13733787.0
164923136.0
98563347.0
34126442.0
64311837.0
2764402489.0
133939727.0
95395365.0
167175129.0
201473135.0
1650486.0
202974686.0
151817608.0
36738971.0
159281433.0
58832373.0
199671312.0
88768767.0
47891569.0
106502101.0
2764983751.0
2737427234.0
88959177.0
611060.0
108417319.0
185347286.0
40006715.0
31411064.0
165152232.0
205999849.0
179017329.0
164225461.0
133363738.0
16904162.0
202457705.0
1879512.0
12065667.0
122867665.0
167943036.0
184777250.0
192423878.0
200672447.0
52939411.0
19375554.0
191946630.0
2483136528.0
128210042.0
110711237.0
111448270.0
86011449.0
53740810.0
63783143.0
150413162.0
81007815.0
80223966.0
117485531.0
151564723.0
10300399.0
75568645.0
143179485.0
205231332.0
18585137.0
114499311.0
2764664775.0
189798733.0
41063453.0
2737698404.0
95685352.0
56707038.0
22862804.0
120853306.0
137436721.0
29311329.0
6444338.0
165333527.0
1342386.0
18855311.0
46640599.0
147868187.0
185534594.0
50280174.0
154646843.0
161516442.0
62676688.0
17777368.0
183718435.0
123288148.0
10599296.0
85680945.0
200071133.0
199972112.0
48744551.0
65504228.0
205066066.0
91823780.0
163950488.0
134228058.0
12095120.0
102549058.0
133992056.0
59685179.0
2495708506.0
26772273.0
28101772.0
103035011.0
19176856.0
4802544.0
171398020.0
20025341.0
15137598.0
165512578.0
68052730.0
42274841.0
186113128.0
94212472.0
55645480.0
135837084.0
105424869.0
2500547560.0
45696439.0
68497187.0
48633963.0
194131194.0
156806727.0
180042443.0
29243050.0
2764547716.0
196498761.0
180465690.0
112262039.0
149476849.0
48977010.0
2764950309.0
179591353.0
104261359.0
173339282.0
82124767.0
73535193.0
191926780.0
186153782.0
118315377.0
138645024.0
154487680.0
56909845.0
136164820.0
44471553.0
84231135.0
174893293.0
56312815.0
168049282.0
2482167115.0
37672443.0
192932257.0
2493531148.0
139857051.0
136650500.0
111600783.0
25694545.0
67755771.0
6589812.0
153281200.0
107691304.0
170809390.0
103865650.0
58516903.0
2764532622.0
142331907.0
39147781.0
101287785.0
81011612.0
2764607427.0
20152851.0
64800834.0
177451610.0
2595199528.0
131032111.0
168421034.0
57252141.0
2764558151.0
130561736.0
65840159.0
207549998.0
163860444.0
160877137.0
64351449.0
201266914.0
207341048.0
96615428.0
9145135.0
85457386.0
130197424.0
179369505.0
65690446.0
106685023.0
127446044.0
120870440.0
196647941.0
19032547.0
184795524.0
73374563.0
19741831.0
2764410803.0
183209598.0
2574783.0
169293703.0
46507181.0
2764915388.0
125636905.0
7773033.0
87930725.0
201767027.0
28473761.0
80485027.0
94095188.0
117898428.0
192927201.0
138681734.0
70681891.0
2764388416.0
105578824.0
10623703.0
81924583.0
28635856.0
169472558.0
2764567338.0
201849197.0
130214813.0
64836871.0
63023845.0
162627789.0
163381719.0
36653316.0
946213959.0
85738991.0
87700920.0
199832308.0
141468604.0
206719219.0
166620827.0
129324922.0
60362788.0
95857176.0
99619495.0
144330684.0
61167191.0
24354371.0
35920007.0
183686791.0
2607323502.0
5745031.0
58514918.0
128829286.0
121986758.0
142323794.0
155547894.0
14326618.0
31264339.0
168707975.0
179566649.0
66950535.0
2505686813.0
197264859.0
23626183.0
207433681.0
162477232.0
207741693.0
139986892.0
182038535.0
36304393.0
110206669.0
148709879.0
95174952.0
179640588.0
32114090.0
51596929.0
104471971.0
131385101.0
133352122.0
65957803.0
80413395.0
98010888.0
47715536.0
111362775.0
88052261.0
135184319.0
67679141.0
77874066.0
103568991.0
29775604.0
149266522.0
54167817.0
135981667.0
180811554.0
3251770.0
86558740.0
26186121.0
39841227.0
2764368349.0
81945236.0
133439003.0
138104288.0
189140625.0
88315673.0
168377509.0
112674977.0
88738190.0
202986090.0
161267757.0
201546697.0
57552105.0
2203401.0
75371934.0
96572642.0
16439242.0
44888363.0
35924701.0
62468778.0
77209346.0
71689831.0
152701455.0
197285354.0
190037396.0
90745127.0
114911520.0
55229178.0
2500736452.0
49861241.0
42803210.0
181849574.0
23327923.0
100414002.0
104092111.0
88404446.0
58319264.0
36361591.0
159210951.0
53459527.0
124503262.0
29166240.0
143106029.0
60743949.0
55674637.0
131011716.0
2484704948.0
59029245.0
1010394304.0
77453907.0
92562763.0
124713461.0
170890380.0
79162954.0
78060005.0
8391440.0
27514295.0
39612629.0
15649984.0
137961447.0
18131899.0
99576920.0
128754310.0
147316732.0
3271665.0
60494976.0
118914585.0
176275101.0
2764926201.0
204562082.0
199738284.0
128543880.0
175775512.0
172436580.0
86125002.0
10577112.0
12189451.0
25650217.0
196783408.0
195914795.0
186451451.0
154343897.0
132380971.0
71414007.0
111464279.0
147008614.0
60606485.0
56437793.0
189058776.0
184573928.0
25216321.0
144595962.0
167203149.0
156179317.0
2491286908.0
81083566.0
54553633.0
2765038284.0
189275214.0
137860580.0
204953464.0
128425624.0
205679754.0
11258463.0
150190834.0
157527038.0
117411352.0
35878148.0
155115410.0
83388334.0
116100596.0
113329220.0
78091169.0
15111687.0
103398315.0
2764363513.0
76698325.0
34954451.0
184932276.0
6640965.0
145806103.0
83372010.0
87338489.0
107832660.0
155657358.0
206298197.0
199067057.0
137372404.0
37349105.0
19224985.0
70477180.0
167257428.0
2500128275.0
43247408.0
19143454.0
134818455.0
29251328.0
136038430.0
2456228.0
91748803.0
165886213.0
98085912.0
57461170.0
34010870.0
177651330.0
46225466.0
149218730.0
139212996.0
124230369.0
2754193772.0
159320098.0
62966998.0
61245073.0
104133745.0
119212824.0
108258784.0
86860186.0
103895331.0
195553029.0
1336409049.0
119470311.0
122935314.0
65932378.0
90422530.0
22947807.0
2764926557.0
59702976.0
148760032.0
124453322.0
85417211.0
109720773.0
39730559.0
43643205.0
117186765.0
123408762.0
189381513.0
150722692.0
56397279.0
163931769.0
53807158.0
200274427.0
119001223.0
154285657.0
18163555.0
170295845.0
32869529.0
154771817.0
2764931282.0
193587041.0
156652029.0
2764581412.0
6846437.0
75771055.0
129524704.0
81064336.0
192387442.0
95522064.0
5649782.0
136160450.0
71256826.0
65040752.0
207496920.0
194154261.0
106730106.0
34343017.0
166351637.0
61095757.0
103870658.0
91067379.0
124084054.0
167602672.0
2299478.0
164882405.0
169694011.0
25093289.0
120949314.0
104641133.0
2764386229.0
25903957.0
60865174.0
167509434.0
2764936065.0
105319247.0
102063886.0
45497385.0
104830714.0
2764899123.0
148844903.0
200437886.0
153217397.0
81563257.0
175030738.0
49236851.0
18197459.0
140121985.0
165356423.0
12429487.0
40322869.0
2090548.0
49004918.0
137042341.0
5743915.0
92531173.0
165426342.0
168975578.0
152068293.0
127393932.0
38090728.0
202896352.0
157833918.0
2494728167.0
16945967.0
77049410.0
83215360.0
28330355.0
14509825.0
25615441.0
96000363.0
116025658.0
2764453006.0
45954700.0
198335345.0
20946557.0
68937846.0
184547178.0
190073995.0
160566677.0
172406362.0
101300182.0
194656152.0
146952083.0
140216511.0
160879026.0
2494628808.0
206700086.0
91057606.0
81160022.0
145200904.0
79701327.0
48050435.0
2764476807.0
121974499.0
64097828.0
23425967.0
171031257.0
15952048.0
27960984.0
104451582.0
37538908.0
94052278.0
201143131.0
72372694.0
172248863.0
15497777.0
198733495.0
989097277.0
183337005.0
87609158.0
63322718.0
4206644.0
192926780.0
76694907.0
137728576.0
90791864.0
127530304.0
75495113.0
21826315.0
2765035490.0
178493899.0
193234216.0
113871862.0
76576941.0
64770346.0
203352922.0
185367456.0
188962457.0
160568490.0
134700381.0
148394532.0
125629831.0
83804233.0
111985066.0
119685760.0
163378907.0
150334665.0
139641095.0
178916657.0
156919612.0
184816971.0
36154601.0
180042398.0
57502652.0
114295916.0
153101029.0
201049572.0
30207186.0
75759149.0
124203677.0
74324422.0
205010575.0
205788060.0
189188848.0
32326811.0
12098962.0
110399111.0
103321696.0
109165080.0
150667925.0
118639958.0
171130801.0
14419372.0
205194082.0
4063504.0
45468527.0
2645077.0
164177214.0
65139510.0
21838795.0
190862277.0
60030702.0
2595646510.0
139338987.0
149050951.0
71252645.0
54485712.0
76695604.0
76900504.0
132505712.0
97150082.0
42167783.0
2764671299.0
198620474.0
170052170.0
2736711265.0
72188638.0
115575112.0
19392275.0
113844863.0
144192255.0
154400510.0
123418790.0
31518353.0
55067746.0
2764941219.0
55509983.0
19610489.0
188633547.0
164377831.0
178780388.0
53334490.0
129060628.0
98158633.0
71291874.0
178711970.0
2764825608.0
2254258.0
81024170.0
63107127.0
44425019.0
110757056.0
205482884.0
49415658.0
115510430.0
70307536.0
148303206.0
83499872.0
44914516.0
40136177.0
201780205.0
145420111.0
2484288132.0
43139658.0
143937555.0
141144868.0
88922000.0
45445671.0
149828480.0
78120914.0
47836903.0
107859076.0
104924063.0
51309854.0
2437199.0
65809584.0
86033158.0
195338471.0
1200972.0
171559003.0
134770349.0
44455300.0
31167473.0
55953343.0
548917.0
15622159.0
199941106.0
206830620.0
50978397.0
167664057.0
175946340.0
1032290579.0
141074886.0
100373537.0
176166730.0
24777084.0
92363890.0
45087425.0
31493525.0
144105592.0
27728525.0
2764860519.0
127742747.0
180997207.0
160362754.0
155723790.0
147622553.0
178205233.0
139505848.0
2764516496.0
74998426.0
109361689.0
11131942.0
169796457.0
79244937.0
146035217.0
174346720.0
79054089.0
113993733.0
159955403.0
67514239.0
146547478.0
124242604.0
72944096.0
56986848.0
199072659.0
30889260.0
191336577.0
2596376215.0
111872859.0
99032212.0
120683614.0
203530175.0
199810014.0
2764755576.0
69855411.0
195598543.0
205083296.0
3164724.0
2737064587.0
92819544.0
118384808.0
2764676866.0
50372074.0
186208447.0
34881539.0
184470774.0
179713424.0
173877794.0
147692640.0
40391745.0
10815846.0
33108253.0
188105879.0
137146891.0
112923101.0
660994.0
197651592.0
205083708.0
189156418.0
32973720.0
174937383.0
99347777.0
197370822.0
144620930.0
80680187.0
32061424.0
166774750.0
91754907.0
57607574.0
28247071.0
173708173.0
41026820.0
155393248.0
113449338.0
103234284.0
163220592.0
200425769.0
180901878.0
194146006.0
196637695.0
13481170.0
123019304.0
158079644.0
65753830.0
82072675.0
25854515.0
106137443.0
118082147.0
144184862.0
7028379.0
90573847.0
2504426957.0
171911960.0
152840809.0
192049192.0
43648981.0
79872515.0
5240358.0
28482811.0
118568332.0
60052374.0
164389565.0
121125331.0
2764624792.0
104732370.0
147871266.0
12358048.0
2486803449.0
204956882.0
149191589.0
48813012.0
2595292759.0
203348814.0
176175666.0
82722058.0
59987174.0
63477337.0
145845511.0
149798875.0
46134040.0
109387254.0
124099097.0
145814765.0
18714766.0
13880985.0
138083468.0
99517592.0
2764998300.0
2061155.0
118886446.0
204569390.0
204799461.0
2481029507.0
207089700.0
16354640.0
160206373.0
82336448.0
145930022.0
95999327.0
28607811.0
191852912.0
19266977.0
67737920.0
128555845.0
50558362.0
41531006.0
189127420.0
200872515.0
168680287.0
46058472.0
2765008297.0
134674912.0
2479015379.0
172051550.0
121948673.0
2475729051.0
152998702.0
103047102.0
78284227.0
147556662.0
2596328991.0
157460402.0
118332200.0
2489902859.0
166492742.0
182829932.0
59961522.0
206789554.0
73613154.0
62949411.0
133896805.0
5832799.0
121210842.0
13342628.0
205878144.0
135331755.0
72497124.0
176558078.0
121524942.0
26897867.0
140584875.0
158211696.0
153329750.0
187173200.0
121340289.0
74546071.0
139899721.0
113958752.0
107690564.0
195680726.0
109535982.0
150450536.0
190307231.0
193535841.0
122199241.0
104993753.0
189402472.0
96702057.0
2737520951.0
93003929.0
37011080.0
57062392.0
75407890.0
2754896258.0
8388595.0
118304455.0
141055564.0
2764722093.0
97146013.0
109728397.0
108448409.0
123144817.0
2738539744.0
140928716.0
39580544.0
36029991.0
67314508.0
136072078.0
141184754.0
21847272.0
4218381.0
206822548.0
23575585.0
128136061.0
116900674.0
189701308.0
184773532.0
159544283.0
3756010.0
67343978.0
207806050.0
74978649.0
79925788.0
111163638.0
203371744.0
2764562786.0
65618785.0
43092948.0
136713164.0
174148793.0
100601982.0
2764999920.0
144797041.0
2764524952.0
126894729.0
121410566.0
128536549.0
117498271.0
163169856.0
5677253.0
32776067.0
78725770.0
80072481.0
94963806.0
161464388.0
34211650.0
234478.0
25102011.0
24207032.0
2752781272.0
91329792.0
10355277.0
105791650.0
144560499.0
2491293328.0
30890154.0
25671836.0
25293849.0
65236890.0
69957782.0
815301.0
7112016.0
163204731.0
72873717.0
154926289.0
46982553.0
123587420.0
171513543.0
24509660.0
174790897.0
21165490.0
120662888.0
82126420.0
115834843.0
12146737.0
113768434.0
183861833.0
107442880.0
92316360.0
39848674.0
132336575.0
53087977.0
135168741.0
122591147.0
80208192.0
80523760.0
183222223.0
176313377.0
105391359.0
82712235.0
193624734.0
97696616.0
19016632.0
45645249.0
89543202.0
2764698263.0
153476765.0
160776678.0
108408918.0
62018274.0
58820449.0
70378559.0
2764754586.0
36681318.0
62847986.0
169018744.0
86637577.0
123181493.0
2764631046.0
129637156.0
183843087.0
62072220.0
134425043.0
70121411.0
21279965.0
105963835.0
35439863.0
6195976.0
198325475.0
9351502.0
82774605.0
73484101.0
208035548.0
2595374225.0
137870640.0
203476268.0
23655555.0
97378760.0
114193083.0
26312460.0
200968236.0
151424340.0
87018847.0
130661733.0
86898881.0
51663496.0
53703007.0
22216944.0
141808269.0
109998069.0
108427512.0
2509899.0
173545647.0
163499983.0
56603566.0
188085164.0
139283865.0
151157582.0
107732428.0
92282528.0
109939064.0
130807758.0
151641874.0
93559295.0
157859649.0
41486457.0
22130598.0
171382541.0
173470534.0
127900037.0
185930956.0
186282544.0
171033905.0
111447645.0
2496326734.0
126824455.0
68556063.0
180034465.0
142541038.0
142279999.0
73252628.0
152208300.0
130917594.0
49345018.0
41078117.0
185726200.0
180455372.0
57950554.0
48955725.0
5544371.0
200794352.0
95311925.0
2764607381.0
137434647.0
147849156.0
49886757.0
2482021738.0
190398947.0
115623499.0
34148795.0
183233548.0
100045985.0
32314625.0
202403813.0
195061198.0
145535862.0
53129422.0
165235614.0
197087632.0
135745533.0
139192911.0
124393830.0
185232611.0
69518169.0
22631650.0
19579164.0
53489610.0
71855865.0
185824406.0
168193669.0
10134376.0
200495913.0
2494179437.0
2764782578.0
189281586.0
151209016.0
166870025.0
143791635.0
5927517.0
163357462.0
165633816.0
205064806.0
179906512.0
76773772.0
117777245.0
2765004167.0
17992710.0
607880.0
82353828.0
2736532880.0
51651795.0
61564791.0
61699894.0
46544255.0
2764810648.0
195231649.0
43867544.0
43762691.0
179124932.0
185347631.0
733369.0
105143944.0
93410275.0
202469819.0
568598.0
121342672.0
34842069.0
19383905.0
181395012.0
6081579.0
72003023.0
200877091.0
54542293.0
141531615.0
130598786.0
87230527.0
6724074.0
11400418.0
206649051.0
177378842.0
65464001.0
178933820.0
9018758.0
69273698.0
4026894.0
70513841.0
115964404.0
101697109.0
175056054.0
165151903.0
146394972.0
16006927.0
5248501.0
11065456.0
28349394.0
134994606.0
121725775.0
157687834.0
38672802.0
142305363.0
98208149.0
15239247.0
140962798.0
205681679.0
206925209.0
165396890.0
92163612.0
81455967.0
2764699309.0
198098182.0
100140721.0
168036270.0
201436551.0
132244886.0
37837481.0
77268660.0
169411308.0
77894049.0
144771191.0
24000496.0
98809561.0
39260535.0
2765013829.0
1004452751.0
133078663.0
133646729.0
100142436.0
81022070.0
29537273.0
126223282.0
205086949.0
194552188.0
184443419.0
104597489.0
173281865.0
143063394.0
123887920.0
11702923.0
19003042.0
186775512.0
58457832.0
174572715.0
10195028.0
2596918514.0
132108250.0
25612858.0
99182027.0
174443613.0
2764949919.0
51527640.0
124867444.0
106979888.0
2497914550.0
69987878.0
87343901.0
67485347.0
2764508940.0
138354367.0
201241086.0
183989336.0
171407495.0
157344032.0
54444094.0
29918858.0
2786256796.0
187318915.0
114355575.0
78615050.0
50366009.0
201669150.0
131171954.0
182666042.0
55943811.0
71649485.0
169266912.0
169054600.0
52607827.0
114185612.0
124275759.0
114365116.0
152938505.0
2735126445.0
138380497.0
182046277.0
139138817.0
67069294.0
115310785.0
126146781.0
2764640729.0
99612230.0
22207501.0
139253143.0
2797048.0
179943861.0
155959304.0
171266453.0
201433933.0
2764686670.0
115443327.0
110785341.0
2764641825.0
105094761.0
147953040.0
102916872.0
191726168.0
30934864.0
19824833.0
57667410.0
57016439.0
50169622.0
108732581.0
115201632.0
31191957.0
11271929.0
175833906.0
58126648.0
98183460.0
12054454.0
57535960.0
136462399.0
60406085.0
38337076.0
37976914.0
95953521.0
72772346.0
30784254.0
186357190.0
48180145.0
15523509.0
190557659.0
84775595.0
175757500.0
201386569.0
187110076.0
68700368.0
35771696.0
42668443.0
81401984.0
207799248.0
35917800.0
171311646.0
150671403.0
159568494.0
168778273.0
71324801.0
78012151.0
198128313.0
71144982.0
2480266640.0
61773069.0
107381699.0
100674681.0
51923826.0
74630304.0
161399637.0
153467142.0
172622653.0
38494237.0
131590804.0
196821226.0
118357697.0
115680542.0
194292784.0
41046285.0
55806205.0
20456899.0
131700781.0
194681035.0
20334542.0
146643948.0
101593883.0
50630504.0
89339265.0
79308122.0
111367495.0
151808461.0
187709482.0
181365921.0
114402912.0
11564597.0
99003644.0
85427048.0
45003570.0
2735135405.0
27511516.0
171918450.0
46033839.0
14109371.0
100792175.0
47215897.0
60271972.0
96783963.0
182143151.0
2764967724.0
45281609.0
17140621.0
170800122.0
71623918.0
200893805.0
64417657.0
11146949.0
79587146.0
107516304.0
197285952.0
5986019.0
207430280.0
2764378364.0
34872747.0
98390232.0
69141925.0
117881001.0
172801431.0
2764584436.0
199011235.0
164098111.0
1666925.0
173527311.0
97758720.0
174083873.0
4873485.0
2502544478.0
164751776.0
20008548.0
96989847.0
176130430.0
177486402.0
2764594411.0
94307637.0
116120500.0
62238642.0
150871906.0
80299757.0
104118869.0
151550017.0
2764997925.0
