147366489
2780277248
2780797713
2777609816
149149060
2778429078
2781259381
2780320260
118295117
2779561794
2776583157
2777346062
2777910687
2777261365
2775887829
93214737
2776455229
2779778343
190029477
172817999
139925424
2781391618
2776902198
2777006632
2779803109
2776509082
2776452438
2776248522
2778837817
2779170553
2778900803
2776605222
2776184417
67658536
2776878773
2779814830
122885789
2778778664
2776501588
2779103709
2775832765
2780473208
2775991146
2780609718
123917164
2780339060
2777306872
2776171635
2776937181
51193700
2778767757
2778639034
142535954
2778505252
180429540
18785705
131779359
99546132
2778589381
2778595733
59804570
2776616709
2781460888
2780622797
176165272
48807843
2778969655
2781065094
2777592680
2779286498
2776399301
72380369
2779540268
2781202952
2778791441
110687712
2776105846
92376884
2778085453
2775978814
2777668176
120168410
136223276
2780492159
2776751285
2780559051
2780560099
2779081038
2780040985
2780078593
86208227
188402356
55347375
2778859563
11066176
189109488
2779760571
2776517665
29480096
2779331363
2779608066
2778301344
2775845107
533886289
2777762633
2778461148
2778674318
2780606388
45962647
2778107155
2777754546
2777551521
2780488777
2778037648
2779172400
47737302
108499734
2777136722
142804171
62569174
70798638
2780875058
134534054
187415303
2777412237
2777795348
2776444276
2779915720
2776927374
2779242326
2777731445
19835438
2779068746
175092762
147852310
68307924
2776212654
2778198769
2776097888
2779430577
201390133
2780895940
2780944931
114426456
2779175951
2780362636
2778354101
63689734
2778491055
2777904157
2779902986
2778537623
2780178213
27934549
2776907638
2779303621
2780752526
2776746753
106935595
31235001
2777382024
47654990
2779737396
2775848157
2776229149
122642867
2776300416
2778297612
503900551
2776462988
2780125157
2777375369
2781374735
2778486516
2780119549
2777044318
161792236
2779563840
160394919
2777164546
184269829
2776371258
187258666
2778458420
67719675
2779039943
2779163010
121850381
2781156083
2780153765
90514701
2775906818
2780564803
2777170369
105442212
87651407
57345437
2776426263
2781353196
2860155
2777592925
539512883
2777569206
84250820
2776798325
42731165
2777989319
2781270687
2780950927
2776890896
52173716
2777573440
2779223538
2776196269
131046424
2781385195
2779352010
2781303069
2776215729
190960625
2776836944
126914827
2778213469
2777493420
2779940597
70160891
52407799
49671963
2777598616
2779455057
2776723948
2781380008
113578266
2776841074
2780133815
2780407156
20879000
2778556080
2781299208
2780813950
2775972924
2777535471
2775882201
2779009974
552854447
2777318586
2780671300
2778346260
126208970
181697308
161829187
2777153165
3795487
167296696
2776024686
2781080343
2779183453
130950616
107826830
82965856
2779267989
2777527057
139496715
2776060024
2777917310
111874474
2778869044
2776680827
2779959698
118817206
2775991858
1814991
2776042740
2776542084
125672730
92494378
133623842
57861760
556436288
105895522
2776306766
149677717
2776238824
2777499484
2776385305
16921312
2776156045
19570952
2779860107
2780773221
2777423067
126343540
2779993469
2781317239
174503800
85871539
2781296945
180367173
2777495188
2777250052
19644921
42648095
112570922
156634047
2778749125
2780426238
125620115
2778200836
2779960324
2777139236
2780043152
182745123
2780061808
2780200970
2779503283
125124362
28631016
2778841934
4737276
2778018093
2778696710
2780739625
2781426840
2779039770
2777252299
2780638564
2777057837
2780446111
2781231149
2777944067
2777468652
2781338170
206771483
2779969246
27052491
121412344
2777909108
2781281402
2780553977
2780851177
2780117336
2778464590
2778852317
157734285
2776138137
2781143366
2777464672
2779042980
2779705648
2775997212
2779890821
2778066585
2779201846
51832835
2780971122
2778551664
2776051966
2776709158
2779387731
47572276
2776209122
203479927
555313981
2775900385
2238826
174943423
2777978183
2776594448
174030287
2781109266
2777976496
2778585276
2778060289
2776883970
2778570406
2777045107
58941895
2779139258
2777885192
2780359760
2777284309
2781401236
69029970
2777334141
20817334
169684477
79119010
2777132354
2777836452
159905301
2777882088
2777222467
2780274944
2778610805
1121360
2775831186
2777192310
2779895041
2781467595
2779548288
2777028528
2780913211
174200844
2777875673
2776705937
2779960134
2775970530
36556160
2780839834
2779329898
159390177
2778985908
111547070
2778969656
2781391027
70621619
2779589656
2778532783
2780483899
86907811
2778407992
2781106328
100474770
2781299157
2775842926
137862502
2780647858
2777813273
93419950
2779917571
39080725
2776882590
191555408
2778550176
2776530628
2779911467
66900465
2780492012
2776370302
2778422414
10447210
2776950119
2777650300
157181609
2778632158
2958828
126005526
2124996
2777912502
2778392436
2780202156
16284718
2780948830
202041845
2776423884
2776237668
114260428
2776824218
2779151549
2778691696
2780696901
2781050453
83729063
2780500662
53163501
2778560881
2776400424
2776291077
2776032993
94293008
2781311425
2780872630
2778375189
2778329769
2777471077
2778855626
2780773645
2776756561
2776927496
2778823381
2778722473
2775934526
12521501
2776394591
2777940887
102067918
170405466
99047232
2776154316
2779461387
2778706760
2778664945
2780441502
129880812
2778909257
51880511
2779336208
2775994170
16137610
2780518955
2778472138
10863394
2780045472
2779946895
2780711620
2780761599
2776332401
112077630
2780373153
2780924396
520445077
2781184898
2777092252
2778652117
130287911
2776658623
2777480959
2779752933
2781288016
2779283577
26596190
2778048703
2777695170
2780074531
29996297
2777330291
3810323
202050865
2777061191
2780365030
2780924426
21177189
2779237647
2779090549
2778851755
2778580630
7279578
4809650
200630231
75255083
115952470
2778333966
166548495
2778597315
2780392479
524765639
2778822299
2777281518
2778912549
2780528793
2777964923
2780748603
2777573464
13558536
47595088
2775995254
2777512611
33283694
526740375
2777627550
2778114615
2781470993
74893574
93145625
126314574
2777961954
165107724
2776493684
138352572
2778560467
2777084153
2776975922
2779035077
2777174193
61782394
2776381678
2776422110
2776732256
20908052
2781255294
2781026758
2780349784
2778323372
2777585676
15147509
2778125025
37788397
2777320753
2776037993
73091144
149095469
2777089748
130720137
2780119695
2778990578
17616946
2776952539
150873635
2778258037
152232337
2775879770
2778834244
2776291056
2776770324
2777541875
2779829293
33411773
2777319900
2781219749
2776491502
152913119
2778831993
2778108184
2775897094
178254436
2777351703
2776334430
2778552462
2780270685
2778787252
2776159474
2779292452
2779737725
2777489824
2779211749
2778311181
2780548022
2777607990
121724403
2781083496
2778801112
2780324493
2781417221
2776869228
131343027
2780369977
2779358745
2780380118
2779751190
137851953
2778659605
66969777
62692923
2780847457
2780840180
2777739416
2779771692
88851095
2780708058
2779064143
2780565591
2777270819
2777996368
2776740001
2777540987
2781382682
2776481875
2780462192
2780713402
35232858
2778330403
2778163119
83227832
2779555430
2776817968
2775961288
2780863912
141371185
2779884234
2779982429
2780219406
2776242134
141845432
2780806765
2778253030
2779620276
2778124822
2779554145
62158283
148367504
2779363069
64016661
194661718
4416767
87903579
2776250542
2779854691
2781392947
2775992921
37991615
141185391
2780757698
2778317335
93497512
2778999903
2777045639
2779087216
15796042
2779836784
2777677765
2776145379
2776620728
2779034369
2775977231
2780812814
2779077871
2776366211
2778484467
2777382445
174918753
170509826
2778998835
2777036725
2779945321
8625798
2779746779
38949505
2778313160
2778829809
2777253841
2780151969
2779730827
2778302866
53001455
2778256847
2780573285
2780137361
108216600
2780363080
2779035812
2776289648
2778325237
2775970907
2779323733
2776039111
1924315
520944541
52752977
5597106
34073507
2780697098
2776488725
2776571607
2776623689
2777383712
2776997492
20699195
2778972735
2779278462
2778085626
2780022431
55157361
147455438
2778417203
2778553607
2777380357
2779083520
2780147826
168703024
2778114754
99743013
2779095084
2777698698
2776941364
2778366299
53247381
2777388718
2781421531
2779676326
42951209
2777008809
2778549181
2778561672
2780073720
179720865
2781110500
2777272403
2777536833
2781079204
2778904109
128194758
2780752877
78453108
2778856288
2781447777
2777382249
2778384543
2775999090
2779522515
2778204647
2778400826
2780990795
2779417192
2777218579
2776119857
2780005590
2780110997
2778616983
549605437
124956284
2778635141
188818383
158272826
120860951
2780135684
2776782565
188442384
2779493411
2779347319
21884096
98208228
2780153486
128383755
150513403
2781281202
201201562
65580899
2780838612
2777851029
2780708087
206969832
100405246
162386899
207769581
2776749825
2777322805
2780642324
2776158574
2777380792
2779889824
2777434770
141650431
2776084484
2780886767
2781300771
175963888
2780242610
2778609566
2777777706
2777610350
53145804
2776753181
2778453759
2779905920
115397804
2776020849
2779018053
2781155726
71366660
2780446675
153389437
2776197324
183762234
2775898560
2778232542
2778082681
2779734090
2781264928
2779967005
2778342671
2780190572
2780252084
2780121125
86317586
12731397
2776098915
2778879707
65469
2776698326
152100882
2777266071
2779348450
2777308524
30820588
2778349738
190945783
2778327228
29852176
2775982601
52201283
2779593220
2779569584
2779265473
123937298
2779456222
2777534865
2780106282
2776782248
116602194
121217528
2776869931
2779033394
2778199147
142692745
139478191
2780741316
2777330010
2779912358
2777672117
118251893
2778568078
2778948016
71908930
2780573392
2780657906
14171219
175895763
2781259810
190714865
2776116741
148648291
2777457320
2775921931
2777813314
2778274078
2781272985
2776276207
2779882733
2780070116
2777511776
2779893132
103140732
2778231163
2781216606
2777650582
2780257752
54513816
2780410613
2777047384
2777241072
39807119
2781436623
2780547735
2775874878
101000010
2778299002
2778158237
2776613592
2779342479
2777247099
176423477
129627177
42938798
74872398
2779175557
74289131
2777734021
2781405152
2780339442
38774213
2780802702
2778708356
49461877
62216158
2777138484
2776428262
2777429066
2780331013
200930007
53140971
203132368
91375879
2777722671
86409407
2777136930
2776301198
2776164845
2778376658
2780993040
2777730692
2780799080
2776871932
2777434392
195092306
2777564511
2775987771
20700756
2778390448
2781446903
2779295586
37923429
2778499874
2777891254
2776086177
19395159
2777423063
2781071265
2781367211
2780876848
2778487204
202547712
2779921059
2777088818
124162749
2779656465
40667233
207006810
2777769779
2779858450
2776548910
2779006064
2778172640
2775950116
77070646
2779994961
2777206262
2778368945
143807635
2776320736
2775842378
105462344
2779958842
2777594190
2777759805
2781128188
2777563804
2778919763
185809878
521786372
2781316258
2781218492
2775942228
3987366
2781168613
168956269
2777370159
2777413377
2778714704
125072520
2776770071
2780088643
151896060
2777073172
2781278496
2777958270
2777746001
2780708275
160212601
2776873942
192827858
2779496343
16145799
2778806476
4891672
2777248258
2781399283
2780822005
2776667712
2776799952
15430695
2777358917
154414509
167290972
2776853598
2775935856
2776940549
2778625682
2779904904
137750910
2777404476
2778989504
41335879
165895018
2779006399
2776217436
103178915
2778369213
2777971266
160934017
24037442
2780665117
2779969000
2780166934
14843661
2779158668
86714428
2780594523
2776669934
2781213927
2776381622
30335454
2777946990
2777654200
2780750338
140494000
37621935
2776349687
32334204
2776446825
2780262952
18786471
63696750
2775861768
2776897705
72048510
133250040
2781018319
2777673737
2779325788
134906952
94061648
2781208722
104908891
2777031133
2780447252
2779542526
2776011734
122341333
2777744365
2780797831
155987862
21008047
2780931113
2780574454
64476972
88653118
2778811020
150813663
2776364600
2780805606
2779721411
198428699
2777893444
2781364120
2779337056
17538187
2777106113
2776788573
2780265719
29985473
2781424375
72015896
2776361503
2779113534
21844886
2777230293
113416529
2780136288
2779969129
2779928684
2775869689
2779261388
2776494162
514011633
179006392
2776076217
2778246962
2779042954
2776208879
2779152076
2780505049
201052633
2780139763
2776889800
57442070
2777607150
176908870
2776896174
184357244
2778786659
2776334353
119634353
47136581
2777348876
197320908
2781291055
2781128245
2777154535
39780413
2778055474
2777696931
2780181497
2778208504
2776596991
2780936489
2775841215
133012379
2779413800
21016645
2778598738
2777364235
2778525522
2778001496
2776748916
2779834948
2776049409
87621631
2780538601
191117890
2781048817
157005057
2778932057
2779249956
1670747
116948250
2778154262
2777168738
2776305930
2777480542
2778247438
2778982882
2777294113
71827079
2778274720
60943498
69514717
2780072765
2778951896
2780336619
2777802940
2780965534
22378518
78761867
2780896343
2778167179
2780849930
49376097
2777138868
2778110435
31900019
2776720842
38870921
169081408
2778186640
2780179843
2776762656
179079129
2776684315
132265066
2776542496
2778427129
2779974081
2780038430
2776299736
2780815959
2777145695
2781144046
2776449344
91354502
2779858969
720325
2781342530
2775937796
21839126
78887351
72554533
148033553
2780371307
2780395612
2778018375
2779081564
2779168401
2777146546
94435787
112831642
2778805457
2778706031
205797222
10685183
2780658487
2775966360
2779824045
66204764
2779575946
72286879
175760724
2776326004
2781136942
53421856
2779569344
2779004245
2776452661
7959160
20529654
16989226
2778893359
2777459747
6165555
154440439
37958408
2776492419
2778479898
2781202596
2780781281
2778522346
2777324464
2776879208
153279818
2777089699
88161865
2781120531
140857803
2779986595
113360713
2778142624
2778372714
2781354713
2775872633
29376679
90195498
171834893
2777102460
2780925302
183135511
2778589268
2780143730
203174812
96306036
2777821729
2776371148
2780774907
2776038463
184439277
147990551
2777865389
116370137
117021838
143050476
3742959
56095865
115467299
2778575697
2779695316
81632477
2778650009
2776906489
194997853
2776193408
2778732003
2777864736
2779215117
2780476401
2778801619
97872729
2778371400
40062133
2777633557
2776694426
2777008178
2780340817
29299271
2777068859
169103948
2778050782
2775917145
186101606
2781200316
2780528372
2779103732
2777388808
2776192439
2777607528
57416472
2781392746
2779656245
2781412696
91935338
115770912
2779258914
2776696611
80183826
115755474
68701300
2781116710
2781042718
2780692250
26785111
81599089
167402260
2778948817
182124840
112939947
2778948613
74940592
2777167514
2779648537
2776639742
2777194177
2776632002
106527468
2778687788
56235305
2776352886
2778717104
2778093299
2778157998
39464130
2775897969
2778780766
2777970292
2780365630
54285103
2779040015
2778557482
2780179066
2778418916
2781292856
2777823500
2780705565
2777253480
2779990130
153412584
2776885665
2779541213
46002017
139468788
2779370140
130752156
128410448
2777129128
81993482
2780373485
2778421223
174378899
2777850228
2780351529
2781458821
2776306026
2777949077
78094638
2778707540
2776643355
2779179000
3966341
2776040259
86668045
187297233
2777495483
71864017
2777570903
2777427081
126408429
2780049724
2780300878
24114359
2780393702
73484587
5589519
2779604634
2775835988
2778941711
2776165558
2777048145
2777131338
2778729482
29510844
2777143965
2778110777
2776190172
2777586272
2780032489
2780368237
2777148034
45020621
99484651
2781116103
2776083151
24245907
2779650607
2778674365
2777086315
4640916
195492895
121923324
2777617796
2776127334
2780682406
2776938594
88776829
2776971199
2777022833
111687972
136331698
147103442
61270487
2781117298
2780813377
2776092195
121364248
2775891814
2778934450
205266134
79303471
2779297978
2780794424
2776358401
2778761095
2781396848
2776390937
2777768462
2777951267
2776842668
83108253
83419821
2780864232
2778013008
2779488813
2777807229
2781084436
72838440
2776899970
2778405918
110049166
35118321
2777387638
150381032
39077098
2777655021
143416090
2779474541
2780912122
2777060902
2781441284
179162789
81374680
2780334150
2776565828
120991184
2777399377
2776371960
2780757305
2778081082
65180915
2777604680
2780574846
2777263373
70957220
2777174596
2780367213
54725983
2779199018
2778137161
2781209242
130989795
91726260
2779507241
2781133672
2778451883
2778581769
127534233
40369896
58330081
2779622097
2777204808
2780031433
128069549
57664001
2778063721
2776544661
2777337555
2780668729
2781316319
2781406269
111662179
60358807
25221916
2780795620
2778308819
2777738829
2778788474
2778967020
2780797762
2776914107
2780727455
2780674770
172427958
2776107028
2777180071
56978610
2778043012
2781004744
167908162
522964758
2778848275
2781376543
2780067267
2779211753
104471815
154575652
2778304562
40003211
165013921
2781370879
2779576474
2780014616
2777201907
2776849300
43533309
78017083
2781205627
2778082917
2780301039
2780748813
2780760083
196213036
2777428582
16761115
2776472248
71583051
2776791552
2779576822
50078380
2781468435
2777597128
2781056234
2779845611
2779842959
149712012
2780073262
2777958785
2781471081
2619416
2776477491
2779479875
136071657
2779041740
2776978901
2777749418
159480233
2777331747
28362043
2781421551
2779298159
2776239539
2779202317
2780650788
38626664
2778268778
23819201
55526242
2780044254
141818822
2779532547
141151480
2781427571
197743484
2781276064
2778367884
2779822737
2779973685
2777772286
2779078918
2776217272
2777302300
22344907
2780086982
2778673487
145798840
2778015938
2779359642
2778615293
2778878098
44403221
147756751
2776792890
45680448
2776567710
2779916317
2776565012
2776944142
2777592851
106059700
164749845
2778020487
2776870568
2776175706
2781420532
2778384729
89295123
2780623123
2779525103
2776618947
2776027161
2778652849
2778091200
2777744949
2781353100
2778806008
2775843377
2778997920
2780312639
2780939638
128168118
154702282
191839390
134899185
2780553460
2776421481
2776499456
2780364695
2780920310
2779429795
186795189
195154425
2777796192
107261286
2780036384
2780143171
539469273
2779507550
2781061448
36811481
2778378232
2779432455
2778937721
2776087716
2778692220
2780751207
149207113
2777576875
2778534122
2780378346
2779982040
2780773812
140981771
2779350395
2779533328
2777192334
2780646515
2776540842
2776710992
2780626102
2777387949
2777611596
2779771488
2779283343
2779455803
2780248506
509746633
93765907
2778633062
2776732501
2780659323
2777636607
187885722
2776381810
2776492830
2778402112
116122396
123370759
2776722102
2778064231
144144481
2776478683
8115977
2780508472
550263199
2779742878
2778763985
2776254759
169402504
2779008105
2776781948
2776394811
2778929795
2780977904
17835432
2778880359
65069395
2781195655
179113317
97053079
2776665667
2778680458
2780144066
167878066
2778888322
2779767095
2777736868
2780188654
2776940791
54924851
2780126515
2780793598
2776845475
2780406490
2779638610
2776709785
2778512508
2777418805
63809698
2780334750
2779898334
2777668513
2780060663
2779986911
2777123354
178604515
52637938
2777747749
129225989
2780278301
74948603
2778150766
2777521127
2780343803
2780978119
174113231
2780218497
2775878893
2776659182
2781270422
2780251136
2780017871
2778637234
13080248
2776488912
2776425178
2778999818
2780212039
156086215
193257259
128446004
2778897056
2779240083
2780568468
2780743245
2776206534
2776689826
95217918
2779082672
198302294
2779285147
2779732650
2778455059
502990516
2780608962
77942570
2776235518
2779430688
2777880356
2776633946
2781261595
200830176
197484155
2776615161
2776100139
107446159
2778163776
2780057273
2779169777
2776845762
2777205942
2778939536
2779794263
18909187
2779851265
2776069129
2777042369
2777582046
2776404776
58395597
2777812597
2779775096
2781123118
135311844
2780839568
101682728
159425316
2777334722
2777046420
2776463563
110158866
2777269210
2776917638
559116025
95728841
21955270
2777706375
196557870
18975541
2779308466
2776388979
190638079
2780190700
9765861
2779604924
2776740905
2780500427
2779512999
191478404
2779993538
2780066276
135895429
2778886430
2777867642
175309249
2778539042
170147591
2777831602
2776940722
2780076548
112712139
2778478694
2781346847
2778934327
2779752776
2779315688
2778053677
1590839
2776666329
39432304
2779429991
2780716350
2778127861
2780753983
2780604538
13608154
47936110
143445410
2778546710
46227865
2781129239
192158950
2780691090
2780932151
2777629817
2777774481
40797050
2778367797
2776801807
2779050804
173795300
2777938942
48102754
2776425335
2780478111
2777326966
2777826014
2776128071
2780250771
192392207
2776600559
2778755318
2779914562
2778954545
2778148510
2777657801
2780338459
50516716
2778738325
2777147431
2781301678
2779440914
2779466077
2776849215
2776177238
2780844648
184913536
2776932522
2779103282
2776105865
32719724
176166264
28754992
2777342483
2776852522
499616599
2778924602
2779064327
38304854
2777181365
116493170
190377246
153829536
158198604
199306537
2780536706
2778357559
11731853
2777554110
2776448185
2780950844
2776793327
2778904170
20582795
119249163
152024379
2778871422
2779745812
532881642
2778869674
2776788484
2779370763
2777942037
72551326
2780568229
502907923
140130429
2780380763
533363959
2776442348
2779278070
2778575864
2780263222
189764856
2776744436
2777789959
2779306484
2780571843
173209714
93990901
2780330787
2776783653
88862950
2779839009
2778066673
2780685131
112058002
161530693
2777856350
11049808
2776610410
130751788
2779886201
2776812387
39463204
2780277965
2777159027
149578692
2780925891
2777506482
129924090
2777172336
2781013024
2778268588
65545243
2779763296
2779957034
2778409267
2776703984
121518399
2778748708
41127654
2778785331
194691359
55312793
2778609550
2779948615
2777645080
2779804159
521259446
2777133181
180949853
2779422593
2780602385
2780662088
2779329718
2777387365
37992848
2778290623
2780059135
2776387633
2777217900
2780323005
19004155
2776548107
2778928701
2776121688
2780136672
120822144
16397148
2778065210
2778290997
2776034265
2779626862
2779203785
2777954599
178791739
2776500793
2778153277
2781118390
2780159043
2778583955
141005173
203380394
2777452085
2778449416
2776366451
2780096361
183889291
2777666959
133517878
2781310966
133382796
2776733808
28579673
2781255553
2779476339
2779192465
2775995793
2778926930
2778403063
126384245
2780169741
2777131774
39996523
2778956463
179538286
2778881819
2780335226
128385664
113658590
2776018353
2777039804
54286561
54625482
2777028115
2781168071
2776442385
2776379214
2779116280
44514898
2776269013
2779973342
2780355737
2777984968
2777286219
2780868974
2778395396
177924670
2780129114
2780072265
2778140326
2776025067
2780572764
2779245375
2777166562
2779128174
2780542059
2778252594
2778780027
95744786
2779681085
108738950
2780219964
2780520809
104404889
186699998
2780394310
62764039
83516724
2777483010
2777291416
2777180298
198072978
80038721
2779643787
2777336602
2777764431
2778680330
2779784633
2779086647
510239367
2780367215
17005505
2777022838
2780291726
193516915
2780621478
13058974
192678758
22884784
2778358913
2777613398
2778029318
2777867213
2778361644
2778474300
2777719359
132849358
2776693979
2776554196
28665490
2777541640
2777804790
121560416
2777970139
2781405713
2779356387
2775945452
2777072085
2777014713
2780256572
2780283739
2776861810
11538654
2776337837
2779146456
2780756839
2777899936
2777214192
2779175857
51935443
5311032
22507642
2779487849
197731075
2777184272
2776978937
87717796
2780257989
58276294
2776984431
2781452473
2777804095
2776254333
78175975
2776977733
2780435559
2780670393
68800169
61917345
156663261
170573351
2781421141
194325921
141605663
2779627131
92322356
47318914
2780681318
154108195
2778921476
177234587
2778894083
97156103
145025406
2778436303
202033279
2778300496
2779912634
2776815640
2776993901
2779920756
114997826
2779809506
2777814699
73935091
2779422515
86894920
2777457327
2776596080
114828911
2780351068
2776325102
85582077
2779105057
155843905
161421721
2781113973
2778257378
2778699634
2776302397
202323891
2777873057
87389388
2777659741
2777131384
2775931951
2779082310
2778360059
2779863882
2781178138
2779693419
2777342931
153533565
2780148753
2777022482
16925390
2776034020
2780702041
2780941741
2777700811
68550005
2779678948
2776864650
2780845531
2778570914
89648432
202450735
2777959973
2781300650
2778176096
128758860
2776985863
2777048872
140367703
2778333236
2780127021
2778425908
164555362
2778902904
2777001187
2776601554
2778403888
83230799
103017160
2777664760
2780851567
2779892437
2777483948
154885393
2775843433
2780597670
2777279086
2778981185
136325355
2775864690
2776985513
2778863655
2776335380
2778575793
26365718
187109078
2776238067
2779880015
2776236083
2779693302
2777226368
91770344
2777713948
2780503550
12404463
2776912013
2341566
2780736718
65362284
507981020
2776045801
2776360034
2775893241
2778685154
83873828
2779178647
2779145874
2776161467
2780385446
2780220343
59856384
2778345293
2777097587
152453397
2779520408
39257715
2777191596
2778209260
2777715966
2775865876
2779046303
116399919
2777132697
2780843696
2778788645
4774545
2778068252
2779172409
168741863
2776908390
2776682078
178008962
2781470988
198408306
2779452761
2780505929
176721413
2780870328
159750122
2776749786
2776552997
186493943
2779050981
2777707811
2781206450
2780350800
2778204415
2776475172
2779732133
2776254840
2777236388
2778877831
129360787
2779778547
2779774529
123569367
141441539
2781057612
2780472774
2777292481
2780861936
176445938
2776359134
2776959757
2781040580
105168734
2778572843
2777173706
2776679863
2778679800
2780598364
2776440170
110240116
2776441814
53706860
121099081
46391323
2781105116
2777915989
2780134639
2779422555
34070608
126847880
2776434441
2780915742
2778771241
2780040678
2778932485
25454317
28731254
2780998164
146188434
2775960803
2779010232
2777658277
2779968969
149943502
41478065
2777608298
2777761894
147273371
2778354083
2779173739
2777589951
2780621122
102019113
2776729895
34885642
2778624523
61468587
10325510
2778055838
166417041
2778594970
2781379661
2778357824
2777529879
2777963174
25989453
2780440630
2777671034
2779725318
164285268
2780086105
2781410044
2776850924
2778819393
2779799344
2776739907
2780405205
513193947
198983970
2780908744
22523705
2780978317
2777643459
2776342855
2779454071
2781060291
2777333993
2778835401
100129307
2777938131
154038757
28144625
2780097415
2775835805
2778069356
2780075529
2776395295
2781287369
85675897
2777249847
2777060948
2778288965
38739810
57736063
2778424852
20256287
2778932136
2780723446
2780365763
2776695260
2778357586
152494472
2778553890
2777060788
2781010100
2776130680
169791255
78635371
58084124
2778550702
2779037140
2776362219
2781042402
75779659
118518473
60930217
71762439
2781337515
551737124
2777102658
2606647
82685317
2776671327
2777594065
487182
2776739925
2778797388
2776335697
37965861
2776446346
2780781704
70401792
64966480
526734887
67276197
58790150
2778652552
2778667896
2776319474
107269619
8328733
2778910292
2780419715
2779623529
162012527
2776325828
2780578240
146470893
2778521444
2781018910
72981366
2777959845
2780816530
36274438
152463240
163330694
2781224309
2776108266
2780010369
113198249
2776780212
2777191329
2780765858
129230348
2777488067
2779658800
2776745867
153823671
176205827
2777645193
2776479305
2776233159
2780871240
2776044436
2781400626
2780313470
2779877863
2781447191
2776182560
2780547375
2776488569
2779872484
108010975
2776017841
2775838554
2781360137
130094819
2780052557
2778012214
2777781761
198098250
2776916087
150772632
82492881
78673648
2780355613
3892694
2776974013
2780451324
2778088014
2777240189
133488769
513806601
12202269
2777928874
97094461
