6303427
2775835597
2778032234
2778158188
2780033836
2777713502
2777044902
2777590503
2777412684
2778705627
2780271298
2779971922
18918823
189496520
97160269
2778468718
2777289382
2778535009
122284674
510816226
2776217137
105131686
2776914665
2778544182
2781439961
89650837
2776827361
2780799452
2778828106
93953391
2781297728
2779438406
2779825233
2776405105
2780172107
2781029207
2776509445
2776170449
2781464298
201960208
2776233202
2778716895
2781046621
2777194087
58348228
103268943
2778856043
10580048
200242193
206619068
54707276
164483853
192083241
2780441185
144321100
2779181338
2780974818
2720162
525551149
130838757
2778708603
2775848631
2775830893
199121860
74678566
2780458430
2777814368
2779148961
28438552
63024430
2780764628
150552126
2778058428
2780801907
46947095
2775993718
2779704365
51064922
29480096
2780681637
2778066700
41154696
2776195636
2781121601
2780362923
526757652
2776858511
2779292145
2777081293
2776094174
2779761922
2780722643
2778030202
2779584631
2781406287
2777242196
501911104
2780738036
2780673261
2776189454
2781184710
2776406672
2777833229
97350851
2779970498
122552755
2777156707
2778221534
84204460
2780157513
2776578604
175014982
139735617
522053795
148072409
2776214959
2778849045
2779039089
2779792614
60940604
2781025968
144157302
2780783325
2778000173
2781285474
2780904753
2781079855
2776453007
2777235313
16941374
31858485
2779260511
98083399
2778630550
2776561332
2776342442
2777037273
2779728121
2781028336
75728560
65638666
2779732552
2777890018
532480735
504113918
2781153019
2780899546
2777131859
190591155
2777294330
2777096023
2778893458
2781007324
2775864364
20046312
2777308459
2779640164
501303744
2778371909
76196390
2778463278
2776122628
2776362252
139353612
2776096044
2776982550
2779016726
5322026
121052210
2781073378
2778945044
2779003328
2776203320
2781467422
2778301360
2779083061
2777546891
2778889814
2779794841
2780061774
2779885849
2777019922
2777040173
2780900249
7679702
2777688002
2778950629
106321089
2780008139
2778181170
172208191
531593650
119765737
32685002
2780020244
2777637834
152095336
44229883
2780200398
2776164736
178429953
2776534323
134683919
189828127
2780948615
95840726
2780546114
171190658
2776860250
2780783439
2781288895
2780528937
2776636908
174714178
75368297
2779336316
2776263623
2780646311
2775987801
2777661330
2778965938
2779125852
2781334640
2778293750
2776892627
2776112827
2775836986
2776052592
2777087210
2780722625
53553401
18065371
19951013
2780680791
2777412828
2775880808
41888846
2780521143
2781029814
2778736515
2778005650
2778804561
2777690368
64671544
184753264
2780239702
32994401
2781251543
2780199337
2776603922
2776735967
2780985968
2779204078
16515432
2781288957
2780269380
124843488
2777615756
53570757
21481585
2778444522
2779649860
2780090112
147472500
2776700896
158298893
2780893696
2780557043
2777799938
36770926
110866185
2778605646
82673840
2777687161
123233574
195295435
77658299
2780575661
2776395637
2781119671
30064407
130716518
20854674
2778527022
2780698512
2780935035
2779980673
2780616401
2778374714
183387240
2776421488
2779552062
48035258
2777232094
73219336
2779802804
2777545371
193641492
91166831
2776067047
518851703
2776687071
2778206830
40312091
2781410131
2777015988
2778525090
2775945066
145965964
2781107918
2777780185
2780105916
2777314784
2776910541
101650336
2778396579
164165621
2777354770
2778582222
2779600145
18085215
192541246
2780376506
188471824
187820883
83027933
2775873757
2778206487
2779990869
2775877325
2778432561
2777687384
2777926441
180508866
2778121904
107598950
2780010942
1220278
2780455730
170956978
2779370744
2777253967
2777153943
2780243899
2778802261
2781040383
91140805
2776240099
2776478597
117133147
68753075
2775899717
2776478044
2776846100
2779519410
2776972973
58009596
2779644709
2780141213
2779737936
2778313662
2779634708
2781226209
139125579
2777634280
203133693
2779666059
2780247278
22956956
2778438505
2777294933
2780008575
2777599793
2777772562
145993374
93187555
2777131075
2778641142
2779826689
2777310092
2777444744
2777334950
2777409889
2776768332
2780051243
2775977308
134639627
2779586890
104559278
2776595359
2777295773
2779209362
196687647
2778831545
2777464112
170551777
2780195454
2776442084
130919523
2777071859
2778456499
2780381690
126292034
2776361348
152204776
2775860645
181536285
2781388519
2776212127
511693568
2778177180
2779741826
2780251801
109386097
2780422015
2775997984
101175848
141449913
202186503
113684855
2780356957
63165475
2775994064
199686383
2779050263
2777913235
204654640
2776442125
2778484685
5907387
2778757428
2779985961
2779761518
2780881379
176580416
2780857596
2779719891
53571324
2779632146
2776123490
2780046802
132916221
2781065286
2781360694
2775973457
2778312391
2781189740
2777381220
93835405
2777409304
2775983109
2778272226
2776056051
40042423
2776298643
2781386905
2776647020
2780929011
2780048980
80189280
183195422
183911611
2778864390
141321718
2778423080
107482638
2776738465
2778286167
173448604
2776301168
2781075042
2779251273
2778700798
99502850
2777655326
2779247109
126182222
40976572
2777710833
2781319531
72768826
2776142151
2776367190
94176051
2777488692
27258493
76804118
53175947
2778192020
56608182
2777487520
135653721
2777756922
190177333
2777910647
2778632339
2781109804
2779800861
145224894
2779025792
2780929948
95429202
2778079442
2779669244
121327165
2779365149
109370185
2779173681
2780847881
143503458
2778227311
142091370
2778071350
2775858994
2778428146
2780906298
2778287056
2777637522
2777087478
2777258089
2776193120
2781366726
2777713662
28860762
2777978881
2776120456
2777231864
2781256448
51179597
2778918246
2776178687
517936585
108401051
161394538
2780820193
149261583
2778970501
75608658
2780677832
157734285
2778436729
2777633463
2775963542
73226635
2779066997
2778143835
197990232
2780831967
2776787076
167624593
116574269
2780803305
2778576526
2776315941
2776763319
93109420
2780228883
2776132995
2779028778
2780494585
2776766722
2777325433
16768706
205531365
2776327043
2778962633
2779717636
2780034498
35068376
2778066005
512209198
2778134537
150783053
2779362956
548047175
2779450441
60671577
162811338
2776471761
2781104208
2781001426
126383566
205507351
2780121417
19008590
2776957361
2776674118
2779890816
2778835137
200198126
2779247581
179097355
9299288
2779938460
2779517048
2777673350
2781147180
541850076
127896553
2777872670
2776321234
2780029052
87296916
2777133544
2779522259
2776760386
2776316830
2777206650
2777320248
2776256107
29434407
2778632693
2779337418
2775954138
2780991765
2776326889
2781326869
2776533561
2778709042
2777932338
181136755
2777129907
77169459
2776892184
530431192
2776341074
2776161335
2780436583
2780904010
75058329
2778267038
2778420088
2779442584
2776970740
2779541421
2781406329
2780203751
117959457
2777196528
2780270954
2780785291
2775963290
2775982628
2779923675
81787201
505529905
2781375717
21405408
2781464832
2779703888
2780306410
2780877497
2780298517
197018842
2779303475
137606083
2777151370
2780498358
2776224337
2780444390
2780075849
2779497037
2777975437
2777228903
187733543
2779579046
2778640493
22997703
166905480
2777924521
2777315134
2780434383
2775896111
2780613045
26835255
2780868508
170772604
2775870103
2776315268
2779104142
2776335697
139019045
2780060453
2776021759
2781010970
55531524
132730613
2776319844
2777522355
2776379334
2776184353
2778375819
2777841006
2781281052
58386926
2776824162
2776258560
2779221097
2778936463
2777672627
2779438999
125109622
2776374063
2779105800
2777501195
2777185764
2780509572
2778385464
38480485
2775953923
2778788703
2781341117
2777024931
2777548963
73693805
178495626
59821032
2780019120
2778539917
84254168
180379752
2779597117
2777244327
77835500
2777312452
2776552730
2776802314
2777417680
2778205265
2779714858
2776293976
120201567
154226666
2779506660
167098581
2777130178
2780368870
163176407
2780024618
170282758
171312461
103835126
2778343591
201516958
2776440700
2779681896
2780705574
2777688837
2781319643
2779399296
2780720776
113894945
2777760043
2780579332
2781179694
120990820
2777964079
2778870364
2780230178
2781119825
2779897807
76758496
2780281281
2778678206
2776041644
541756307
103189561
2777405545
2775896886
2775970487
2777762811
16555956
2778412303
2776576276
2778824979
2781129354
2777305511
79354492
2780890502
24605870
182907090
2781314025
2777675393
2779416522
2778744790
122136912
143170015
2780119702
2777397998
80223181
2776429162
203358219
2778270578
2779680698
2776512554
2777011454
2780486356
127532173
2777740802
14129048
2776851702
2778664236
2776811147
2779454638
2779205769
2777652380
2777637824
2778358566
2776560216
2781300351
511782119
65232700
128481406
2779748590
2776549467
104513104
2779572384
2778924419
2776332012
2780975222
36656581
2778736949
2781137490
2780799905
2776850290
2776760863
2777161741
2777263779
528591960
2775892739
6498766
2776947856
2776406285
2780671753
2778771019
2776628786
2777967091
2777350023
2777235458
2779415299
2780594585
2776829184
2777181606
2777309230
2780217361
2777640389
2779674309
2778552436
48255552
118621715
2776217029
2776189500
2780467175
2780564719
2778634687
2780999888
152713613
2777183562
2780897455
57291850
537433329
2781319279
2776916405
2780318228
2778789187
2776209774
2780550603
133193273
2778558714
185107160
2775874391
2777534865
85014361
547391793
2775968881
2779538836
2779879445
2779512644
2778833252
2778357312
2777992197
2777135964
34566666
17939040
2780874196
2778996815
2778721907
47116085
2780121338
2777754097
2778441606
2778660456
2780574069
107029721
51983058
2775858036
2777706694
2779505540
2776048411
2776249344
27462124
2780770214
2780463822
2780195587
2779207954
2777494276
2777861699
86526273
2776642725
2776955867
48580701
2778596997
542509070
2780551594
2776569262
2778629746
196977105
2781331189
182767506
2781025454
2778085738
2780906257
187297233
176166264
169087156
37139622
2781316544
144758338
2778489395
2776142962
2779121361
2779339023
2781372616
2776311199
113186846
2781285025
60202869
136335456
2776855805
2777192895
134545062
8990634
2779385240
2776701873
118240996
186376432
23634400
125885647
74775082
523993062
2777257828
6791728
2779206083
2777259728
2777149139
2778736641
201385577
2780676724
2777061191
78573896
2778132166
2776190548
174052076
57855409
175568690
2780761621
73687267
2780913535
2779124805
2776961342
2777246379
90320867
2776249783
2777691071
2781438650
2777964123
2779328336
2779664716
2779930269
2779392107
2776011574
131731608
2779783274
2779749291
2780070417
2778603432
46984397
2779526086
44910785
115553253
91935739
2778769658
2776006416
2779708148
200953241
2778218432
51452873
2777926646
2779531639
202802212
2780219775
2776051586
2780570456
50766676
43322942
2780860854
2779035059
2776841630
2778544944
11488014
2776410375
90917006
2778786881
2780326695
2778547858
153653253
64280408
2778176333
2780556216
2777407139
2781349841
2779465033
114206689
2777641637
2777511527
2779472122
157273737
2779154555
2781290976
2779166035
2776721811
2777646841
2781134785
2778453277
25294387
2780040055
2779032275
46669857
2778325493
2777217193
2777380843
2780949100
2779296967
162044005
2777940294
2778134400
2780688466
2779467005
2781136001
2779279036
517292913
2778493900
2778738376
2779574322
189338579
2780041827
2779178296
2781420519
167391731
186897216
2779906679
2778024958
2780558819
2776648845
2778877074
2776758652
2779937332
158253538
2777909449
2778322331
2777935283
2778955153
2776250625
2778495208
2780081131
2781015682
2778611618
2779070461
2776254091
2776082493
2776021179
2778039180
2776464999
2778062444
122509300
2776477512
2776535877
2776460120
131954021
181399949
2780117824
2778456524
2780490160
2776618492
2778194941
2780033643
46517748
2778972211
2780992559
2775921910
2781026612
2778863842
2780572109
2781442391
2778936547
2778611930
2778894027
54745167
2780446582
2776317162
2779518340
2779099944
178828501
2780194789
4639250
2777700205
2776261308
2776589133
2777407363
2778850945
2777804144
2776038071
2779751467
2781207099
2779635184
2781389302
2779978421
2775895297
452148
2781388218
2776419718
2776491971
2780151343
195035870
2779045248
2781121916
73970649
193650213
2776265202
2779026167
2778449254
60080948
18135003
2776375690
2777326885
2776115946
2780948172
2776590545
161530693
52487910
23924245
2779609405
2779039881
185554395
2781338312
5021368
2780219850
2777218816
168712457
2778235169
2781305714
2776915535
2778233892
2777723292
2776258540
2778774775
2780393262
8985132
2781338086
2780114679
2777764689
2776190172
93371752
164488363
161189084
2780107653
21754984
2780432409
135865931
2780854224
2778944147
32596075
161542896
94067537
32291908
195064531
2781387067
115033672
2776659669
2781282392
2776693075
192757587
164270683
2779143415
2777214963
85183352
2780507054
2778472048
4646841
2780601136
2779324578
2778242978
2778118556
2778729494
2775962983
149924296
2779137501
50050167
2779132455
2777302886
2780390536
133946319
2780266477
520073198
99481416
2780930564
2779942307
206629060
2777924153
2780757406
119795817
204242575
2779969587
112795245
2779022522
2777793349
17450650
132593773
2780979709
32957820
2779846462
2776134716
2776589251
80429922
205724471
2781174798
2779477592
172352747
163257088
2776542223
2779172254
2780072409
2780480909
117762724
2778716849
144709373
18678713
2777623053
2778638714
2776033367
2776336145
2780352122
2775951321
2778333438
2776711086
2779751190
2778937617
2778101150
2775859251
2780153262
2779471245
2777239787
2778738411
2780283097
2780543812
2781253440
112657952
2781095167
104504180
130264959
2777175821
198043103
2779981229
2778757785
104996578
2777764564
2776019494
2781118331
2779096051
2776792421
2776861801
2777084502
186490961
2781292146
140768442
2780113545
2776193809
2777984688
2779136336
2778291681
2780017030
2781091590
71800255
2781337099
2776211105
202371473
2779666575
2777849152
2776818581
2778950885
204805145
2777062700
2778363072
2777867547
2777916781
39471411
2777249390
9396515
2779948292
115601024
125098670
40520153
2780461518
2776420598
2779699942
2780811038
51470902
111147356
2777611391
2777234649
169708809
58048580
143392562
123850451
2780313279
40805648
206118921
74018784
2779197525
142394534
2780688734
2780932939
137607661
117812840
2779083013
113768151
2776281562
2776387513
2776609594
103785112
151141877
2781464243
2778828181
92487007
178601582
135179061
9836676
2776678152
2780511789
2778911092
531575709
2777111664
2781448998
141736933
2780102759
527588094
202292293
2779235823
2777273540
2780301145
2777076541
16472500
2776418854
516783827
126313176
2780460829
2777925978
80115032
2777299649
2777343860
2781155181
2777313370
2776156047
116456004
2779027282
174365491
7353880
2778773026
16961218
2779519735
123184418
2779022145
2776641477
2778609238
2780593667
2779792637
517468935
2780229938
36898998
526111622
2780459306
2779824140
8489304
2778289685
2778473407
53619493
189996062
2778730019
2779793366
2780110701
2778888736
2777783070
2780806395
2779740529
2775915280
2775838009
108608090
2777183389
146596784
2779890859
2778116407
2776557202
2780607177
2777483186
2780489503
59177520
2779355694
2775939573
2780418663
34397231
158436829
2780172096
2780989287
28849524
2780233114
185325338
65340099
2778812240
2777421203
2778546111
57087262
2778331636
5035944
177318381
78488517
2778558971
2776955331
2776858562
2778466389
545717478
2778704155
2777185115
74749433
14733193
2779499874
158707315
139542699
2778167647
55627697
2780487337
2779717315
83009810
32310276
2778643509
2780323077
2776556313
173145845
2780246813
2776369624
2776859514
2775918509
113036804
2779590687
2780814911
50561681
2776308984
2780631588
2776626899
2777554435
2779756029
2776501828
134761745
2779857170
2780230853
2776868879
2777635628
2776852824
2778696663
2775920412
2776651326
2776551393
104151175
130937978
2779342965
2776457596
2776621627
2779796343
2779266271
2780036689
2779782208
2781001224
28479625
2781287664
2779441315
2780695099
2776086361
2779546714
97688861
2779725683
128493665
2776680799
75795011
2776933810
117488767
2780352820
2776319409
2775928371
2778144432
2779251818
2776892207
96972482
2780150282
2779336647
2781158773
2779602147
2776694986
2779214348
2777117354
2777310278
161313399
2776635450
2777717630
518936366
2778611943
52959194
2776617961
2778498358
2777980555
2778016569
2780997744
2776198146
150297149
2776691199
205248224
2776319974
146254044
93062035
2780630068
10277891
70821258
99802516
2777813172
102866865
2778431023
29188022
2778782397
2781065177
2778751580
139078358
187414654
154586829
2776737808
2778400925
2776878293
50416739
2776242673
2777255754
169085036
91819851
2777295749
531090456
2779073994
2780942030
128277741
2776812111
201988250
2778046603
2779153429
12893301
2778616369
2779534081
2780826474
2779974386
2777124222
2778773569
2778662435
2778682351
34781881
2779963276
2778952991
2779741875
2776305810
2780385331
33296510
189705334
2777728836
2781354669
2777682757
52075106
5113473
2776235372
169848565
190989730
2778822579
2776425324
2777505228
2777266106
141715002
2775939076
2778380858
2777052424
2779993730
2779017129
2779433294
2778873432
2775940992
2779738658
2779576323
163928584
2776957806
2780687538
9536192
529988629
2777112365
2780193301
2781125926
2779310571
69952321
2777900450
120594009
2778960328
2776041537
2778770431
2777637652
2778705344
2779104420
512195291
2780676863
99485774
176727019
8364947
2777539889
2780574100
2779687829
2780021121
2776100373
2781338352
2779217112
2778480956
2777615974
2780349374
2778633791
2777060381
2779403001
2779401564
2778726537
54116284
2776669987
2778671685
2781222033
2777935054
2778725028
43211506
519517224
119574298
2776471039
2780845669
2776395564
2779966280
2781205800
103284512
2776208392
134017395
2776126428
2779396622
2778281468
203475023
2779306362
2780226398
2780926586
2777280039
2777613776
2776617598
2778068864
551968917
2776965311
2776111760
2778742894
2779570027
2776703352
2779922007
2778484579
2776503075
2777335034
2780949621
2778755563
2780033217
78359825
2777862942
2779321931
2779715735
107806365
2776168081
2777327484
93655579
2777183274
123657996
2780404641
2780056327
161557802
2781381226
2778654458
2780083220
2780437627
139771638
2780322207
2776335398
2780583180
2778302957
2779712976
163443529
74646874
2778808915
2778934191
2780620191
201991283
2777701958
2778963535
2775855070
2781107396
2778375452
64910545
2779943139
48236270
2779145975
197699787
78155015
2779071755
195547243
2778618983
2780621933
192271897
2777947043
86021790
2778935671
2775888409
2778552462
2775878518
2777389744
2775892619
87602768
2781181699
98025372
2777743678
2778418068
2777335176
2780301334
2776630868
2778516615
32510202
2778930673
2776797521
204326658
8515805
2776591725
47587797
3963096
2778882890
2775937065
205310680
60101212
2780001536
2780209953
59645953
2778756870
528214714
86154893
53657456
2780831811
2779378413
2780926645
2778169132
26063835
2777972492
2780920634
2776291646
172644921
2777264335
115314567
91021667
2776530339
170383800
2778206017
2777882294
2775977338
2781297371
2781130464
2777664457
2776017024
207943828
2779137160
2779698488
16258990
2777724513
119517565
2779262821
79004654
973274
121012721
2776699917
2776809989
125820328
2781255771
2776986690
2778142520
2776063613
156202196
2780090304
2780309096
127200247
2777548347
2780031015
133145927
2776873955
2777212497
77309623
2781202899
156212849
39523793
2779777515
163884767
2779356469
2777036725
24547453
2781384617
102740695
2779168147
2779080342
2777007837
2777952339
2780144910
116280592
2777663381
2781342956
2777622764
2776556224
2775867217
63584917
2779752101
2779644706
70036468
2780539366
186745253
2777378513
2777656647
2779879524
2776614343
39154926
2778073235
2779725489
78148190
2777119466
2780884937
2781447154
2776128805
2777821386
2781103049
123253695
181015550
110156698
2778043458
2779201679
2780481500
137527057
2778452163
146995729
2776084483
2777372048
2779553203
82704808
7028197
2775955998
2779887827
2779821702
2778409512
543632318
2777583168
2778585467
2777931748
2780932606
2780640485
2779626945
2778589357
2779138571
122450576
96885535
2777343023
2776501734
142786338
2780563937
2780125062
148417208
2781023928
2778012610
73905162
2776994046
2778288132
2778546856
2778820081
2776490774
2775921283
2780223435
166716992
2779422120
2780656516
2780831315
155284180
2776061088
2781235026
182384465
2778503627
2779741036
2777188308
2779473724
2780414777
39660923
152500336
2778309144
55087221
2781067771
2776367370
2781122014
138855539
2777931691
2778749929
2780166048
2780983626
2778884123
2780954945
2781253230
105192709
2781078094
2777262277
160467669
519069842
2780362696
60433691
2780680389
2777051993
148033553
2780427927
2780667275
190771501
2777276890
130767629
2778327244
2778266495
2779495635
2781403576
2777810721
82507290
2780895891
2780613536
2781358545
2777755142
515353922
19229882
2781200718
2776679709
2777537191
89358204
2775975535
2775876304
2780076791
2777095908
2781129822
2780892066
2780038261
21714901
2775994142
2780365923
2777503534
2778609174
136808125
64309325
2778409864
2776227842
2780287697
2777177857
2776895459
106507718
2776244152
2776263862
528414297
2777270232
2781079913
125965892
2780028338
2780179904
102792161
2777277448
2780016618
85426389
2776532914
2776360978
2777716980
2779653460
2779938274
25376699
161842791
2778200230
2780122955
2781061223
2780010596
57041688
75545042
2776926435
2778057503
2779494515
2779780100
86111242
2776877103
2776614145
2777971258
2776402521
2778429239
2780746714
2778080538
160437614
2778302122
65313323
2775915008
2777540198
2776015606
2777040153
2776424678
2777554647
99216807
2777892113
169783227
2778223614
178016149
2778903977
2778653791
2779047558
2778199559
2780457293
166640838
2776270521
162462552
2777868441
2780263997
153234959
97778270
2779190273
85940911
171878848
2778431546
93891514
2776830653
47751775
107119670
61661205
2778774664
2777456258
2778365317
2779521423
2775988387
512796611
2777358910
503439974
2777802042
2777430649
2779341389
40011592
2775868159
2779944561
2777277327
2777138209
2775988521
2777919779
2780719935
2776832971
96820896
25831426
2781313679
2779981761
2779986855
2781212887
2780801420
2776830942
2778722857
2775900209
2778896361
2780122918
2778646260
2779827966
2779969427
2781202354
2777769436
2779641076
2780648938
2778933366
2776453228
130446744
64626740
2776356693
44435123
2777321303
2779608074
2781467878
95770727
2776817669
2777205839
79581498
193303243
2777054155
2778061587
2777419058
2779117820
2779567149
2778186995
150152722
7244186
198211336
2778482981
38693133
2780642982
2780200924
2776804445
2780384427
2779285994
2779337874
2779247989
2776989068
14600163
2780638030
2778305142
2780763165
2781009872
195244886
2780368032
2779316378
2777436214
26432204
2781184554
2776167143
2777878574
17278756
512654426
2780124745
2779785107
2780433941
116466831
2780919976
2777966421
2780764911
2776212654
145478657
2780728851
2778772404
103303479
10511252
193307473
149830592
54794346
2776765990
2778835191
2776299149
2776849891
2777115171
2780932040
2776967382
2779360750
2777603229
2779192065
2781422343
157572991
2781157960
2781190126
2778178309
108750561
115626544
547143044
2779954943
196565101
2781247686
175096413
2779125090
2777691765
2780015134
2776885819
2776966123
2777926079
2777100689
155310634
193137418
2780886804
2779069260
546293398
10763340
2777029515
2777713680
2778747142
68125047
2777527828
2778050782
56471417
2776716326
43487242
2779784465
2778390873
2775984563
2779462205
110071780
2778925858
2776563106
2779721173
2776888584
51496488
178006949
2776680443
99000247
2776948989
2780582695
2775969163
2779866025
2777982289
2778068620
2777632682
2781161205
185716799
2780840892
24569284
2781116947
2777498927
2777665221
2775877944
154529574
159875899
2778090688
2775903386
2776195157
22457304
2778494198
2776601132
44507003
2780759579
2781415766
2779189532
653597
2777149194
519580073
2777637114
2776064251
2777170306
2779175407
2779107377
2781109791
2778029712
109865853
2777830688
2776401120
2775953990
2781051214
2776012147
2780272253
2776732386
2778730168
549802220
136206756
2779739161
2779436669
2778228001
176688307
2779266650
154775046
80055088
198766705
2781343802
42067281
121676131
15141332
2777162533
204207459
2780903159
2779061312
2777046079
2781248266
2775983534
32243401
501832835
62149429
556338050
2780959481
2778492835
2778429564
38593612
2778325830
2780345887
2779836642
2776502212
2779007120
2775901580
2778040814
508168626
2777773257
2780083274
2781063802
2780341135
2779227245
89522401
2777152428
2781292093
2780883212
2777836108
2777920340
2780195191
2776020233
11594533
2776990200
2776021025
49585166
2780643780
2779188216
2780713450
2778834893
2779422693
2780634609
204034006
16678853
2780630200
2777372097
2777818232
2777326955
127478107
2777257113
149878745
64428635
2778355846
2778426922
136714292
2779355935
2779130971
2777970778
2778079316
2777537072
2781306805
101981779
2778686978
2779879634
2778614268
2776392049
2777820359
93326203
2776544209
28262590
2781076203
2781300146
181705518
2779823659
145746218
2780573083
2781428518
2780816298
2779841212
165757723
85880034
7220189
2777676313
9310005
2779841105
2780423182
2780095123
2776653006
2778504306
27382709
2778963084
2776951763
2777364972
2777152091
2780310989
179179568
2777137012
55123268
2779726417
2778890288
2776862595
2776664462
2777501687
2778368093
2775973746
2777243469
2781076719
175104383
4289732
2777619806
4438859
2781339703
2778627824
106801068
2776471377
120766042
2776280183
2775986993
72603227
2776205647
2776326928
2778962225
2781461585
2778961321
2779634551
2779580380
170086007
2776489966
93717769
2779642629
2776025069
2780345494
2780963925
2778254914
26871567
2777330028
2780845164
2779316991
557196412
2779738167
2778206933
2780935663
2778203192
93291310
2779095940
2778640933
2776605952
2780673177
159554100
174468945
199449819
189661366
89858861
2780817734
74481535
2778772531
141388940
2777420088
2777841811
2777706883
60279628
43246008
2776986074
2779824986
2778699149
2777787535
2780830651
2778298811
118767355
53096200
2776371253
195154425
114799590
2778467380
41065761
2777061860
2779822130
116879578
2777468078
189955266
2776139661
167662435
2778155231
2780863633
2777617207
2781286790
2778728647
2781469121
2777228553
60623896
512054716
2776527824
2778788540
2781071425
2778373590
2780880902
2776390421
2777765789
64001112
2777650336
168958951
2780110860
2779910686
47028484
2781440307
2781457908
179343069
2779501970
2778988318
2776627592
2776886183
2776754364
2778255597
2776650193
56604090
2778122324
2779448930
2776803217
160380606
2779983271
2780265281
2777383820
2779891390
2780173731
2781121404
2780667210
2778277575
132943942
2780438806
163925354
2779848146
556127362
191920346
2780709701
2776819663
2777362498
2779842240
2778426761
29823281
2779414053
2780576637
2780758669
2778092424
2777977891
2780975602
2779664660
2777447571
2780929599
2779211846
2777752201
2776459770
2778483526
2780355609
2776820131
115232701
4875532
173890291
2778931999
2779374921
2779355995
2776264496
194276650
2777022954
2777414889
2777981571
2777364373
2779715073
528161332
2778336440
142437206
2776052517
2779518129
2777234238
2780467620
2780258725
2778687209
189353985
199679372
2779625939
197099058
2777069134
2781466709
558004440
2779643997
2779067228
2779732396
2779722575
43658493
2777973373
2779444418
2778956110
2778289769
2779061442
2779210677
2776245402
2776247963
2776812097
2776228730
193798670
140797663
2776805714
2779123114
2780260172
119923195
2777709427
2777981790
2777938546
150664415
2779874853
5455396
2778364766
2776346358
2781137890
2778395589
2778606982
30581116
171496518
81155309
2780732888
2776220353
2780842480
2780512470
2777939776
22372391
195319763
204207695
2778774565
2776186788
130323394
508295664
126297098
27378137
2777577835
71245501
2778328888
2779698436
2779153319
2776691614
181641781
2776176787
168702047
2780910938
2778638182
68282942
543051216
2779343941
2777355159
2779704454
2781145905
206477279
26493955
64380156
2776376815
2776788946
2777404726
2778892730
532361734
2776058402
2776869253
2777452410
111936747
550829397
2779873939
2779382953
2781343478
2777135213
2780731216
68930688
144961208
135590562
2777200954
2779101304
194407505
2776462487
199738491
32620420
2779603553
2780205538
2775994511
2776688315
2777070815
2781179210
2781351523
2777626052
2777413173
33819350
2779716120
2777196555
2777331198
80370480
141904268
2776008903
175932403
2781081723
2778897590
2778287266
2781025361
2776807667
2778704344
2780695269
2776663854
2780120953
2778488300
2776619241
2779901401
151043444
2776502453
2780863039
5437020
190974861
144533244
2781382538
2776764944
2777981533
2777490255
175944049
198176432
2780059494
32236832
2776248855
24491925
2780708138
207469975
2776862314
2778225548
79386861
21434488
2779454368
123983605
2778664272
2778953117
2776793314
2778181085
2778148202
2776954618
524757792
2779582605
2781194171
2779042265
2776519673
152079355
2778561960
72728300
150673657
532726627
509904864
160452857
2778445563
2779504321
136410877
63741993
180879989
2778017252
2778457617
177605951
65352953
2776949588
75608662
2775950227
61056293
2779719159
131296554
129809811
2779323958
2780563280
2780466208
26304751
2777928022
2776353294
2781254647
2777464597
2776792795
2776975343
2776872830
129124827
2777940471
165844195
506626179
2777546481
2777959845
205285802
2780025005
2775949300
2776409971
2781009253
2776602343
2776474809
2779691090
2779756825
2778385833
161189057
2780668135
2780179066
2776515295
2781183200
2780952882
34117410
158987294
102168758
2776242447
2778215928
2777471711
2779194740
2779595473
2776058377
2778699820
200578983
14303386
554616519
169402843
2778647717
2779678500
155405519
2781093879
2778094213
2779627437
21639389
2776817381
47143284
2777704498
35869016
2778934794
68386048
115233962
165884929
2780234724
2778060423
40162229
2777867271
529016102
2779695474
82035822
50128577
553400784
2779532274
550479007
2776499153
182930780
2779398186
2780842929
2777250999
2776344859
90821812
2780932374
187741664
199800338
31482721
2776381685
162763945
2776584585
2776044262
61710460
2778848372
2777121200
2778157309
2776161314
2776272578
2775831178
40804472
2776583511
2779802078
698414
2781082259
2778950917
6202296
2779738483
2779664949
2781459574
102235558
2776354922
117660856
71284652
2776136082
2777800392
3802936
2780633957
152579397
74916050
2778503069
2776946774
2779792833
2777151429
203715995
2779271020
2777957477
2776295790
2778892324
2777381009
198647972
2778160552
2781287312
2776731479
2931709
2780485840
2776113650
2777106129
2776469828
101997407
2776744231
2779082226
2776252967
2779745869
2781192220
58604966
2776365810
2780030267
39614282
165548995
2780018913
12429862
542344755
2776295531
2781271316
160842062
1343632
2779423765
2779415240
19266351
2776568719
160165442
148845029
139679275
2777631549
194229684
2780814968
2777705153
2779679852
2776720875
38618358
123749701
2779894600
2779412395
2778523118
150741067
2779240597
1062220
2779766786
2779712367
2780978317
2779471601
2778649774
2778177425
85064482
2776297342
2778525767
2777474426
2777128807
2775855739
2775924744
38760176
2780185832
2781376611
2781168801
2776997456
137355542
2781172133
2779244840
2778498626
151169389
2776639334
12183850
2779333369
2780708616
2778963736
2778399494
2778306670
2775881052
2778976748
152791554
2778737971
2779884778
2778958867
114429787
2780871531
2777660854
2777558716
2775979992
2778539965
541019422
2775998517
2780500733
166911120
2779485191
2778165971
201577159
2778438747
2777350397
199850653
2777883703
2779449101
96486169
158954845
87756765
180654792
2779973149
102168173
2776365606
53782968
2777061734
2778819434
110739175
107760621
537376119
2776193665
81631423
2777757839
2779985659
2778493415
2778943297
2779659852
2781442496
61270903
2777429934
2777651970
2777361732
2777105500
109854326
2777951267
207953293
2777055467
2781100960
2778610915
2777158706
542127796
2778688752
131814509
2779355006
2780941884
2778505942
74256435
2781439214
2780044119
2777397083
2775838571
2777568707
2776477528
2778340393
2778679906
2777217355
2778484087
2776649854
7870396
2776277621
2776549775
2778892983
2775969133
2777589721
2776058455
2777310698
2779318507
2781206121
34122027
2779086719
507827637
73837440
77334096
2778327200
2780356984
2781355818
17616946
2777687527
71360278
2780985302
2779056500
2780309315
2778358025
553932949
2779138442
168237039
2777657394
180705244
2777592495
2779165487
167393769
2779984200
74478641
74662306
2779663450
2779608364
2776447523
2776426316
2781275449
139043946
2776295855
95480931
2780067022
2776666386
80981068
2779451145
2781304360
2778186809
2777117576
2777047555
207868868
119744841
2776350326
2780554227
2778204906
2779876011
2780108852
86265019
2778633926
2779056439
2780403921
2780044159
2776133387
2780880035
517489954
2779627259
165484069
2780157993
12212573
2776283769
2776725521
2780901375
519458232
2779957546
2776444278
2780583484
176025405
2777129147
65542558
65936242
196757783
2779353718
2777224019
2779035016
2777796528
2781398798
2781143842
2778048713
2779471646
2781031428
2778685536
2781449124
2777760524
2779324271
82596566
2780578810
2779572210
2779443769
2778454149
16461005
2777897930
2777118768
557252395
138456396
2781306378
2777754936
2779527186
2778031415
3339587
1479423
2778603193
2780025626
155918274
2780971728
2775958010
2779364751
114569116
173534245
2777860616
2778926341
30370900
2778654236
2777832611
2781095679
89017223
2778425859
83346120
2776062319
95457728
2775901822
44257564
2780511199
2778130295
2777104896
57766520
2778894183
2778257055
2776055345
2781029362
83859853
2781191127
2779408585
2775922135
2776809503
2780915703
2779149060
2779367833
2777168092
2781379532
2776224858
2780539156
2781232934
183806917
2780608421
2775901395
2778000102
11294208
2778593128
2780735018
12113343
2776021498
2776705819
2776842099
58467406
2777625626
2780034687
2779522701
2779338139
2777610226
526316498
2779867950
2778815507
2780749008
65542768
37531588
2777425089
157576080
2776560457
64112556
2780880955
117842684
15229330
2781454611
2777484281
2777001087
2776464722
2778445293
2780502785
185290089
2776603453
2775907625
106045638
2780589387
2777098346
101957632
2779793223
2776444593
2778600090
2777469973
166545870
2779448473
2776576280
67427781
2780207460
2777804694
2779454666
2777779806
516820309
2779282853
2777346430
2778551728
2779861998
2780188138
2778980461
2779506756
2779781578
2778935220
2779470502
2777847483
100537666
2780107530
2777555958
2780849931
541189924
2778384763
2780476252
2775933675
116393459
152174988
2779563551
2780390159
2780209116
2780417790
2778537899
2779077817
2779501808
2779713375
2781198647
2776927270
2776225096
2776644819
2776611420
2781111536
75069973
2777966795
120114455
2775918843
162217576
2776147993
152815550
2776518881
171906077
2779061762
510578393
151957068
2776568892
546931123
2776327544
2776856203
203115093
2781197174
2779190543
2779677196
88503454
2776245594
2779250259
2778378541
23185880
2779060099
2779199053
65273630
2776560223
2779915651
2779060202
32772713
17935101
2778810519
2778486102
2780284896
149057995
124042286
2776031938
2778186381
176068456
2780745445
2779159372
2780796649
2779944400
2780204628
2777097045
2776613168
33828553
2780522264
2781214005
2778472202
2778939008
2778367292
119003275
2777167590
2779332417
2779052297
2776665244
2780631886
2780786088
2781023794
2779567147
2780789303
2779002581
2778303260
2776008612
2780230357
2780464982
2781281691
2778110396
2777749463
125782576
2781321835
90180555
2781255812
2777851695
2777049352
2779454639
203152839
2781431570
2778803912
2776319518
2776173577
2780115896
157655426
2776492188
2777197731
2778166725
183703185
47251454
41555743
2776019970
187878255
2780909784
2779905637
2780369557
2780150113
190839683
102213580
2778464233
2778740311
148324637
2778914936
2778076428
2778539028
2781118641
2781207045
202417442
2776444433
160844653
2778478046
2776083423
2780962609
2776698168
2777325880
173699873
2776105637
2779649051
2778872588
2780641572
2779830833
2779112213
2776693405
2776240875
2776728957
2781438039
2778772032
2777911786
2781133825
6990792
138891687
170309218
137703981
2777656669
2778448628
2778992501
2776289120
189712489
194962172
2779869040
2781458734
34634088
120876096
188755195
2780910035
2778612586
108812129
548578009
51257634
2779637460
82979123
171039662
2776993485
158075948
151174772
183847335
549258631
2776046173
2780350813
2779534790
2781195997
2780196685
2776917829
2778051646
2779289880
2776126810
2777551599
76837503
500888818
2777928319
2778360411
2776328154
2777275308
49578298
2778758847
2776200251
2777172345
2779264005
2777958245
2780304519
2779893167
2777091700
2776889928
2779541213
2779819975
2776370318
2776726305
158259556
186780021
2777748111
2781222355
2778995842
2778100088
2776822914
161142120
115880899
2777394349
2778360567
2780430936
2779767154
2780233253
2779342517
2780133303
2777812522
162713946
50291824
2776635530
48247638
168375091
2780286540
2775994467
2776498708
2777609378
2778128395
2780277419
70721018
2776531736
2780049499
2778286895
2781396355
2780472865
2781273836
2776862001
2779721411
2778127260
2777817140
98456152
2779126323
2777791243
2780010503
2780408328
143128703
2778312543
2776753188
36082774
68258455
2775852181
2776190108
2777204225
22419926
2779673497
2780452421
2778360144
2780178555
2780182884
2776865675
2777683766
2779792997
2779756819
2777757270
2780060247
2778243475
2778258773
2780513263
2779192767
2781183175
2775834665
2778676447
558073901
2777037372
2780911369
2777717087
2777303640
202356376
2780803407
2778074606
2776189445
2779045064
2778869444
153902761
1701360
7668573
63962749
2778585658
200965112
2780784300
2780829485
2779940164
2779171751
2781328080
2777831296
2778521459
2778310199
2776265578
2777623515
2777738375
2781054216
2779419317
180820245
2780280652
2777694457
2779937694
2778112902
2777492778
2779208285
2777980425
54698636
2778652415
2777708630
502416277
2778436418
2779850335
2778200460
515282520
6322943
2777169198
24872536
2778514227
2780694324
2781309241
2778601115
2777361361
2777385265
2781356818
2776282138
2777110745
2780729786
546522952
2776607652
2779470777
2778284051
2777294762
2776039013
2778352602
182348080
2776870854
2775885271
2780209513
2780756628
100134115
2777743164
2776269091
2778035532
2781395554
2778681941
2777470744
2779304518
2778517856
2777801525
139658958
49423321
2776394035
47332860
185245429
2776147538
2778251759
2776551011
2780719617
2778619517
2776370464
174016839
148784989
2778884160
2777752130
2779148576
2779910495
13655849
2776775114
2780964940
2779700826
2779523166
74556096
2776898485
109902967
20348765
2776201760
2776755195
2781084451
2779588477
101486319
2778350317
199353437
2779197502
2779185724
2777992590
100988078
2778545564
2776451817
66489765
6032974
2780992768
59695747
2778127285
2777296413
2777370761
2779532214
2780797526
2780276656
203833370
2775892102
2778775331
2779390208
2781317773
2777930505
526210280
527571333
553195128
93021684
2779207640
158658830
2780865623
18986850
120599106
95667121
2778997594
2778556977
2779724494
170163044
2779460620
2776474078
2780830216
2778447158
2777149368
2776041296
2779854087
2780038111
2781063854
2776893402
2777373291
2776021113
2776294853
2779271867
2779093316
2776076217
3090818
2777020083
2778944981
16820800
94950391
2779325935
195205253
2779397098
2779564508
2780773165
146904657
558907341
164767435
2776423884
2779959089
2776630937
2780170866
98202634
2780070908
2780700095
2781056234
2777860245
1962617
2780638523
2781307671
2777384425
2777305981
2778933830
2780091996
131862276
168056786
2780007002
2777244000
2777284916
85735339
2777288325
2776744486
2779993964
2780516175
2780155431
168074166
2775969632
138634970
2780839550
541528975
31849713
2778145997
2779690074
2779505690
91397359
2779314697
2781352634
2778240850
2776895925
2778054405
2777826127
2779613618
2776376731
41400649
2778257699
2779318243
2780107882
2779700979
2779707054
57546440
536879329
52119013
2780924976
2778567753
2777777043
2780704213
2778855937
2780616603
2777716289
2779508947
2779736135
2778533350
2776507400
194258746
2778591524
515772544
2778589402
2778188039
2776821332
86838182
2778769699
2780229023
2775973543
2780410052
2776486069
2776508417
2778054723
2780502552
2781256838
2777171355
2781354227
2778306061
2777222091
126049285
113030054
2778697824
2778181235
11357383
171878925
2779949451
2780197003
2777442718
2781035638
2779608769
156708679
2777435149
72071435
2778198090
123588078
2780883654
2775924879
109043474
128058530
2777748654
2776232389
154049752
188673734
2776744011
504846192
2775884628
124267892
2781184175
2779423931
2781142061
81058292
2780975796
2779709208
116065953
156692291
2778899999
2779704891
558872910
124071731
2778040358
2778357134
3651065
2776769935
2779347042
2777251849
552438157
2778215426
2777945184
2775958211
2779598408
2781158981
2776439778
2777063595
27167748
2778149154
2776746162
2777991759
110863331
97683284
59985194
2777812371
133769301
2781442432
181494515
2780746433
2780815956
2779209872
65770563
2779508860
2777723344
161242877
2777494022
128748764
2781261322
36700096
94070970
53467847
6379656
2775989837
2776111161
2781063710
2778902946
2778619581
2777976867
169685871
2779366225
150226047
2781314451
2779482678
2779185081
2780844770
2777822023
2780865476
2779054714
2776606591
56986551
2780463228
2776002501
2776951054
2778296017
2778550701
2776930373
2780992775
2779821363
2776202926
2779800287
517393431
534595448
2780399691
169165970
2777898063
70594193
2777516927
2777979712
2776426142
2778666034
2780430683
124119293
57674340
2777185122
28679811
49905341
2779321823
2780421013
2778400880
2777664206
2780053448
2780813863
2778608215
27793534
109901321
2780308236
2777089865
2778202693
2775897591
2780005381
188678523
2778986839
2781299629
2776278516
2778281048
77411360
2779659828
2779751651
2780351192
2777914118
2780818112
2776199152
170912199
2777899157
2778363165
2777315239
148263481
2779043514
2777468867
161691468
2780207146
2777471869
9612784
102044607
2779493863
54589662
207556761
516449090
2776923910
84883126
2776477906
2777987809
2779302622
2776013835
2777125852
2778367045
117008775
2779268921
2779846673
144970662
2780211066
2777618630
2778589794
120428866
123890144
2777004151
98878957
2778175570
20579882
2778044066
59028225
2781462389
2779965841
2777348774
2778658263
99611785
2781279460
2779875169
2778940446
185439823
2776596299
2778063847
2777206622
179226041
2780206895
2777771423
2781009001
2780151132
190048596
178103971
2778357024
2779602883
154735087
2781407846
10962305
142675635
2778055240
2779398514
2781042326
2778727095
2777405244
2776704666
2776693829
2780549046
533215197
2776011675
134657064
2776869366
126298526
180917538
2777114023
514409498
110698143
2779610630
2779065186
25228396
116953426
2780990090
104096267
2777479802
22164496
2776961145
2781311594
2780964609
2779588618
5081440
2776269851
2776021479
2779082692
2776460983
199959010
2780993501
2781205358
53380099
2780446542
61968832
2778375574
2778871930
160467763
2780965086
2776429024
2781220732
2778742257
2779460559
2777433738
2775980795
2778979200
170120187
2780814948
2780972671
2776675292
140776533
2781446410
2779620582
2777547383
2777521884
2777874643
161119171
2777839454
2781404479
2779573327
202274260
2777551426
49223487
204457725
116219795
2778687414
2776962535
104511454
85079727
128536511
2779565383
28699426
2781121177
100625263
2778909843
2780653189
5616717
2777009965
2780466306
82988395
160999035
2778636371
2777623114
2778690987
113502894
2779768297
117718488
2778971717
2776981865
91762617
2777222942
2776642743
2777132773
2780765524
2777773042
64970193
2776717531
199172669
2781366508
2780769345
2780813950
26596201
2780251896
2778476936
2779362757
2776814427
110916489
2780430848
196614720
2776082378
2779112789
527923745
4988305
2778636908
2777403463
143626580
24701014
2776589136
2776011918
2778999348
2777280207
2779037674
2781289898
2780363434
2776930917
2779201158
2775992458
2781294863
160492016
2779374923
2781185984
2778457166
2779350616
28322926
101883679
196254732
2778959273
2779144152
2776813744
2779749557
29330652
6157177
2778440560
2779442300
148427055
2777913456
204623482
130056557
2778376657
2781114979
2778984028
2780971477
130383907
2776248522
2776757601
2777026876
2777596936
4565589
2779689757
83616695
2776030573
2777628658
2779869275
2777634390
2775855782
2779852808
52500022
2777998971
2777423982
2780573676
2776380497
2778270113
2776225097
2778606836
2781379555
2779362161
2780325947
83874454
140635768
31163007
2780029314
2779975754
2781232586
2778169844
2781429635
2779319824
2780184887
2776026472
2775942830
79371030
2776287552
2781164490
2778736741
2779811551
2776325125
2778424799
2775882470
165377118
2775834723
2780443626
2779495086
2778787886
158245101
4518377
111141941
208050544
2775860015
2777055758
2781260031
2780305126
14712689
2777060688
2781350838
131747538
2778647138
59061988
2777019676
4445939
2777531377
2778643837
2776284651
2781183867
2781046654
2780841089
2780042802
2779348905
2779649826
2776986349
512779448
2778644878
19096712
2780010996
549602527
19724227
2778488159
2780733263
2777493439
2777710121
2777963039
2775843563
76924460
94103152
2777377720
185653798
2781356908
2776910009
2779688377
2778304692
2779137300
2780387606
2775904692
2778884120
2778507348
2778927365
2781391197
2778241425
2778279454
2781333582
2776173306
559832139
2777424953
2780931561
2780118192
178656844
2778644110
2778891685
2781469264
2778070240
2780800871
96305231
25815290
2778865131
2780948417
2781236955
2778767463
49504249
2780043022
2779556004
50450362
2780584845
106207104
2778240782
2776222705
520346617
2778190393
2779955162
2776312560
68676916
2779456903
2776414524
2776809895
2776341489
2776858443
2778146951
2781198692
2779327780
2776257305
2775911130
2777915743
95648434
2779128655
2777861875
2781023503
2777350617
2777759326
2779203766
2775874411
2777968757
193279874
2776830445
164139821
11839303
192525933
2779576020
2776639188
2777547446
2779672560
2776567534
2780781906
117262203
2780615214
170595534
2778189741
2780652346
2778451043
2777646478
2779399933
2777882137
159505674
131323648
2781426064
1975866
2779461545
65917780
2779729821
2778522177
111015842
2776949485
182651772
2776209359
526906502
2776644728
2781038237
2779622194
2778050147
197613697
2780028911
2778966021
2779833382
2778878386
2777780933
2777408582
2777455782
2777101687
2777230504
2779067995
2777003233
2780750139
2779241032
2778953472
2781410288
2776715762
143700406
158739034
2778960197
172630978
116757783
2777299493
500070807
2781192353
2776590589
2780800114
2780592174
2780178242
2777772640
2780725053
2781174789
128519102
2780420907
2776254179
2776840461
2780768045
2781413975
2777606202
2780162246
2780106137
130459987
2779194196
136376716
2781421314
2781184186
2780073773
2775966842
2780424445
166832852
2779374804
513452062
2777809197
2777773272
2776755189
163077602
124194741
40731981
2776196969
2777896749
194355084
2779646442
2780166705
2776674678
2779057683
4729504
2780110125
2777595359
2781145534
2780001233
2779521427
2779003334
2778597325
2777599566
2775907739
2779860262
2778857364
161118576
2780319562
2778571376
2778271084
2776807976
2778291171
166957645
2777465374
555789112
163460002
179335157
541743481
2778024225
2778125881
2777766008
2777275997
2781058482
154240960
2780773723
89052216
2777597704
2775867646
180727682
2776435704
2776283815
31492237
2779702950
2779886824
2779652730
2780576980
2780674975
2777544581
173341346
181276680
27117715
2779870438
2776636706
56923765
2776661345
2777259116
2779771158
18723104
2777272424
2779419272
2780435313
2777516924
2777038978
113252107
96597354
2779634276
10725020
2776624887
2780886767
2777359373
2777880356
2778239248
2777146290
2776144845
202431111
2780129296
2775976765
2780048507
2780907072
2779840692
2776722139
2780702066
122302079
2780254785
2779262041
2776927322
171710108
95526234
128263622
92550072
2777042020
2780433960
2778395094
2777016846
2779009204
2777888504
2775964045
2778491328
37497453
2780481140
82368132
33619721
2780499841
2775899781
2781126507
2778015847
2780683192
72848699
2781091120
2777371436
2780403647
2776511059
2778845426
2776092559
2780334700
2776251463
2775916161
108615695
58870171
2777462568
2776123083
2779372758
2779078516
2779100348
70136647
2781184352
167818167
22558552
2778964614
2780306569
18889420
2776811842
2779867129
2781054816
2778386323
2781433026
2780777687
2781387253
2776577965
24924255
2779845281
2779434045
2777132110
2780985703
2777991116
2777139052
2778364182
2781032752
2778500112
150661
2781459663
2779116780
2779723400
2777614172
2779463659
2777012704
512135269
518409739
168982282
2777875228
2776451536
8092218
2780814625
2778041760
2776709738
2780787636
2777130421
2780138302
197902243
2775967396
2780186531
2780465443
2779686832
2777090766
2778911001
2780414937
2778681481
12994181
104562893
117981818
2780388711
161140093
39718394
2775989988
2779017597
2775897344
2777031316
73550095
520367223
2776301907
2777695644
141718757
191935318
59196918
2780703805
2777781587
2780070916
2779541432
2775861983
2780132295
120958224
543996916
2781305743
2777316002
141179319
2776004847
2781129162
2780389313
2777848991
2776742946
146077101
2778455436
2776416421
2781186672
126384667
2779766864
2780705572
2780713291
2777360664
2777251787
2777463837
2778987070
2780849405
518528333
157813575
2780156443
2778808533
151957376
2781083729
192086492
32460114
2779693379
2779667706
85311402
2778588210
2781049373
2779592962
87314876
151807755
2780578090
159048435
28328592
76775654
2778475361
2778847858
2777420705
2779819642
2779387121
102336505
2779059863
2779999708
2780212265
130160918
2781366883
2778122938
27219730
2778580477
2778640037
160843493
144281595
2777518938
2776994018
2779087320
2778332407
2778107536
45620623
80445892
2777552930
168544710
2780533540
2780282549
2779685929
2779832940
203601557
2776615554
2776564248
2778074711
36597679
116856471
2775905491
141972094
2776873799
2780447514
152137633
2779664475
142442999
2779916678
2778186874
34564958
2779428270
2776806300
2776247511
131897575
2778312352
2781247100
2777867650
81182388
158272826
2779294782
2776863037
2778503265
111562998
2780250032
161142639
2778848886
60567360
2776642721
2778419473
2776115572
186391796
2778756571
90487128
2778813943
2777625722
2776387689
2781254388
2781401690
2778448659
190137741
2777868728
2777802591
2781158076
152984320
2779237648
163372822
2776595535
2780338983
2776669934
2776505110
42363989
2776245814
161061759
2776808436
2780231052
2776148132
2777815881
2776658934
179454799
2779205696
2777868129
2778152828
2776621574
2781094634
2781224132
2779009096
2776690004
7048811
99614261
2781228120
66871177
192051995
2780339442
2777978526
8020162
2779455459
2778505631
2778274078
2779091380
2779094126
40905902
56235305
2779818311
2778284071
174353785
72423040
153285557
2777351920
2780644172
58051837
2778287930
2780300847
108905452
2778291118
2779024661
2776883282
2776514403
2780127596
2777478613
122424190
14039691
2775914466
2778436000
2778686639
2779708217
2780297707
2779386606
2780967544
105066941
145848229
198146175
512218843
2779305976
166487716
2775969488
2780169707
2778603370
2778410202
2776011543
2780536436
2778031299
142962650
2780984593
2780594301
2776993194
2777596346
2779401766
179239836
2778710450
2777070848
2781249888
2781383037
2779335578
49330708
2780904825
2777437892
2776629885
2778718642
2776983907
2777301445
2781123563
2781023631
2778103768
2780502040
2781426709
2779634548
2780478581
2780983695
2777657819
2779074499
2779135664
2781315196
2780444295
2779171504
151107107
2779269003
131364728
156804271
202033160
2775960385
160862168
2778399304
2779854960
2776291328
105318019
2776581075
2777086974
2779001264
173862282
2777801344
161094284
142897916
2780179797
2780864515
100598020
2780782217
2779498739
197698901
55356503
181406461
2778086194
2777333090
2776744355
2779567878
43024197
2781188991
2778461028
2776298855
2777879282
2780774409
2780713500
2781130035
121578661
155203727
2778242365
2776224834
17263918
2777884663
43026620
2781129360
2777441664
2777317958
2779503815
2779747850
2781048719
200675308
2775933976
156579228
2779923670
2781039643
2778335291
2776877410
2778342424
2778590498
2779063865
2780426501
2778016837
2777274684
2778282126
92927620
10080731
2779439299
2780662513
112731501
2777509683
2776488450
2781329722
2776161637
83694076
2779795913
2779486868
2780456261
133967507
2778870980
105895522
2775843773
2778048685
201949408
2777057090
2781390083
2781091788
115145042
2778005183
2779332226
2777425019
2778134420
2776674755
2775994111
2780917356
2779781407
2776982690
2779447587
2778500476
123326733
2778924321
117731710
2779372041
2780120653
2776885127
2777085203
2778960736
2780376419
21087458
2776905119
2778482319
2780185105
2778057375
2779939559
2777092684
2778414469
91672089
2779907237
2780139007
2779720838
72246896
54539864
2776990139
2780659259
161974327
2777328920
2778415982
2779534186
2779367816
2777658436
509160430
2777128691
2780578390
2779657818
93891892
2780970777
62232509
2779415179
75947009
15956567
2776323964
46578663
2777545871
2779276066
2776815562
67600269
2777163940
2777115359
2779204341
2777020133
2776442119
132447387
2777039795
2780273408
2780614097
2778826615
2781094930
2780936962
189956118
2781321422
2778030914
2778912395
95407459
2776204236
173503651
74954087
2780813702
2777945173
2776713270
2780895195
154238967
2779166948
2776949507
2777930830
17942118
2778787019
71460217
37999436
2777203912
2779174183
2781069170
189726812
2780667421
2777462475
2776922824
2778515910
2779410628
2780690803
107756529
18096293
2777878166
2777984187
521822307
2781130621
2777406851
2777994185
152037538
2780889827
2776100306
83646750
2779262975
2776233626
20881042
2780800308
2776598403
2779068150
2778201438
2778530958
80509450
2779156937
2778800865
2776331037
2780028863
77452539
2778979248
559253537
2780984443
2777187653
2779906904
2780311119
2779790151
57099999
16057445
65973859
19665322
2780166525
2776079558
2776503955
141036103
2780496995
2775866664
66282033
2777038452
2776968534
2779575090
2778268060
2778435681
2779385950
2775857956
180485536
2778348996
2777198616
2779065879
2777910127
2776766847
2778520190
2776216033
2780003331
2777309835
2776170159
2777246787
19456673
2777374296
13934251
75920839
517289559
2776235881
2776162649
2776732383
2778806464
2780789671
2779592427
2779429310
2776107708
2778241337
86726114
2779929907
186569918
2781424425
2777189325
156270389
2779826570
2776258062
35785553
175490567
2780496218
2777642663
2780121785
174463049
29337255
170595211
2777436212
14932570
2777005625
2778937691
2780237831
45424060
2780560525
2776263782
76449154
2779141794
2779458270
67754453
2778681064
54356446
2776567092
2778955098
21950695
2778846261
2778865556
2779251032
126778423
2780547138
503559017
2778407125
2780645361
2780497305
2779858362
2781244590
2778920187
2781456638
2778447413
2776795254
2780875630
198555668
2781434637
2779801237
2780244628
2776709574
544453697
2777414711
108033066
168390386
2775937380
2778320016
2777947506
2779010945
2777753879
2776421394
139629719
187430395
2779507741
2777332246
2780751294
2778373645
2778375701
2779289300
2776773169
2779091180
2778244774
2775877436
2776172968
2777553417
2778623827
102125574
108286215
189797266
2779282724
2780834230
2777041140
204911340
550838152
2780642884
2781138228
2780474165
2779028747
2776482990
2779081528
2777929537
147798420
178592042
180730796
2776310757
2779225535
548595372
2776535449
2776481125
2780231175
512385999
180201027
2780893859
67860675
2781356158
84425180
2781354122
2780525330
2780316156
2780525919
2777177307
2779858111
11044772
2779283931
2778534116
2777205943
2778063290
156928413
53369545
2776202055
176979668
2781338091
2777265194
2777018559
2778345101
2777603193
2781146142
190029008
2777728685
10187730
2777701636
2779501167
2776900311
2777514091
2778223667
186581794
2780101685
2776578593
2778662471
2778392757
111696902
2779072820
2776568015
2776395653
183237670
2780465803
39699697
2780280372
2777238326
2780988483
2549261
2778444831
120060458
2776558882
140505726
4451082
2776758949
2778734068
2779437392
96170274
2776277238
27577653
89606831
2778528218
2781436762
541520048
2778195408
90664946
2777801184
2780948448
2776166492
2780112402
2777502600
2778892047
2777438064
2776862503
553612559
55888378
2778450110
2779593757
154085013
2777569006
2781324535
2778061687
2776959900
2781178891
2781104887
2780063443
2778484989
2780598922
2778851182
2779994629
69068340
2780141811
112904210
188109852
104629281
2779750879
2779562292
2779132384
2949467
2780835127
2775859345
2779220109
2778288042
2781187916
2776170593
2778405889
2776024583
207093648
90044865
2778270355
2777381828
2776343651
115244140
2777625943
180429540
2780907752
2777163549
2778594232
2781267209
168902768
135004664
2780407057
2780428685
2776469571
519441137
2776221188
2777113924
186857363
2781251240
66603910
2779748816
2777955542
13817123
125672730
2777584219
2776300258
501373749
2780779750
2780471661
2778379427
2777163180
506584322
116250567
45403924
2776368255
2780105426
2779509641
2777708092
2776932315
2780674276
2781409956
2780721665
2778281682
2051122
2781197597
2780504534
130453509
2777246119
45114443
205013753
2781262955
2780791560
2778877794
2777474416
2780777540
511561118
2779914743
2775878175
2781328210
2779599594
180533847
2777256092
71478820
35026471
2778107633
2776517170
2776549017
2777327982
83608634
95038775
135544838
2780370729
2779648627
107310476
2777511315
2781018306
2781121236
2780248554
19233827
2776472726
2776112927
543460222
2778662616
2910212
2778778067
159761880
2779399222
2779075635
2779667052
2779676171
2781305961
2779973846
73893137
2781053045
2780934425
2778275236
2777854728
2777599814
2776786798
2779323715
2778883040
530175646
2779238971
2780619189
2776451736
2780439326
2777488413
19421289
105153381
88893950
2780054571
2776628846
2780948457
25597596
554736915
2778709741
64277026
2776522641
2780678643
93977446
139584282
2779807172
12643543
2776677302
2777859336
2780180044
2780001926
2779713017
2781461084
2776085534
2779020154
2777523871
2778566998
2777130985
2776865758
2778283493
2778902082
81405235
2777069839
2776964328
2779325242
2779899235
194786609
2777097278
2780368738
151580194
128900784
2776616234
192360978
122511174
2778243190
2777222089
128774023
2780511911
2775953972
108206972
66318653
2776746724
551537032
2778172576
2780053286
75732639
2775961692
2781156881
12321546
2777730981
93760107
2778357562
138569888
2781144840
120804375
2777550568
113745410
2781034416
2777558666
2781403613
2780750054
202941707
2778860117
2779036879
144359658
2777107807
2778416130
162167882
2781337469
2778835456
2780366628
2781115158
82051686
2776145366
154611951
2778408450
2779663865
171533372
204852536
2778936951
83415686
2779154869
49718054
187185209
2780332020
2777452007
163774233
67805463
2776771474
2777634866
2777680332
2779028375
2776093559
2779425939
2777484682
2776177899
185668508
2780154626
2777295296
2780627709
2777909563
2778397825
2776201958
2779834495
203539429
2777927833
2777166885
2779064603
2776444453
2780923734
2778159023
159189726
2780277785
2778906348
2779138793
130470419
156163368
180433265
2780480618
2779957241
2776570673
2777826306
84505015
204799077
2778768196
2781083974
193886612
2776792762
2778824557
80114427
2777579934
2777967479
2780334934
