2776585679
205459204
168478624
86336370
2776408094
195319763
101815171
2777626329
75425809
2778553231
40753778
31845852
2777421914
2779655571
2776310101
10007423
2781337472
112723951
2777705401
43505595
120117941
87931564
134221152
2779897683
75148888
2776623236
97713585
44527139
2775848949
2778750744
2776482703
2779992492
2776328442
2779417973
85888377
2780664888
128769094
2778427654
2779480889
2780924226
2778587509
2776687869
2777894049
143989560
512480010
115392374
2777847424
191603402
2780785604
87651407
2777460376
2781394229
84769239
2776483862
2776664667
2780710444
127974875
2776969006
2776618461
64771565
54775282
2777535547
101516089
154758619
112910692
2777075126
2779667201
2781317484
89997419
2781186623
155202549
160949748
176395063
2776807994
2777544581
2781314467
2780611605
2779922810
2780636278
2780984029
2778768622
196276664
150018143
2778287754
2776282941
2778024086
2778152407
2775917432
2775914053
149520272
2777201301
2778841548
3202273
2776509796
2776018603
2778149519
199004533
2776253026
113364986
2776548421
2778270905
2780070584
2778820945
2779888377
2777440667
2779532319
139447083
2777547266
93045229
2779439359
199153468
2776410651
174957148
2777303138
2781299125
160682292
2777373693
190896228
170802524
2779999208
102287145
84115692
204899459
122727641
61869707
2777518364
79771186
121232785
2776475046
156729933
193407848
2779556199
148012203
2778945127
2777826224
2781431169
55644491
2780620375
2776829726
83696554
166422571
2780504989
166773007
2781175729
152563557
2780001622
2776121235
17520342
2778491501
2778004815
122941539
2776654093
2778964672
2779467348
2777802852
42078407
2777113874
2777813195
120669584
102659622
91064468
2776071982
207287881
2779623190
30087350
2780384573
69077340
120157274
2777255320
55214782
178399528
2781173026
163188183
2777031786
2778166744
2779883021
2779589421
154600224
2776517139
2779270267
2776855569
2777849942
2776565337
2779787920
181308471
154808841
2779601481
72132477
2779077495
2781217383
2779556925
158856122
2780117310
204811540
79736992
44161491
91602232
2778313810
2778154409
43546911
77783676
34881983
193681711
2781118373
2777553175
2781051336
2779804624
140413371
2781304125
155484734
2780079458
24605870
2779721758
2777641519
2779913386
2777149877
34972735
2780979709
170972551
98937230
2777017832
169964991
113993141
2776942949
52197146
2776789725
121426499
2778706162
64391079
53768001
502083482
2776614967
2778975435
2779553848
2778510933
2779013012
107666737
45392927
64764614
2777727750
2781309460
107966889
2778736898
2779082914
2778527208
2781336724
2781032883
2778148086
164656772
2776923577
11393971
2775839636
113196181
12559387
117009084
2779451318
2777787554
540888833
2777834853
2780202030
2778502670
2779817080
80278418
2780244702
2777142549
134418285
18123600
186027771
182412477
186711583
2779388120
2780891364
2778320157
25188504
2778705799
2779181390
65972490
2777709592
2780720752
2780517540
549326192
2777555668
2777254668
135205223
19244329
2777582079
2777112370
23219732
2776053631
136969773
194648553
2781452371
2779493682
149315309
2778709541
2776983043
18327375
167116941
2779256506
115672447
2779980258
161322271
45222066
2780990948
2776701442
2780183814
134827381
15282517
110000284
2780082420
44171179
2776760741
40536736
2778406994
2779882552
167254554
2777965912
2776231815
157572991
156306882
2778807291
18785705
2776091701
2778555561
2780347056
101161028
2778095988
2780245254
2779086009
63207073
2781408873
57469242
30833038
2781038077
2778675715
63711664
198691824
2778573839
2776065647
180358864
2777553079
2781415582
2777276634
2776691145
2780195874
2781456945
2778507951
172497479
2778820307
2779375187
117751175
126081937
2777736792
2778499291
2780054247
2779635493
162889289
2778099519
200924035
184611803
2777797187
2776036795
2779236736
2781155252
42854785
2781156356
2779785115
207505557
186870795
2779656606
2778417736
2779192767
2779681454
154800746
2777176334
2778735925
51034333
151232837
54400483
2780135511
2781237446
2777600642
26436822
2778459932
2777449729
2780682613
185632549
191722172
2776089235
8805042
2778140759
65639470
126071100
2777093088
2779143129
127107974
2779466795
34630208
203615070
90924733
2779060006
2781333323
2776604844
23213687
61427205
94298141
2779293367
2778097878
2780600763
134864226
2776155606
201608381
70455891
2778354995
26232790
2781232586
2779575352
2780611192
98899853
2780947148
2777932547
128600503
2781355846
2776762034
115668470
2776737796
138373888
130392430
2779929125
2779015535
2779061883
53100981
2781419290
2780597320
2776198575
2777834655
2776258022
2777062493
137357255
181190989
51957245
2776465537
2779368008
2778120707
2780852655
182276799
2781133593
71387314
2778025880
2778694684
2778167719
2780946856
2777853500
88101626
2779761165
2777030758
2779648536
60312476
58823610
33400823
67051015
2777430643
2781174339
35917805
1453916
2777853440
2779518741
2779117054
147547662
2777043878
77438856
2779853053
2780355892
2777293235
2776409498
77626629
2776500622
2780129190
2780986221
2781160718
2777635934
87704126
135389021
49135098
2775997212
81163149
172833380
202000216
128283336
2779134392
172014354
178413272
145760622
33404073
2779939747
2776528909
2778482319
2776530628
121726808
2780231602
2780924579
2776700174
2778454716
2781252957
2781183763
2780619561
66252992
2779352374
13417124
2776071005
152550464
2777966427
165339153
48461290
57031852
2777658576
2777051519
2780112431
2777998684
2777366299
2777086665
2777753832
2778414658
2780052005
70295763
132321396
2779501167
61423126
2776723141
2777130331
2780596441
91302708
2776846602
162078301
2780567044
514942387
2780145465
2781448692
536366893
2778363221
2776820501
2781014177
57642588
190775180
160909455
57183011
165603445
153206804
2780759654
2777004896
2779631546
2778450110
2779798788
2777977191
90357287
2780136424
182299520
2776404619
191654821
2776237269
2777205281
33756811
19992482
2779251847
73755100
144924494
2777424509
2778550176
2777151640
57660159
91102366
205971072
65007032
2776393383
2780866447
2778923450
179299601
184530449
2779299062
2779840235
190832808
2779058951
93377579
2781252052
2781138068
2780349689
2779693237
55834269
144929662
2776257305
45135082
83163435
9725762
1274191
89670471
2780474128
2780938520
84355842
114866470
94866938
2777711530
2778859363
2778286844
2780689818
2776219385
206913280
18195233
174113412
150301577
2777881612
2779312055
2776139198
2776600794
2776921997
2778483055
63134877
2778562680
2781444217
2776592782
2776559029
21099588
2776524907
140170286
2781034357
101846000
72218009
2781402841
19096712
2780702748
2780275479
2779437648
2780928776
2777300424
2778864054
143707976
2778005585
2776480423
2778784888
2781363265
2779065923
179683326
141502135
2778162363
195966933
2780144342
2780046163
2778377196
2780069706
183346369
2777227177
2776975872
2776452512
2776263912
180456769
2775945657
189560676
2778447161
167752473
166827900
2779705425
165705269
2780896710
2776950883
2778673645
175025494
2779595802
206217203
2780421641
2776692393
6878162
155739000
76087492
2777453620
2779762549
2778283776
2778019836
40410261
2781292735
2778712577
2776674144
184007900
2779912424
2777599793
2778011250
2779434336
2778764671
2778540060
2780098031
45622825
2777490773
48891531
2781248968
2778877411
2776743544
2777718735
2777209669
2780724120
7465953
2779814096
2777347661
2779192177
76073288
2776646053
207172963
87889798
2777570904
2779954815
200624784
2780873137
44946999
11066294
2778408412
33791563
2781091788
2779440478
2777264333
2229670
148126853
39376844
2777321391
45237549
2780689742
35437416
165790156
138190909
2779137862
2780568316
2777731549
2777747085
2779883991
40566830
45670362
2776929884
23797150
2779352166
2778613245
2777765850
96158874
169649730
65612915
2777400322
2780901880
84666643
2780913512
2778893067
2777966549
91421501
169028281
2780947464
2779220166
2781091083
2780970883
2778896120
204434749
2778793278
75050079
2781379005
107807027
56084127
152802845
57389965
2781448223
2779860848
191548909
4430244
2776188456
158502994
2780714037
2776598745
2778675194
60198574
2777438973
2779055911
2778375527
114428461
159144042
2781407128
2776517727
2776303968
2776137420
2778995713
2776607342
2779445257
207209096
64133820
2776504237
2778631509
138163185
2780769355
2780002933
2778213722
2779231664
98965940
48235672
2778870860
536487076
5288139
2779253866
2777258529
2779465119
171820377
43294280
9596563
2776352690
84888623
139749660
77119945
2780166988
143969707
127491075
93032955
79179835
2780338674
2775884009
2779935661
121955636
2776571042
2779994283
2777138686
2780004111
2778189681
2780046271
2779423855
48900799
2660017
2780332213
82419060
2780539722
141083326
2780423516
77269340
2776972704
168622461
2778630691
2780336097
44413496
2779313860
2776266046
193719657
2781249701
74510933
137725906
2781184186
2779965516
2778964270
2780569737
2776857727
2779533015
2778030769
2778665708
558299567
2776149234
2779662010
2781444893
2775912474
2777911276
2779587354
2777228587
2779774685
120650918
2776663268
2777210712
2780431974
2778915289
2778976927
2779168726
2776607717
2778456587
2776005060
2780156850
2781271479
2778397037
2778167749
202886960
2776225782
40862511
2778016714
2779143981
2776579465
113631901
2777660156
2776691689
2777734198
2780100230
18411377
48721391
2779228913
138449139
109168655
2776974305
120823896
2781138811
2780931655
2777669775
2779392874
2780110505
123961466
161473905
18347183
2776811488
2781329844
79002280
37703655
2778136796
86223996
36673458
2776944306
166106486
122904529
2778545254
30636981
99821215
195487862
2779802109
54178654
98752147
2781070176
2778430866
28613373
130090626
148322612
201915964
2777217108
168432484
90329073
2779338949
158805324
2780964353
41282006
158707315
23952128
90486388
192620184
2777329610
2778371630
95727064
11039479
101276457
2778643809
2776842273
175647561
2777606976
2779409969
2778367580
2776496525
2780550584
13164825
35719930
103995592
34375142
2779668069
54947200
2778540153
54111016
2780039032
2778989382
2780870284
2781424383
165281341
2780023651
2776716695
521378702
2779611513
2781083359
160471959
16969640
140060971
2778897053
135504590
2779912457
21980080
81543358
2780378763
182767506
144553756
156749511
2778088946
140181557
2779629460
2778883188
2779353670
192737826
158876240
2776502694
2776756026
2780060125
96535974
17738144
203310129
72445522
132244637
202181889
2777396006
163128081
9000899
75577371
2779181404
2776896144
101862033
2781129745
11066176
2776271055
2776400032
2780261490
2776562857
2780033820
42411275
2776464810
2780029237
2779653762
57961117
151580194
2776902269
112846952
2778449706
2777754422
2779464149
2779877882
142378482
2778666140
2779119712
36444102
516990006
2778966073
2779326687
2776041904
2775955497
117774814
2775906566
2778050483
2781262955
2777627754
2778368945
2780128597
50324151
87980944
2776003135
196324498
100716732
2780898816
149215556
2776800415
158016649
2778772634
2777339212
2777832980
2779915080
2778588649
178595485
2780757539
2776801973
2779879191
2779162370
2781165996
2779579537
2777500981
138262166
2776930981
93660009
2780916735
2779652781
14911803
80958533
179681481
2778189045
2776057508
2777807835
143591128
500818516
2776142675
2779144140
2778202681
10616337
2778708356
2778438495
2777425711
2781093914
2777255423
39302471
161313399
2781271063
2779416230
2781106871
2779346075
118698210
2776650443
2778221768
2777085499
17626490
2778779260
2778289769
2781075165
2777558089
2779769154
79953894
2779784295
161599624
2781065104
182880085
2777125446
2780039872
2777082276
2779427263
2780966278
2777979260
2777331785
544937707
2777538793
2781442496
2777554316
2777591371
2777171531
57936825
2778548152
2777928022
48840187
57208329
2781437837
2779836051
91887955
2778750244
2776471215
2777546454
36613032
2779190738
45051096
71199308
2777739716
144486260
2778980160
50417146
4193087
2777717705
2780547683
2779700012
120564339
2775975906
2776574205
2776357260
2776408302
175112906
2776113583
22270272
48112700
2776096674
2778663214
101719484
2779107662
2775834023
2778137712
2781145028
201736846
2776586997
23819201
172709515
197142791
2780606733
2777338717
2780729894
163737698
127868386
2778860618
113216237
2776115432
2778747415
2780206446
90992651
2778392974
2778885392
139341118
59406087
32896092
64589626
2780899237
138346754
99098479
2775975545
2776805697
140423589
4166634
190703774
109286505
2781444942
2779019792
2780732561
2775850394
2775867577
137920197
2777540052
1022313
154886037
139569457
155292568
189261614
2775882419
2778079644
2776851888
105138414
2778007957
189076506
2776002357
28129649
2779317118
82843974
2781187860
10357712
2776551598
2781426361
141570072
137913393
2777679276
22508944
2780143028
2781251582
2779763251
73938075
2776449695
130625013
50221012
2780561120
38904191
2775944049
105387459
2777107518
2777321440
2776458836
20889592
80515813
69075527
33363809
2781459529
536601067
2778204266
2778513445
2781472820
2779116863
2779576546
206278253
2779432606
2779733353
2778222704
2776854086
86637286
173921975
2777860616
2776164448
156073051
37616216
2780108426
174106034
97026474
93236110
2781052828
2780834584
104946779
2779644883
2778583298
2776507841
206105139
172008318
2779931795
20879000
143801662
197663118
70105528
138893092
6306372
2781472272
137394190
16520705
143577758
95987869
76281924
2777473121
2778738759
2778475510
2778414806
2777790140
102177615
2780933327
2777181606
2776035870
2778605236
2775988158
2779347749
2776828378
2776230019
2781176183
58294127
2776678367
2780130449
2777601474
27989647
40635234
2779027068
2776942845
2778922768
179346444
2775892784
124670913
2780319250
2776313976
55052410
2777707707
46909440
94107157
2779779305
2779791403
21780383
2780005314
160623529
2779107555
2778916833
124932975
112698675
2779967097
80099950
2777296658
161782682
99444858
2779081177
2779941915
2779136266
2781375701
2777064627
2778664945
2778327640
2775850723
2780318896
2777984101
2776349023
2778181486
2781111828
137606519
121062744
163904656
551662922
121964417
2779307704
2779407595
84568339
2776964894
2779133426
2781313679
2779876995
186673887
2780373403
2776679689
2780517887
2777477620
2776759438
2775976724
2777243522
84722986
2776164194
2780253760
2779701549
2781259832
2776825616
160762548
2779901670
2778551992
30755413
2778509925
2778579874
2780987830
2776714086
2779922397
2777428466
2779474039
2777968963
24683644
10619365
18667559
186540954
2781310284
154815372
2776597915
2779223135
102529408
53996427
2777058048
2775834888
98088147
2778022039
2778132903
2777262119
164065428
2777348855
87450203
2779929061
2777682447
4577558
194015989
189848572
2779522777
2777502486
56479603
2780082898
2778030613
2778165573
24204470
2777120220
2775844827
68991459
47648889
2776202965
2780666506
2780615719
2778887099
2779309563
169743794
25328781
184062371
12017312
32096568
532745227
16051113
2776236083
42211076
2779613991
2780015409
8031360
53858194
33364599
2776083563
2778985835
136221606
182769425
2776034101
149489383
2778463892
26733027
2780009023
2780951829
2780637533
2776428473
2777453605
2777315826
2776797325
2780573475
2779469669
2778864838
76003450
2779516816
11489865
136236421
536812576
2779630410
2778732003
2777289082
112633954
2776988154
2777052380
3468817
117996083
5496284
2778230932
51303962
2777644045
176656760
23678191
37653941
2781417400
2778661386
153551824
78382760
2778986245
2778091849
2781362735
2777297950
2778000738
2779275176
2779028930
2780564743
2778866071
117131394
2781030367
2776331940
175154034
2779719771
2779961822
2780550577
33199155
2779370449
2777932065
2775849167
538316197
2779140086
2777930907
140577478
2779323681
179627306
2776863375
2776229029
2777375223
2780860898
51926234
105458232
2780066980
2778058665
2776811333
2776422240
31367271
2781320857
112547497
2778945984
2779180946
2780680512
173528823
121465283
2776893234
2780806564
2776932328
5959244
2779825465
2781268272
2779174555
2777109904
150577722
141612008
150130657
39453970
2776615145
163174359
201049251
2779936652
2777133494
82279013
199226685
2777583168
32989238
2776158436
2777677772
112353543
2778227683
2776961342
168042013
2776922125
2775924866
2776877248
125889939
202093079
2778780837
43039823
2779080037
2781355040
84840921
2775895549
2779925150
175353025
2781386606
97509610
2779699254
172428447
2778269094
2781340655
137335462
138142054
77854861
2781180851
157263771
34809806
140582190
155530773
2777048604
48862921
56292299
2777520321
66095648
158107759
95795151
2778445587
2780848348
2780040028
46224699
2781108859
2780838347
548217281
151685090
2775989256
2777003716
4870953
95821633
2781409117
2780068950
23742544
2777453635
2778459065
48879800
144133560
146897074
65067816
6680659
26457952
2780541821
38040475
2776046617
119513131
83875123
2777371466
72545691
2777941463
2776344727
99400440
2779739280
9778290
2779716410
2776287361
2777216475
2781078320
174263978
2777482880
142821946
68389820
2779096149
120101462
2780562538
41935712
2779569929
2779799902
146095297
165060548
84049019
2778784530
53299243
135981907
97434675
2777708215
2780471320
2778815883
2776885184
2780664100
2780389739
74734477
2777124086
2779171537
2777140500
2781239113
2778546116
2776677110
2778992998
2779427955
2775975332
53132857
182533577
2780230121
2777087782
134632028
2776931825
74018784
2776799937
2777187803
2780202544
91419387
2776202905
57495647
2778542475
2780589280
2778333325
2776990633
2776976423
97330809
1898038
107036222
94644931
2779792062
2776615197
2777347882
2776733995
2780951941
107646953
2775841673
194115793
2776570662
2779978382
2781010542
2778689934
2781289507
2775980259
2777339215
166905480
191007597
2777536074
2779579939
2781354064
2776203163
2778473050
88477975
2776294559
2779201015
2780701564
65803133
2776078657
2778011303
2776346429
2780058457
2778890966
37847524
164318083
2779366248
2777209242
2779517524
79355281
2781005811
2778996663
16419354
143385712
56995899
2780785480
2775937846
2777246536
2780639151
2781241048
2780921165
2779971977
2777758958
2777738643
2777649027
129489539
2776094799
2777617822
2780368139
2776822698
2776259030
2781185899
2780737637
199286143
2777708554
2780479274
92797178
2777612732
107694188
150672426
2779863529
148901597
2781139955
135611152
2781326669
2776995063
2778515151
58003389
202655437
2779836642
2779518175
2778114724
180925905
2776232288
2780196998
560292
2775912767
2776494563
2781386459
2776159569
2776643623
2778219126
2781314241
2777841327
2777243687
2776972250
2778648910
2779736673
144587487
114938261
2778510605
2779587099
92956704
199450454
74048970
189954958
137577040
199104845
2781006572
2779931205
2779861433
2777136853
81931697
2779707562
128485237
2778275925
2779985716
176239081
2776275751
185499921
2780436226
14740148
37836645
2775926139
59149807
45239380
42628150
193809577
113905469
2776767093
34304273
2776488246
35083754
12958728
97628146
61142667
2780108699
2780163157
2776539813
2777429365
2776129165
21279758
30030105
2777848804
106458219
2780973918
2778970417
2777404366
201033333
2777064782
2780015134
93782291
2776372097
100763855
2778063263
2781006188
2780875065
2780527008
182312990
2776736423
2780176501
193669473
48284413
2777282899
2778677417
30634857
2776623408
2780885638
521423885
2779241566
2776423422
12472996
2781151444
101710237
120527767
168037739
109913693
2778816174
59399099
119599318
62126406
2779916110
2775930393
148226144
2775831120
117938511
183003079
2776441814
17520062
176614153
188386629
114708693
2779180620
2781191360
2776902624
21560738
2775968835
158066952
2779078854
2777812465
2781229901
165029466
2779541609
2779330441
2775860185
32252159
2776464061
41640778
2777871818
82807407
175223733
65086579
2776697845
37675342
196390999
206985329
2781258388
2776004731
61974975
55083755
557009689
2777956113
201543015
2776555948
2777373125
2781009383
44104985
2780629733
26011011
2776655292
65257409
2779159216
144558754
27142793
120009192
2778598824
2781290863
29512800
2777542186
2777268473
2776951577
200870193
44750222
46566240
2781131724
56213336
118661131
77913304
2776922509
2779129704
2778523537
2781214586
2780576858
202194681
138838536
167017271
2781081570
73116969
185133828
2780438664
130424731
136006765
158452297
2778957530
96562676
2776684213
38815200
19963470
2780001282
64714049
144316380
165937103
56408696
512338625
129011618
2779166072
2777818248
2778890369
26869875
2777290162
55451941
2777098679
86537402
2780734583
92083068
2779449553
144758338
35532855
2776102321
2779146283
2781018188
2780476725
159480233
48054543
2775997200
2775933567
2779577709
184568831
125502
2777566794
2779081730
2779999907
2776841711
102723702
176734034
2778597612
2776068643
4163816
2775929433
2778350231
2775906791
2777384078
2780828775
122799041
88701814
2778731610
2777664388
165033091
2779349709
2779544567
2779967186
2776115572
161824219
2778231660
46461501
101336063
2776731194
2776300727
181169782
2780559388
2781154122
2778093720
2781264824
33556415
123538878
2778067811
57375061
2777742816
181282483
2778992295
2778782394
2777459780
141712126
2776659427
2780850388
2781075638
2780609069
54203401
2776228155
2776647062
193525677
2781362223
2777630581
2778337930
108713360
2776168180
197902972
2780903623
55923875
53878828
23922673
2778764706
55187605
86187758
2780846222
2779041718
2777456531
2778829791
2778000688
2777506082
2778273856
169029255
75434695
136708423
2778074355
44309892
2777269066
45619296
2777037898
145351099
29418244
544072693
2778143149
122380538
162118730
2781075528
2776529965
2777201009
65297337
81503111
2777944204
2776689565
2777709352
2776218570
2778632828
151355145
2780402976
98108278
85106312
2775892743
205007979
109888216
2778489760
2777611384
134697681
2779237526
2781429611
24373527
28451198
9952682
2780646309
2778655148
111008707
2778854227
206757995
2779343736
2776450744
139203340
2780414751
2776910834
89249532
2776403918
2776919149
179041027
2777368115
2780381905
2779581664
78173224
2777260949
51591253
2779646792
503426891
2776829468
2779150434
2776849382
43326092
2777705106
2777714007
2777667431
192081164
2778380070
2779631092
2780310872
2776455705
2776917687
147239956
92579790
2779895749
2780141045
2778553590
65824443
2779231620
2777998853
157399126
43089589
2781268102
2776204020
28761237
92361134
73858035
2776319902
2777063816
2777321096
114118609
2779303836
2779834249
2780595092
2780373534
2779979418
72414096
74275925
2776167287
2777939785
2777026680
2777382934
78597825
2777512489
2780236659
2781455106
2777481183
2778782607
2778048464
203425792
2776015216
178791929
21021354
2777865504
2780005421
2777894389
158713421
170899376
173053258
203194045
145761501
2776731814
2777210155
2779815580
2778365912
78285338
2776288494
2781027943
2780680670
2778337023
199521495
52272595
32716201
126994473
2777911440
2775908996
2776806384
2780579389
126285488
2778247609
2781096511
2777661972
2780875161
2780205027
2780955997
2777517280
80468805
84566663
2777733785
2776464009
2779789512
63545947
2781030141
2011517
41022531
2780298156
30589699
115273593
81934813
2779520441
2778973398
143910263
2776405387
2779147611
43269997
166819830
49034341
2776174695
2779265331
182387132
2778241047
182021174
2778668594
2778514182
2780186800
2776444413
69048361
2780743236
108578832
2781128747
187179951
94184115
629919
82264774
2777952967
2780810489
2778603538
95982191
2778108292
133825834
2781127438
181230689
2780052436
2777302077
2779327488
70784835
2778658024
121179201
2779652347
2777279104
2781174424
37917861
129145922
2780888560
2776731466
191093397
2777509107
2778943661
2780587570
151731079
2778582230
2776512959
76306611
510755694
2776076839
189188589
108087509
2779107966
187687199
112136304
2775841163
2776798732
108474776
2778069350
29513703
206613426
142450864
68595000
2775907907
2778385573
181121674
10590034
2776654784
39641572
2776242580
2779108270
2779483062
130005797
2775882210
2778837543
24308983
85510643
160383950
2779101040
2779991023
71256033
165489993
57918260
2777042129
1622189
9233905
185765463
2776746854
71750763
82740854
29944286
2776026212
170119771
29264003
105235620
2779974535
110217358
203700910
2780136215
74939039
79184162
2779993972
2778648089
2776028465
127576917
2779817873
2781406213
44723521
2776597285
2779755853
147101817
2776467549
2780602777
82307848
2777660394
106920560
2779613501
2776312432
2777565862
153364924
2781332510
2781429406
2778121344
2781194009
2778269237
2778210481
2781367065
2779473964
2776886223
2780042170
2777763362
2779881354
2779749992
48185193
55004796
61063171
2778474051
2780287292
2777315402
2779505122
2776613951
2780926777
58033187
176230804
134750763
2780487296
2780950746
2779806880
2776802304
2778047619
2777201701
2780141347
2777875137
2777147637
80890224
2780660336
2776314989
70133500
201650216
2781312584
172195485
147808555
120310109
2777675365
2777865929
2780002019
2780486253
2779230361
2776256503
109948328
2779015050
509613553
125258956
2777565287
2778217363
2780628412
2776623338
93390045
148415826
2781179580
2779726994
200635333
97044346
17483445
22674136
2775840738
2776527260
127447990
170077801
2779334263
2777672014
2779942698
121398111
98495876
2778875554
205208723
198004926
192639820
2780067215
2777132532
2779673447
2776208913
2777298200
2780928419
2780238556
2779112852
2776473410
2776973486
2776462828
84462431
165672731
100773728
2780818485
96498560
75701414
2780859788
127721236
71508700
2776878452
2779132237
2776856389
37952496
119335261
2777055400
2776352464
146342590
50416739
2780350541
2777014229
2776662940
500651147
42995446
189815933
2778955916
189423186
2777567961
46934059
2779926982
2779445047
27254500
2781433648
156656230
2778054917
2777823127
43296314
139268390
2776568704
2777740763
2777463520
150998963
2777893452
50919742
28888115
2781334955
154307955
112951243
80427078
76975
178350159
19276576
2777533032
2780504207
2776039687
200046510
112907358
104859751
2779771686
2780459234
109271563
2780757190
2778838397
2781034083
2775978638
2779241781
2777664829
24189920
64548403
2777284652
2780895001
23922727
2777754912
2776123947
2778359880
2777127849
128676718
2776113264
2776147538
2778251413
2778169210
2780917687
2780872783
64368004
2777243954
103423482
2781091668
110446960
2777956518
162077342
2776098513
62219111
2776614868
2781395280
195289821
87829876
2778525767
201316295
148704268
2776653640
29185160
2778820799
2781251770
2779554522
171884676
2779400003
2779055558
199530205
162704800
2778490972
2781382333
194682029
2780508918
2779296834
2776092450
176632266
2776617455
50462806
2778914735
2778725519
80441148
159972889
47941915
67986102
2780181841
2778460977
2780389337
2776216168
2777473520
2776447094
2779001035
2781372084
108923987
2778108091
2779732188
2779611367
2778878557
2778831089
26548047
188159781
2777405973
2779036012
2776829990
163352659
2780506451
2779836110
180916674
125696635
2777235064
2780598053
2777016538
5600068
2779737124
2780634740
506796395
2776890616
2779183453
96876682
2777762402
26021514
2777291109
75796644
2778054375
2779529814
2780291661
28277920
2778208608
169677936
90937171
2779051552
6964187
2780091716
2780924533
18991353
49770933
22344907
2778720931
524570535
52008547
2777396268
179591994
2779616016
204468989
2778562551
12532035
2776805699
2780138423
2778098874
2777724570
19351080
109574028
2775965838
2779125835
2779216152
2779298946
58202505
2779150987
180464530
110350745
82965856
2776949567
2777482915
2779202806
2777167254
2776970908
2781386248
147616953
2776018505
2778832681
2779803996
2776235579
159998540
54649085
207467718
2780840467
2776275130
95609273
177225278
2780280939
69288384
99533047
134534570
2778597007
156223087
185243290
167908162
139472381
133930124
2778137909
43595421
2776245486
2777650806
2780454441
96219163
2776782389
2781246269
2778873167
57903820
99560960
2781010172
2779758020
2780021719
2778829437
104861157
2779685004
202189257
2779396426
2779915905
2780306548
2777932559
2777960535
2776013275
2777648981
184214880
2778671432
1525070
2779084295
30027559
72570339
2778120210
2780193402
2779890429
20171934
2776922315
2777065688
2779209188
57693453
145021104
2776863845
163428354
2778116318
532605144
2780737666
2781343974
143057031
101959639
2776375484
2779438601
48451196
2776655192
2781408896
39511330
2781306060
2780028184
2778920669
114083850
2780034244
2776229907
2780129338
2778275047
2776629558
74514629
2776973835
2778481086
2778756733
55674860
2777159228
138253771
101615574
2777313987
8293153
2777453104
135510737
40113805
6480490
38661484
174287018
2778180484
2778032659
192481860
23424877
2781049881
147007100
98014903
2776990979
869728
2776375665
2776341274
2777649786
116993041
2777568189
2778907509
175513622
108018779
2777025196
2781276636
2779125090
156338879
2780592571
2780309607
2780560479
2780726483
2780642237
72327186
2777077300
2780408124
114007126
2781048586
155030161
2780060981
2778031359
128029710
2776729464
2776766853
81978289
178016937
202973968
2777351553
2777724804
2776297055
2780339452
135813574
2777595322
88398355
195094911
2776478984
2776452384
80799131
2779443782
2780889827
2776505452
2776112055
2780534097
201280247
2777364186
2778634694
2781463594
194375921
4329239
112115583
2777455051
525452385
99083076
167626555
2777328224
2776578827
154598566
2780083755
148761745
142034724
90287048
2777709733
2779854948
2780409567
57613401
2778428821
2779408593
116168712
9384895
198694475
160196461
2775937065
30472729
194872599
2778469712
2780743171
2781410264
30505746
2775948099
2780850279
2779454843
2776499299
2777174672
2777587884
32768728
131357253
57017900
10138342
2779382077
180285013
86275758
2781196155
87449379
76485209
2778268849
2780956978
2776245402
2780795282
138060521
76143314
2776822876
2776601338
2777739382
140781008
2780175970
506295513
2781113435
2776492198
202451310
2781285619
2780299701
2780592368
156234807
139043278
2776060655
2778908629
2775902765
78872851
2779047222
2779066884
2781189728
2776868930
48243021
86251818
2778834186
2779948448
2871461
2776808784
2776708818
25116234
28370254
2776812672
2776141452
2781343518
2780837821
2776428489
162853370
15430695
2775837209
2778749631
12747933
185822510
2780516364
502529886
80964368
35138590
2777149296
2777321260
2779055846
169549615
207609745
2777570792
2777734499
2780308368
174365491
2777435780
2779475766
2777330165
2777499581
2776096238
185669311
2781451257
2781470863
97597991
64785246
53632558
2781387627
157091578
2780643947
78508483
167630828
2780184675
123676719
2777276756
2779540483
71909290
2776359467
2777187537
2778147688
2777956611
2776470804
188132914
7255302
2779735466
126159913
2779279529
2778778939
50787887
2777973936
2776358904
84886770
103565092
85718752
109606198
27504089
104247647
21877207
537338633
2778812363
2780698771
192897481
2778330429
2777294513
2780962473
25079594
181879709
46839409
122118375
144031788
103659442
163442688
15168022
2780596312
2776299251
194598616
42866809
2776643187
2781094592
187625094
68186192
196083921
2776595925
2776155449
2781280883
2779911256
2779546711
2777748592
128694398
2777346667
94704589
207970023
2779802073
97949498
2778152045
67616677
2775954046
2780088150
2776853237
2779009585
120752739
101472132
175700187
2778637750
112930515
2779253855
2781433907
39389867
2780424272
2781024653
94261156
127898587
73277142
2776892586
150334834
2776734221
13309458
2781225241
2778276827
2781461121
2780675842
2776427084
199516635
2777679245
94196362
80212096
177309310
2779111255
2777382958
2778621432
179262372
72868586
504631918
2777483770
161741011
2780746032
113092710
61047874
175992601
2775897892
166580257
2776064011
2780464182
515047426
2779678381
2777627711
149199144
2778421156
2781391112
2781138619
190539079
2777911289
89778704
90420525
2778099329
2777203310
2781079896
2779169798
73528240
2779492575
118558824
169257142
2780170274
545102676
2778519575
2776916430
2779110629
2778993002
2775976693
2780588585
2780758577
2777014519
22279266
103648661
2779459618
2781108611
2779095830
124016023
150241267
2780232260
2776671347
33842695
2780906723
2775924384
2777776713
40700
146149330
2776973078
2780408383
2777956659
37771279
77197577
2778966433
2777998994
536005652
2781426564
2780516451
51485801
2780739309
65498289
2780625559
22738907
2781183061
2777110100
2777758046
552378276
2779317983
50601946
2779931541
193474419
2776657357
2778720795
2781210172
2780274960
179828480
2779361543
148462942
182931732
120397944
159517358
84309077
2780114766
39080725
60530377
2778362435
2778698828
2778444450
2780363619
125308379
2778137473
2777218013
2778074262
2778051729
2781353794
2777551898
148845407
2779454638
5861761
2776738710
146406624
4726683
2777370211
2780099445
130762594
19263331
2779574694
87296293
138824270
125706105
177235770
2776821178
58048580
2779679471
2780014084
2779250336
2775843471
2776887082
2776549986
2779773045
2778119015
339426
2779096044
2781354390
521023471
2778330380
2779175790
2776834576
107584723
2777687181
2779569915
37752577
2779904580
152455256
2780502552
163657073
15241564
2776916960
2779697408
121615247
2776696647
82775222
202033279
2780222605
2778583171
2779496495
2775946882
74511102
2775891139
200630462
2781337346
2779270055
2780766029
198218300
2778781121
160236029
44648626
2778957972
2777011724
107235782
189429903
144229578
2779958212
141100683
2779161103
186490961
46717995
26627612
54040653
2781004930
157714500
2778599437
2780418674
2776237423
156436729
137308460
207556602
2776375307
28829305
2781284563
2776788908
79850504
2781221134
26466937
55322685
34706063
41725355
2776546220
2779487544
2777358910
2778832405
2779221536
2781240625
2777271991
23925645
2778281098
186797051
2780157995
47375454
178408851
2780230985
57696902
138170105
2779365664
2779916396
29865150
2776477725
167548438
159091798
2776299388
2776819885
2778009494
2776199152
2776195949
202688201
2776811119
2778314206
2779036263
2776548250
2778015953
179036041
2777979509
96375826
2776797986
181889124
63240072
185824701
24416426
2781284058
27416245
2780503467
2780992869
191602146
21337479
2780695111
194191399
2777080565
2777950707
2776967331
2778976125
2779861663
2779299186
124972522
2779173250
2777762518
54236910
2777290830
2779879634
2778986634
2778852234
147147588
2777707626
119059837
9749610
2779669084
13290067
2780402437
2779599881
2781200088
2780229656
2776805211
2780980743
2777782279
21425071
2779336638
2780465195
164188168
78244369
2775973004
2777751599
2780902516
151174432
146880194
2778979077
2778636908
141971597
162058803
2780330982
2779646934
2776630314
23042974
2779942391
2776311655
191953296
64644743
2781288175
195512640
128044525
179691888
115009938
47768683
2777535992
135665773
2777910564
2780635410
2778660142
2778103953
2776985236
71536947
2776374651
63149375
12718992
2776670216
2778877846
2776743220
47702881
2781039247
2778121033
2780583209
155508913
77273772
105639569
90647365
65146658
2778259744
70484302
2779933905
2777756795
2780692250
2780910948
2777157146
2963695
2779332521
2781099861
2776520693
2778001522
2776339699
528626486
36710127
60288262
2780577456
162754035
148809678
6927289
2778593876
2780199784
27795528
194304873
80284016
2779513878
155938759
2779194459
2779064740
100359635
40003211
2779556663
106381910
2777347956
2775940160
2778995842
2778619771
2778596440
2779598506
2779712439
2775970522
2776623912
2777350553
2779962586
2571954
2776005671
2780500095
201924789
61927010
14391329
2777648813
154527381
2780266318
2777954221
84148228
42012324
145097563
2779069500
2778311368
63825184
106306483
2778829522
2781193068
52572940
2776727028
2778098808
2778360886
2777615071
12888745
2777596524
2780689616
97366136
2777861707
2777909354
2780837152
102289811
108169481
93103104
2780130636
2779636856
165275437
2780138845
70783478
68842666
129915516
2778837332
2776774651
207972119
2780789153
2776382563
2778367951
2777691475
2776993869
155984872
2776936284
2777313954
2776662681
2778487883
45296417
2779084582
2776119655
2778458748
158514216
44731940
2779821165
23138022
2781179572
2778183242
199627807
2777155741
2778085785
2780278847
56051852
2781266900
2780469320
93373587
85541252
25610795
2777001439
2779245251
71110296
4698774
195724061
117219021
2779764297
2781320453
39872662
25473177
105152847
2780329448
164624739
160921499
2780611013
2780092978
10688316
2776904427
2777638205
2779282124
2777602141
84387397
2780420213
2777829672
19736811
2781254421
2776372959
2781415417
96405632
2776852006
2780353943
2780682718
512170562
24446708
2776736093
2777544550
93965254
2778754525
2777925353
2777259798
130424004
166970017
183732909
2777008152
2777942731
184015898
128886652
2776266596
2776037352
2778218596
2779412353
54310533
2778770122
57998071
2778027608
2779989486
2778673219
2776941537
2777406596
2779872277
2778421169
2778274211
165786947
52092804
2780457248
2779438254
2781250420
43071985
2779619088
2779312582
2780278329
2780323203
128225457
42068813
86743352
27636071
2777483628
14667178
2777993248
2777534515
202286406
2781222759
2778302417
198043103
2776700896
2779248518
2775954502
2779311760
2779795779
61031149
111771559
164341531
4355832
2780532884
2776127334
2779785866
2778132047
2776425215
2779642330
2777025878
540431452
2781016034
83867959
175323726
96777408
195813598
2779596856
2779928471
173397126
182230903
2778219864
73380752
2779902172
2775875300
191511416
516187249
27295321
2775841498
2780334105
178297102
150418976
97483426
2778806420
2778076366
30946186
46004386
58546491
2777553187
168785665
2780402684
2779993358
2776658688
2776766929
2780747039
135448495
2778555157
2780243369
2776915394
2780557796
98825075
155301685
2779035403
52085439
2776959873
95837238
200314049
2780401091
2779200820
2776300534
531745192
158561033
138601373
159198006
2776323388
2781353879
2777986975
37770574
2779888705
25070020
2778350203
2779683493
2777288899
2777480472
2778985477
2780681036
2777709473
139819358
176311302
2778224600
2779743970
524878704
2777110788
2777285889
2778485453
2776236325
2780975099
2779785377
182408735
61350934
2776056054
81749938
2777716548
2777746940
2777693900
75531824
2779805858
2777952864
2779917138
2777666435
202552767
91760546
2779896031
99369119
2776109892
188052328
505815749
78946743
2779590342
2780195298
2775884301
2780661819
2776704761
2776952685
2780821815
202655504
2778737534
2778728124
167416602
67577133
2777153599
58341921
106803007
2781062016
147284848
85345410
2781376426
6177178
2781468064
2781467665
105842133
489367
39658296
29010130
67829756
195338700
2776651077
2777429807
2779807544
2781255757
2778464000
56615444
2781406851
2780935168
2778886502
192063788
2778764126
177688676
106201281
2777463667
2779258771
2780323524
2781101481
11906137
2777802595
2780032885
179886680
44842133
2778159637
2780586966
135229493
2781331696
2779965177
2778340177
2781333788
2780652622
94128290
2776600044
165807764
12834510
24649204
75092926
2778571887
2776690572
118315980
2778028134
2776593667
96252135
2776419517
2779439963
2780668729
2778748111
93032411
2779879785
2780486837
2777410747
91403968
2777233609
2777781425
2775988639
2777847459
2781090088
2777605701
101675442
40627559
2779892875
21654378
29143872
169824061
2779605170
53941439
199364280
2779870291
23032112
2779772938
147243753
2777114039
2777700574
2780344220
2776019402
2780525449
199915308
2776675903
109354906
2781230680
2776045127
86457295
2776909637
98105287
192975520
2776874277
183206440
2776963731
27850374
2776349024
2779871187
2777611584
101252448
2777129469
2780340567
36829320
153693270
114886758
39570901
2781080422
16759151
95578405
2778078003
2780110997
2776404497
32360154
2779216906
2778666464
2780527195
2779899347
111177808
2776408832
47096860
2776709581
136703025
2779522701
2776082968
113679137
205548138
80993251
2779564074
2776232172
90561083
2777977083
2780004948
2776119429
2778745227
2777535751
2780419016
2776811073
116837407
2779366874
2776825449
166357818
2778197883
2777264242
2775987268
2780067771
41458344
2776856356
2776709093
54842557
2777763428
40331085
172642414
156152238
2780613980
2777643076
106210156
2777026618
32160509
2777619067
40415802
2781323275
2778632759
2778938652
2780133619
125261785
2777204817
2776833685
2778308228
2778945565
115174607
2781302399
2777291942
109977735
178562925
2778523980
2776319226
2777331011
2779172953
2780514539
182091480
526771534
2776962567
2777637287
109703566
6243943
2778428919
198826010
2778215004
2778389710
60344647
90994476
2780992292
2776388249
2778471402
15306905
25253098
139345896
186633024
202253471
130191384
84749600
2777639076
2776007946
108367824
2780081628
2780434993
2777713905
2779815945
2781334496
2777907605
2780813523
59345209
48538487
29690183
2776610903
2777464466
62172701
2776024614
2780926184
2777260290
33175817
2778529702
2781317483
2777114034
121297759
74153512
27564746
2780999293
2780946298
112947039
51110983
129631789
45971065
2780993503
74370782
174123727
170856484
3307092
2781063137
94919635
64112148
2780387606
2781158080
68799949
2777965438
2777440879
2779990907
198082294
2777999536
2781387946
2777146892
44628447
146937435
201359696
2776196816
9127897
2781292307
2777437497
2776375676
51413319
152771951
2780631258
172252553
14807025
2778135664
182243046
2778838701
33438201
54750564
2781286702
2781387368
2778011702
2781077962
2778982470
2779602196
33398921
2777221531
2776661345
35637245
2778055162
171141877
2776124658
151541453
2777802574
63143784
206859100
2776628786
2781132585
44210515
28381142
2781426840
2778717833
2780035553
2780816702
120985605
36588987
2779465856
2780600824
2781400153
112221656
2777142441
134415985
2775876557
2775995254
66882329
31348098
2780898871
2776193658
2779242095
2779019719
2779932263
184454666
2776855363
2777875337
67037518
15189868
2779192041
112548585
76474335
74359761
2779008359
204812870
69637215
2779755355
2775998408
142038384
2777719469
2776667075
2776453230
2780073189
191256058
178550888
8901936
2777139423
2778728523
2778429480
2780060749
2777657794
2781360931
2778782749
2780328644
30795975
118946873
2777057038
2777817046
2776111113
159863750
2778901832
139898704
2777142071
520445077
131495107
2781240074
2778890260
2775983764
2777147595
110492413
142000545
2778891717
2777367586
2780073145
2778300220
194483076
2776648339
182986604
28730074
29321873
93246554
139484474
2777747429
167275870
2776263639
2778410884
63394406
62190432
187926537
26503482
183466734
2778065690
2780080154
2776650174
131562839
143369678
36181114
2779737597
198720655
129361004
2779236963
84341087
2780495726
2781223440
62694064
130721881
2780587020
2778865806
167002459
184863583
2781186875
2778602575
2777220410
2778963849
2775851008
2779483654
126368878
2778380028
147842934
2778510121
2779239800
2779118283
2778002999
2775842373
171493342
2777276354
2776444312
2775948798
181236170
2781175255
2780186987
2778773005
182306322
182760758
68861585
2778660980
2779542144
529147693
67354355
2780469813
2781058065
2776400934
124936454
139938925
2779579265
2778605157
2778813691
2775914699
2778160393
2776883221
14293393
2780294334
2778530191
19609508
2779901664
821917
2780770743
2780254195
176923680
22241219
2777346233
27038708
2777412290
2776889990
2780908744
2776052728
2781395400
2780258190
2780454678
68037653
2779538086
2777538425
2781022627
2776631005
2776677068
6232936
2779072932
2778588106
172983313
2780845531
167523981
2780768139
2775938767
2777157970
50158540
2777689456
2780671841
9841139
2864544
30228295
38369872
184880459
177640984
2778208572
149933338
2777798842
189922023
2780807304
2779183276
538473155
141571065
2779714113
2776801101
26584437
2780138057
2779188645
74083286
2777603503
111450522
78479204
2776610387
2778456386
70179600
2777370315
190978112
2779715342
69738904
103144560
2778434605
2780228271
171562969
64487391
197378717
64486441
86087046
2778110065
189722922
2780900566
2778315658
2778304096
2777575020
2779973942
60718061
2777764128
30455989
11534374
2776946236
93453677
71052197
2778420217
17318760
2780711244
133441289
2780614810
128263813
2776494836
43884447
2780403557
5891342
2780431167
19288939
141323121
11922627
2779368581
2395362
2779130410
2776803176
2779753162
2776973623
2780309578
2776227994
2781436231
2776579137
152876461
37662734
2780280162
55286048
2776129535
2777988118
2778554163
2778042192
2780595988
2775906015
2779148993
2779911840
33516993
2778330249
2781413630
32959826
26850371
46075961
2780298267
88583849
194167682
178633814
2780967403
2775883402
2778781740
2780640494
128893019
2776525467
2777137640
2775871377
2779999868
2775852690
93906722
44609931
2778776786
130731218
2775873420
40628243
2780494327
47143671
2777525121
2777532244
2780561996
15587899
8573378
2776908627
2780597829
2777963235
193326847
101754097
2777270817
2780051701
16189245
92746720
2777975985
2776332471
2777061396
38070178
2776820792
549876090
177912463
2776207390
2780683415
2778338211
113798229
111326686
2781213906
2776205285
2780853479
2781416404
143219415
180706569
2779028318
2776168237
2778522442
2777112190
2780818112
68387835
186037533
2780514251
2778791410
2779185945
180591056
2780033322
2779027989
2780432925
60092789
89218465
2780966802
171593299
180879305
164516710
2780619108
2777792316
177786464
180185017
2777933842
2779890324
2777687543
2781250809
2779069464
2779538965
137789499
67614161
60679458
2781225395
2781189201
2776994046
2780997998
2778083465
30015914
2780762989
2779845595
2778655473
2775973094
2777471372
4216890
2781396481
145841792
2780341616
2779319229
2780207410
2781405239
69257216
2779957021
148436549
2778940406
2778517661
2777842317
2776048433
37773747
2777008562
80309976
27415470
35280785
2775832466
188985296
170974965
2777461691
95383336
75742584
201305675
67741611
2778867036
121087249
2781198434
2779391423
2777557687
2781061815
2781356161
2776767108
2776388311
2778760646
98716237
32310276
2778032695
2777410568
2777437813
191489605
2776344941
2777482740
150256626
163867264
2778750123
2781424625
2780235804
2777917632
2779441576
2780832612
13005395
16096599
2778357720
122172869
2778106216
2776147053
200707436
2776104920
2777683218
81657359
2776544278
188473649
2778348171
2776830403
2777785971
52837651
2781062354
182777845
2780771206
2777988657
2776746691
194291561
2777281377
174998907
180946718
2780473366
2779812064
183703185
35278167
2775987729
2780840892
2781088195
101026917
2780756850
2775863360
2781172827
2781313594
131397539
2780144892
2780355070
2779522059
49536361
181168301
2781206490
2777769502
170391296
124062932
2779862198
2777292281
22714642
118219659
2780824264
2778933513
2777876016
2779992051
75678037
2778515910
2778786175
16151460
2779066501
104353511
2776544879
510893854
172750839
75956513
2777291341
2776462583
2779161971
2781354227
2778635277
2777313351
2776936074
6175523
118651642
2777343836
119701443
189259953
167302904
2778378232
2780008947
2780527095
2777661119
81286331
2778031670
129209150
73283319
2777388754
2780888632
88398751
2780313560
2779802682
2779631258
2778105114
39229457
7668479
2775834177
2776346736
2778055008
2776678869
93508278
178549432
2777770006
2777595606
187088144
46637626
138153592
2779850916
2780526558
112896921
169528715
2776473512
2779017109
2778424775
2779644931
2781198186
84630118
2777796251
2779583025
158725981
2777801682
2776517437
2776191581
193445137
200573392
24394052
205664371
151392489
2780693764
2778537399
1273860
191380736
2779972281
142470991
143917141
2780757686
143177785
2776867037
2779097156
2776719154
68151297
2778971575
10925273
2776721052
21364161
2779785983
2780859389
18806943
149528551
111280770
2778957666
2778368093
2780894974
2778351658
126415523
41525213
154611145
104002121
130983068
150149615
51966318
2780390741
2778671342
2777968404
2778336015
2780069254
129228275
379567
2777798509
2778721449
2779682063
2778525397
199649818
29368100
2778068136
26885986
2776985281
62625199
2779053541
2780984236
91919044
77118617
117245426
201236551
2779130756
2778805304
149866677
2777011736
2775857134
193321661
169871336
127288500
2780948763
30600047
2780961201
122954677
2776862351
9835338
2776476921
2777488495
131872805
2778591157
60478076
2780829552
164403151
88389905
2781027520
2776126180
200645514
2779216065
2776181196
2778305497
2778571651
2780978553
2778752870
2779697222
2776553905
13896816
2776112498
2777578486
2777293663
2776671398
2779501929
2776496010
2777664632
578966
2778686341
2780966276
2779962852
2778375362
2778253041
2778580320
2778308380
85393063
2778777366
2780183865
68593654
2779673803
54879946
72104883
2779284651
2778613193
120757647
129308369
73688673
2778149459
2778774065
183582576
2776676361
109038407
97835835
2776889015
2780018693
2780400803
2776163890
206103860
190622953
203094294
9272383
2775870780
21131218
2776186617
2778073360
2776966337
2780280791
58812954
2779640001
2779696404
45182516
2779778547
2779093199
2776167212
2777974031
2779657444
2780686877
15724806
2779221950
2776689027
2779490223
2778948927
2778435798
2777582647
