2780040442
2781314755
2776272297
36647736
2776520846
25516864
64313355
15608057
2776907558
64144639
170143251
32423185
110379092
77590361
108771440
2778243571
2779300460
2776893095
85330181
2780714580
191026523
2777489196
2779518991
2780203904
2779619614
2776611523
2779440895
2780359275
2778679518
15553842
2780699184
128228544
2777923706
177076380
517673595
2781387619
2778222686
2777276595
2779153526
2780573366
548263834
58213130
2780016772
511100306
4306678
2781398598
179454799
2779236429
45993470
57525603
2778265151
2777885025
2779127450
136418573
145261411
2778338176
2778076247
92122570
2778096917
2777031145
2780106137
2779496540
2776769935
2780310901
54606885
2776873994
2781397288
2779065236
22833228
522180918
128886652
537216564
2778034222
550972600
2776465043
131503682
2779691039
2746353
2780616559
2779715961
3375728
2778259814
109568592
2779588288
2776874759
128712008
2778621317
2776447319
154866265
79512587
2776597876
2775922594
2776751993
2779724794
2779342568
28968643
2779326394
2776630830
192596820
105056347
2780932374
2781281093
2781063725
2779103072
2780537764
2778273743
46727674
207141826
2780112520
2780676906
2778166635
2776837341
39431504
135909481
2777166456
2777931442
2779321571
2777828623
2778174759
2779923321
2776313474
2776077504
33741171
80205793
58499019
165630861
2776240875
136294620
2780138522
18769396
2776340725
2778914441
2779648627
2777837933
2778565199
2781023794
2779198524
185305159
2777956134
2780759249
2778494344
2778959069
2779787301
16729673
2777640013
98318862
2781396147
2775924042
2778962136
2856821
61189158
2776486101
82341920
217582
173711580
2775877436
2781188878
2777227597
2776505000
2781360888
207873717
2777586442
2781298115
167624593
2776871060
130039590
2776027520
2779800709
2781328590
165671577
26326936
45355965
67463725
2778880830
2777867547
2776097407
2776900795
2779905815
2778374289
2779568169
40046163
2780149446
32464470
2776712267
3716254
2777976995
2779302524
160705985
2778243475
2778687209
2778122560
2778713634
2778334345
102029660
549568155
2780904825
2780198947
90988201
21311815
2779203709
134895398
2778652415
10927478
2778624327
2780388633
472806
67126808
2779151290
66809384
2779129704
2776970286
43349283
89277156
2780794913
2780054728
2780252088
2780814955
132215212
2780903461
58160517
2781040141
2779686501
33905637
2778054127
2780737826
53839665
2779054044
2776605223
2780623401
7655384
2781173295
2777914114
2777092991
16806905
23987474
2776401831
133050064
2778789064
120500152
2781167662
2777858767
146902061
2778852234
68333046
2778957787
2780631588
2777918589
2777122514
2777961915
524211801
2780281770
2776453541
2777846526
2780634401
107309635
2779573214
2779816124
185774338
68062652
106165879
2778686310
90398509
2776021294
56283842
5041995
2780070683
2776184083
2779137300
46227865
2776744615
2781053042
2780472265
2778917851
2780588134
2780120442
81616225
49905341
131113695
2781228114
2777093188
2779558640
2781114768
2776963527
207934291
2778542334
2778980934
2778434805
86256295
2778951378
18317219
2781206987
2776167419
117847474
206987240
2779309647
2778028897
2780421451
96331897
2779549840
184066805
521468368
2780865719
2777821043
39489675
2778073333
2777068180
2776873219
41852734
85884249
35314555
118061837
2779955162
2779722735
2777448206
116219795
2780913930
200380349
87091528
2780069787
2780098792
93206822
2775872170
2781378942
2776858744
167277664
2781426064
2778355574
157483371
14527384
2779645016
2777291412
2779008918
69216797
534054578
44425359
2776531300
2779115470
506626179
2777910284
2781088620
2779386311
2780446394
2781367211
2780583884
2776322641
18475184
2776744804
2781289737
2775883680
2778124909
2780245737
2779177650
508216123
2781077605
2780891288
133462117
205096519
139228662
95667121
78359825
173871420
195755200
2778156053
86172738
115807285
135646171
2780416805
2781235076
53691452
2777176204
2779121571
2778098024
2777780381
2780714713
2775906418
11903924
2779851345
189634115
2777666786
2779003334
28479625
2776696326
2777073957
2776073559
2779909229
2779313860
2780632572
2776011495
2776746679
127982929
558102812
2777219305
188755195
2776428249
525925914
2781304125
2778353830
2778157002
2780759446
2779419357
2780615214
24062542
2777090968
190338456
136968873
2776675990
2777313987
2777482408
2778512971
51552310
2777468361
3781247
30539005
2777844820
2778661750
2779037674
2776465305
2778524649
2778457416
139838865
55457006
120912362
2776831358
2778550701
2780296961
2779214308
2780124851
2776943414
142947238
25032326
2777072931
2779017730
2778812240
2779499895
2778310160
52091035
198087647
2777898490
2778966417
2777853084
47136805
170276225
2777800867
55851684
112741234
2777751833
172421307
140988679
2777755331
19159745
2777056302
2781314025
2778328643
2778303734
2780078162
2776585538
146153142
2780255531
2777619043
2779404958
160253069
2778191852
2778729494
2778547459
2776385799
80217655
159719751
204411529
198446146
2781370091
2778692471
138232368
146854351
2780884358
2780032754
2779361596
2779911186
2777632682
2775973457
2777367031
2780253006
2777748543
177047870
190795008
2777160664
2778898477
94361409
206656598
2780770767
27163531
2775925363
2781210019
2778671751
2776845398
2780765865
40800819
2780523633
2776742367
2780497665
2779383897
3189292
31168002
2779186368
2778391317
81007515
2777520289
2780516451
38480485
193407848
139268390
2779361081
2776839577
160804217
2777765802
2779330705
2779279211
2780895476
2779767251
544119611
173600914
20574239
2777612210
2778935963
20832175
2779941765
2776451968
2776630125
54726253
2778745459
2780720250
2781148834
92393732
192314503
2777731690
155933913
2778965245
2778576526
2779368217
2779396209
2780583685
2778116729
2780030549
2781203887
190425739
2779353061
2776324051
2778031415
2780025865
2779403371
2780136987
201670107
2778523816
66740517
2776075471
2778265923
131319358
190253527
112772881
24570573
159279446
2780239943
44493715
27747137
2777497900
2776430220
2776324223
2779787889
2776139198
179420905
197267174
2779297142
44885626
2779119500
2781163068
169710862
2779561538
2780981187
2780652346
2780952549
29450819
60962346
133743681
2779666615
2776550850
123960582
2776000738
2779025965
2776117281
2779091541
2777639046
2776702143
2778803978
2777957773
2775841973
2776647531
2778709498
2781130093
2777607282
2778968625
2779522735
2777438025
2779987252
2781019865
154438410
2778189456
2778163383
140696310
2778050147
118840557
2780465194
16443162
194523694
136970878
2780195813
2777443248
2779730622
2777216464
112976587
2780855081
2779041668
2777929517
2779942138
58063344
2775938067
2778062554
139570282
2777121897
2778828181
2780005557
2780638945
2779308164
14881431
2775972091
2778499604
190248442
87156501
2778222126
2776906247
2778307344
2777997006
2777993278
2777613908
2779083857
2779354317
2781307814
147513830
2776576280
2776754329
2778937729
2778887150
2778815445
2780640494
2780112879
129909587
2778714735
2781219379
2777065405
2779725984
2780166414
2777914344
141645208
2780081389
2776974504
95334517
5395021
2779478810
52826635
2781290976
2780924579
2777950736
132751094
7881392
2776551199
2778944010
2779022470
2781071349
2777996642
172256602
205251385
2778552038
88064875
24025453
31901060
6990792
2778939008
2781118685
157532075
1344699
2781061265
138021795
2779007428
2779966280
517393431
2776478993
2778178264
137863202
533356498
2780623789
156571341
2779867913
149575653
10864753
2778843277
2779437329
2779747766
2781464183
2777005761
2777288448
2777657414
2777782835
2776311744
2780690037
2779233623
2780335688
2776933062
2777482923
2780886532
2777037372
2776439778
134724905
2780986324
2780179555
2781326278
161150749
2780592174
90301978
2778140607
2780787355
29595303
2777961810
514692045
2781071273
30560066
111147356
47350684
2780936997
13703735
2781341117
2778956270
2778816022
146804397
7477976
2781086499
2777601683
2775891199
2779474568
2776257030
2779884312
2777675393
2778736641
2777433054
2777946022
2778159023
2778097261
2777946571
2775957513
2780087599
194772171
191040410
2776864486
2776934989
26834231
135348716
2777434151
111370547
2779108054
2777211018
7145989
2778983272
2779137160
2777723842
2777830559
15107229
2777904497
2779103920
163877629
2780899920
2777765729
2781424521
2777110145
514839276
2779286777
178624890
186868789
2776313053
2780555501
2778749631
2776865758
2779011557
45504901
2780588588
196919123
2777851990
159334719
2777935283
2778331056
110928126
2780477042
2777366809
2780997200
71898028
2779264144
2775910013
2776166156
2778872025
17022365
71406770
2779641281
2779482565
2780712339
2779289518
2780348631
542530943
2779155810
2776545201
84084929
3794599
203766742
2776945464
2778386079
65580501
2776882368
2776635450
2776193868
2778511110
165148211
2777192895
2780752204
93229074
2778420931
12365522
2777195816
24491925
2776767776
145097170
62456174
2777796450
143525971
2780050802
2779855309
535567245
2779508956
2776810335
2776527387
2779760912
87988199
25287524
100815425
46327701
2776706743
2775842811
99652429
2779098503
2776256107
2777295700
45848440
2776157319
5570062
2776935376
200111062
23235847
2775967396
2776734216
60066950
2776175777
2778002216
2779758020
2778346408
2776279771
2780764785
2779031935
2780114321
2778476462
2781167251
2780300075
2776273917
197698901
134215751
2778702256
63648348
96758477
77379859
2777270502
87234193
2780126709
2779543696
2776033604
205945042
196046790
2778930550
2778023021
2779874056
2776280689
2776435087
2778515922
2780987902
2779391809
2777046079
2778963343
102293001
2778269006
154350673
207712593
167444794
158306386
2778049042
545245610
142189719
168725872
2781324374
7807463
106577941
2778323964
2777802567
2779250424
2778970980
10061420
2776987613
2778333599
2778909611
2779796244
2775967908
178233286
2778442696
62625199
2779194897
2778460372
129858069
2778279454
2777756828
2775909067
31091802
87675375
2777149944
73301696
2779542526
2781004657
94099799
136287216
25414623
2781009331
127478107
92709136
2777371020
143111906
2781418413
2779890324
2776994406
2779298791
46313886
2779864015
107245939
2776948336
2777034806
2779470537
46312422
2777533384
2777480389
2776228073
21372837
2778866518
2781177100
2778403687
2780956412
46004386
40162229
171366895
2778864722
130064352
42608841
2778307362
2777007513
2781166314
2778899386
2780980127
2776418687
505949090
199776023
2778341736
2776580927
49172471
179893555
2781189430
2777814119
2779211846
176730311
2776835130
2781441839
78012757
48158472
2778444181
2779093747
525065189
178895491
105064666
188167160
115292632
2780217361
2776590019
83885720
19417346
38987529
2776675046
2778963084
159032367
139997747
182984027
11884785
2777844037
132733567
2777003233
65563180
2781199281
2780312675
2780877915
2780290016
2780663778
2778419774
2776776935
34637939
2775916815
2777389919
66185432
2780896343
2777371226
2777007368
2777507618
2778570504
2776618805
102483320
92067355
2778284500
543933250
2781304845
53813258
82071709
146935850
16277566
2777012704
2780145447
2778651936
2781199675
2779903281
192183473
47122089
2778936819
2777456531
2780513070
2778725151
2776138717
134819137
2776695243
48482513
149615983
2778571727
2778885411
112252918
508940853
2778891920
2775862886
2778959172
186121999
2776266524
143266803
2778141721
2779091380
2777733773
2781072827
2778483810
2777233497
2778071103
559671405
106432739
101173714
2779979806
2777199835
2779644093
2779990627
2778458154
33569630
2776441110
52641369
2778407155
198254991
2781249446
2779060403
39387531
110475174
2778682974
2780709859
167327282
2776029888
2779695759
552651612
2777408284
111969901
2777299076
2778467200
102803821
2779704788
165305691
2779486718
2779836203
15729860
2777212852
2779178101
2779354859
2781472016
2777602745
2776157074
116631538
2780638425
145313505
2776880539
45859991
2778503277
2780789378
2780596519
2778547261
2778417169
26921437
195201327
2777620812
2778181170
148324565
80640243
2777351069
2778338754
7888106
2777642804
2777625626
90255175
2778534049
2778316933
512594552
2779583504
107993555
2780957641
2777460183
2776135278
2779726722
2778527945
91724965
920782
2779520539
55087221
58486684
2777707856
114799590
2777652736
42997797
10646191
2780129364
2776874517
2781422343
2776587579
2778379311
544874408
2778011901
61090570
2780500016
45597668
2777644968
2776760003
2777106698
2777227123
2777577835
158438010
2781067754
116314809
2779944131
2779376186
545981631
2777733916
146956069
104182661
2781396355
140610115
2778554109
2776356274
91760546
118109098
2780181843
2779150400
2777805148
202493439
2780729830
2780738036
2777076541
2777560498
2780700538
98717390
2780204648
1540655
163224942
2777877281
190280589
181820014
49454757
2777917351
2776466202
2778238591
91802169
16762685
2777014790
2781216213
22424792
2777732385
152755659
2776206778
2776890616
2776564248
156393514
2776196320
534340690
2780554381
2778705869
176025405
166007726
2780324008
2780026211
2775862159
2777112757
2781453300
32143645
42960830
181111096
60291724
2778452634
2777252233
2780181944
2776660951
4229060
2780614220
2777795507
159437735
2780668287
34048319
179133015
2779651770
2779993964
2780169266
2781420246
2780789983
2778157386
2781206393
2778893458
2775965583
20155586
2777280009
165611974
149277333
2778491051
2778589607
138020889
157120061
66573925
2780319001
2779807141
2775939573
2778385833
2777106835
2781345744
2777155699
2776700917
2780710533
2780029095
2779991960
21409990
2779489308
2777499333
2779846139
2776089501
2781432261
2776487403
2781282688
2778733259
2777309732
2781114860
2776125401
2776718132
2779682097
2780464338
79615585
2779555700
162017022
2776946740
188084074
2776262750
2780694956
2780458905
43252294
2776426316
159483092
2777052929
203404855
2776080311
2776274236
2776956101
85522863
2779262041
2777333407
2779709304
2778031809
2776724792
2776545143
2777997956
2777691395
25506797
2776001612
2781153986
2777476548
152747807
198149105
2775867829
2780430754
2779502347
2776381358
2780871468
2776003147
2779117399
2779273700
193235544
2780287773
2780273121
2776814571
522003407
2778001522
2777698344
2776046745
36327016
2779531967
2781381691
2781399027
2781124834
125754718
2781101151
113036804
2778573382
74007976
2776633366
2777097278
2781382359
1102183
2776793201
163765913
2778894142
2778317771
2779120514
2777941365
2778000934
2776463070
2775995913
2780728906
179829708
2778892409
2778240029
112299071
2781357291
2776342287
2777386904
2777011882
126122447
2777168162
56230252
2778678121
2778339503
2776520054
2778000770
61427482
2778322331
2778744706
2777086317
553403698
2780766797
2781248981
2776927911
2779379842
2779378798
2780648938
2777465203
13774568
2776860065
2780260343
542628504
2781312766
2779234418
179139399
2775831742
2778525515
84177234
2779817632
2778338886
2779519765
2778669808
2776603611
30038468
2777938576
149215556
2780433478
2776002162
2777790269
2781327663
121939617
2777285968
1199777
2779400874
176852926
172930891
32558149
132849743
2780917687
2776997332
2779531760
31843809
2776428250
2780651236
83479923
6314898
2778828899
2780491831
2779752101
2781463953
2776841923
2779179822
137683994
2776324159
2777004525
105158714
2776505840
2779803409
2777292206
2780280384
2778195350
74813200
2781354396
2776679631
2777472293
536930464
2777230909
2778677956
2779185081
198777802
120575601
2776648866
2778628728
2777559430
2776150835
2780112919
2778748275
521280694
2776169436
2776356399
2779257522
2778950102
191532456
98528937
2779337550
193641492
2776439149
161051502
522453465
2781014232
11328796
80245801
2777995107
111640148
176019070
115470510
2780639890
66699896
2779473964
2777516667
142503083
165364887
2781185765
2777239347
199869022
2778222939
198146175
2779358839
192562157
2780859220
524244815
2777712070
2778963803
2777194087
2776083640
2779790601
2778055240
163077602
2780363377
2776028218
2778690065
75263164
2781228963
2778548054
2776740804
2781420969
2779503283
2780779765
2776324656
72564820
2779566919
2776307086
2778721157
2777237875
2776878808
2781399897
2778697687
2776818741
2781380061
2779291134
88706889
2779992737
2781256751
2779910751
2777241663
133925201
38377331
139487882
2779237647
2778036376
76944698
180491462
2781373051
2777504626
2778359331
2778015283
15302153
2778336558
2778110396
2777176249
8484796
2779404633
35387230
2779036281
2777161012
73878792
2780749053
2781330901
2777461683
2776417341
2777556984
2779192225
2779713723
73529369
100339178
35844059
163443529
2781176268
2778781608
2779405079
2778236249
178125196
2776528105
2780512189
2780910195
74294582
184827183
58694771
2776946927
180518391
206674616
2776334485
2776472464
126693752
556340858
2777145050
2780972671
65812774
141256883
2780620794
155785087
81369262
59196918
121242521
2778896209
70587473
197512458
547727832
2777690249
2777867792
2775954486
128850910
2776572589
2778381420
2781022233
2776293397
2778647082
2778312799
2778772032
6232936
48797893
2779353431
552366608
2776750484
2778825692
2780086552
29719523
109089402
39486346
2776551351
538525177
2780096706
2777061694
24639291
2779022956
2781464464
117035363
2778793488
2775876541
2779404524
2779665638
2778399759
151732849
2778494651
2777970171
2776970357
8193761
2776569450
2780210641
57634137
2779625045
2777716636
2777526562
2779553698
2780400262
2778518392
25260931
186314094
2776775276
2780557487
2776406672
84492177
170334801
2778824577
2780972836
6588083
2778472496
15981480
2777625896
2779674743
23381644
2781179429
203151758
2780817246
11404073
2778436841
131330614
2780400009
2776795518
2778357312
2778165250
2779915796
45230879
138621196
43971567
2777763868
2776745318
2776429199
2778728124
2780796305
2775977372
2780577456
2779305910
2777035074
2775901332
160842062
2780787086
2779493660
2777456620
2780512614
154949211
2780867187
109261856
2780449158
2779671885
2780402326
2777697126
2780853167
2778942366
2780142357
2778438982
2778825498
176002671
176049440
2780109999
2777888060
70700716
146303308
2781005074
2776494319
2779359607
2779692794
2781227721
2776200136
2780714801
2777968577
58140662
2779499452
2777393702
14919245
2778961947
2778920248
107525826
2776656779
2777383968
2777268402
2779128587
144218379
77243148
54531595
2780001913
98062152
2780403451
2777019708
2780476725
159456220
2777464443
2777771423
163933246
2780624831
2777628758
2909981
2777467851
2779859707
14224292
102964294
2778884738
126076107
185554395
67448173
2781124949
2776158535
2780641677
2776275411
2780616603
2779534489
45805842
2781126507
2779793196
2780758313
2780301858
2777301881
132540348
195277927
2779629394
2776941588
2777345323
2778693558
2777477413
2780940773
3790590
2780688418
2781230368
95389739
2780895688
2777626052
2777735833
2780845669
2780877497
2776138941
2776349024
105662462
2779362320
60136833
2777887135
2775970010
2781334022
80540423
2778479389
2781426810
200287777
2777280073
2777405217
85476533
2781241286
161968269
2780561795
2776234999
2778173179
2778035315
115085983
10128374
2779057064
73520026
54933915
76283291
2777516698
114115404
16393274
2778150733
80582351
2777685442
7044111
48164120
2780261082
180394961
9765240
153684232
2777833229
2780245990
2780814259
2781260555
72535584
2776978643
2777176781
2777680055
101199243
63545947
2777989474
157285014
2776331648
2779278500
2776759131
2776357613
206133553
2780415696
2777254992
2777186314
2780631329
2779387487
2780847895
2779767759
9664280
2779286089
2780876281
94905562
2778426807
150710463
2781089876
55762236
172641521
547231352
2777991116
2779612350
2781296696
91790935
199168358
2781276458
2778946984
2778663266
2779930064
2780948448
192906763
2778113424
186862417
44665579
94893769
2778470301
2777094623
2777181701
3758594
2777626275
2780118692
515430869
2780805685
194099388
2779028778
8057324
2778911927
2777521884
2778367134
2781082259
125965892
48798503
196187386
2779078659
2776907575
2780134033
2778289389
92027692
122978777
2777497500
115902826
2776272399
2780078508
2775894735
85973986
2781394583
2779146641
2777568707
2778660456
2780613536
529934853
134258482
2779693379
130310547
2777628382
32620420
2779374572
173278631
150065254
153606108
2777481506
110888244
154264026
2779274254
2779674459
2777504363
2778081192
2778078765
114010052
2778981946
2780183385
38749836
2777041938
2775843408
2779794685
2777251951
2776204495
145048018
522434184
145472048
2777454710
65916561
2776183528
2778447126
89980417
2780107407
2779111213
21784828
135874517
2778459495
2776373967
2779814701
165087160
2778322852
2776786299
2780020723
165332651
2781463719
76247681
2780052123
2779672266
158573231
2776323365
106321089
2778216058
2778410211
2779626591
2778782981
2779296396
2706078
92812299
118589477
2780218435
2776019970
2779680929
2778272233
2779634276
2780895047
98486589
2778498683
2778631113
2777002316
202221450
38148976
2780423321
67600269
2777469973
26205915
2780414842
2776237834
2779182760
2777663959
42525527
2780767713
2780333494
2781417087
2777988323
2781280686
2779357855
2779357807
2778911943
2776278014
2778568292
2778370488
2776755189
202510885
86565373
206619068
2777847667
2776215170
89096908
2781145358
2779036369
2776268001
2777541608
2778572563
2777961815
2781197174
58397932
58351129
2778112063
2778715790
2776215956
2778989882
58268384
135532731
2776001061
39614282
56858204
527016502
175021301
132900626
2778823110
2776957253
2779014073
2777449875
2779445257
155631102
2781458172
2780113209
2777991895
2780056327
10756025
20253421
2777419017
2778942571
2778638681
75923793
2781209966
51251375
2778204228
24845683
92178182
2776891812
172639940
79416737
2776435452
2776149187
2776186115
2780414937
100533687
2778868070
2776628460
2775879036
7225491
152430570
2777576009
2777514567
2776509753
2778498041
166235249
2779793366
33998119
2779472146
93424556
158253538
2781366498
2776526686
2780222536
2778217808
205285802
2780765524
2779817573
2776398076
2778681481
57882556
2780600731
2778927050
2780660254
2778083903
2778128915
62539686
23420595
2781431310
169536714
2776835611
2777650711
2779191790
2777898590
2778410420
2779008906
2776007265
2777275882
7340896
2779759067
2778757102
500858565
28858896
2780525034
517208234
22983694
53538382
135254305
2780863715
2780422364
9630246
2779614053
26761815
139970467
2781176614
2779751686
2780188178
2778371087
2780298517
2777266742
2779525708
2776352751
2778535838
2777745021
2781040184
99747519
2776423180
2779281402
2779860289
2775922123
2779514449
2780024618
166623013
2776836860
11044772
2778835191
93685709
146079980
2780834584
42058189
2776576456
2780773948
2779869040
2777208626
87349256
169903001
151110159
2776822904
2776475723
2778488369
2778170404
2778790956
2778641721
2777172001
133979268
2777425089
2776645574
2780947585
2776802023
2776900532
2776183933
2776404619
2779817349
2778606836
2778219744
16554217
116280592
132413290
2778983345
2776291646
2778179030
2781223080
2780382092
182430985
2779559259
2780394903
52572940
96659820
2776447705
139475501
2780908423
111964698
81556363
2775904457
2781246243
2776619893
133741464
2781253230
2781118634
506065669
94967912
2777313132
201757107
2776031639
20553511
2777923068
56423290
196595271
2775905575
109018251
2777348812
2777067851
2776331690
151998951
2778325511
2776027032
2776871600
2776508926
5842335
2776664645
2776962670
2778782433
103138315
2779761518
2776191100
51067260
2776816662
2776254091
155284180
125482301
97628146
62886766
2780719388
2777999585
2777413886
2779862828
101937913
2775976258
2781100714
2780224754
2779035059
4363049
2780961231
2780140112
16517256
503923677
100919365
2778380625
129235324
2776095467
500143535
2779545191
2779018896
2778903259
102690226
2780963421
2308441
22427448
2776752855
2776206391
2777635470
12582419
2779561222
20182410
2781403703
2779379655
2776104083
140816279
49718054
198293453
120348129
173366509
2776453007
183759332
2776217573
2778494365
2778569790
142610756
2781256697
2778818468
169355965
2780947148
87427459
96018724
2781369809
2779378784
2780216001
2778911322
2776394371
123545918
2780417490
2778950885
74530811
2776427610
2776087790
2778462305
2776987068
2780294319
2776115940
2776899900
2777963100
2781098421
43487242
36200757
93491739
2778456998
162100613
2776573408
2780557893
548836952
2779623668
2777224025
125264116
69118069
2780072393
2778343591
46612927
2777801184
2779746502
2778215892
2778403301
2779532063
2777595002
118947353
2776409293
2775853868
2779951380
2780961426
2781455497
2779819760
2778526259
59462968
2777237582
204918333
2776411531
8966009
2778209295
2780117210
2779419742
2778567816
198016048
2780334024
2776235519
206705377
144468488
2778147475
176656760
192127991
2778555932
2779557769
2776847045
89231909
2778365744
2776239738
2775888901
93474598
127529518
3156200
2779624425
1370556
21788436
2781052624
40231798
2778184809
2776140577
142075640
2776825973
2779291654
2781260717
544031030
2776702112
2777949943
2780817299
45112401
2781095502
553574775
37773902
2778512247
2781314974
2779726417
2779006459
151884938
2777981974
19165224
2777877833
2775940519
2776663400
173083238
22156102
2779814119
2776794408
195732255
2777644567
2776385080
58801604
2777672088
2777984342
548047175
2777430667
2776156003
510816226
2779483654
2779448434
2801541
2778742844
2781222467
187667220
193739287
2777016146
153925500
2776519897
2777274928
2775988387
2780493508
2776377064
162919384
2781430542
2775849836
2776985863
411171
119838172
2779029821
2779872026
2781248280
2781036894
2778810795
2778821226
2777399949
2776087629
2778843642
2780201862
512209198
2780029613
2776930799
171773132
2781375796
201717286
2780901477
2781422250
41173378
2781041639
2778918839
2778375133
133446333
2776129495
2779093186
2777185764
2780760662
142062867
2779236577
2778024590
2776322710
21992297
2777313253
202087621
2778498358
501001295
2777723812
2779667832
2777110724
2778020476
2777399201
2775836902
2776731096
2779714973
2780147346
78491826
2779448944
17176066
2779144670
2778401094
205294977
2776310537
2777807909
2777156684
2776277621
135355979
138207750
2777937531
2777683766
2779310970
2776745293
2776350774
2777603413
2779277887
2776503585
2777158022
2775957859
85659524
2779795735
2778511055
2776197690
2776517112
2778412676
2779436413
2777238093
2777512810
39896673
44877443
2777132994
202527836
193206974
196048820
2778025189
70721018
101039331
168646138
143678939
2779186938
185954173
2780459906
154054963
110732118
2779545585
2779561316
140816417
34863106
181294204
2777142878
2777327854
135413448
71719429
2778228061
2778872959
2779871118
2777474433
2781118331
2778249265
197549326
2779529867
2780295826
2777356768
2779604743
2781403550
68615497
551067111
17144165
2779095396
30772137
5120367
2777509900
44871818
2775870830
2779149932
2779123455
2778482537
2776394362
76960060
154233639
2777570220
2777687862
185705657
2779622674
2778539028
2779454639
100207952
2778881941
72298453
2778119611
2778516963
2776034039
2776358060
2776014378
2779139022
2780936962
2779963164
122098685
2776399210
2780100914
2778303700
525823164
76215602
2779398256
2779536466
2778228191
2776914665
2778521217
2777177043
2779967062
183763965
119883117
180872759
2780812627
2776089186
40986600
2779436669
151102011
8795937
2779923759
206440729
2776015618
94976000
149923435
2779148323
185874996
2775874066
10187730
174878446
4862777
2780208443
160443848
2779435397
2777522414
2781240919
2778150081
110131835
2777072295
540269800
2781256833
2777075199
2776793119
114304616
2779075635
2779801007
2779484474
2778807487
73059102
2779279438
2778221534
104629281
1813318
2779713842
2777433857
2780519893
2779911853
147675338
2776428914
80038905
2778042488
2776309133
2778421691
2779097033
3666681
2779697243
2780297895
2781188016
2779464998
2779643920
2777401951
2781129354
115081989
170862353
2776474481
133559463
2778576901
2780572893
2777913775
2776764481
163336983
2778836913
2780945393
2780254740
2778322063
2780989915
128194758
152872243
2781281955
2780443641
2778736484
157151106
2779651520
2779804969
125917372
2776199976
18563106
2778427161
130537919
2781454335
2779520277
2778895375
2781335037
2779802421
2778777887
151915780
38855882
2776503756
2778370645
2776947066
2776001192
2781181273
122015872
540751848
87858587
2777190294
546784017
11012388
70061020
2781418482
2779745677
2777609738
2780303154
2780508347
2780036436
2776610004
2777253655
2780971366
2780012737
503602615
2777336594
2779109447
6261512
2781097010
2781275378
2780916904
2779221622
13553968
51764019
2776317814
38784014
2777637838
191608143
2779362757
2775905979
202611063
2779109816
2778078544
2780045039
2776555720
2779116826
142806620
10559345
2778445371
2779774819
79416576
2780945246
92965555
2777117919
2776622967
2777717087
2780674997
2776056953
51470902
59364581
2779904602
2777497802
2777056800
2777211311
191953296
2779136407
2776460171
2778241337
2777652380
2780216246
2776580198
529323549
2776876444
2780555581
202509724
2777146217
133833237
2780931561
207665656
2777742683
40586070
116222747
2777278836
162558785
159608614
32437296
2776837537
2777949818
53173841
103073914
2779269003
19334161
2777247013
2777685029
2779563681
2777554803
2776611420
2776786462
2775955439
2780191437
2778447627
2780633958
2780636033
160101092
170010863
2778277575
177429239
2780319176
2780606173
2777543690
202225747
65290094
2780303468
207363949
72633213
2777998363
2779434587
142039133
26147285
2780745934
14812997
2776567310
2781236955
2780366753
2780350589
2723826
2780480618
2781397314
2779281555
2780873155
2776939746
128593788
36898998
2781238700
2778236678
144348335
2781255760
2776343651
2778517334
2778255315
2776278206
2780288882
19352297
2778778632
162597733
2779250880
120958224
2778658864
2776289542
2780045284
2776384844
196013401
2776243585
2780901694
125553218
2778883600
2777410049
2779818758
2781364410
2779330268
191795146
2776126450
712527
36639067
2780527398
2778919917
166346413
2776181820
111731309
2778564475
2778301823
2781390853
2777528792
125474577
2780790391
127547588
78303106
2776376815
2778866299
2780642356
15664550
516295512
2779082687
2777112379
2778750949
176979668
2778058428
2778789199
2779304910
156590842
2780396929
79557345
2778621906
68643176
2780806395
2780842949
2780035574
554936623
2781287091
2779399825
668760
2780625485
2776857291
191384650
2778617256
2778595151
2779985963
2775931608
202889954
2776018766
2779845281
185257988
2779438542
2780493184
2780263535
548445021
2780228002
2776003610
21711469
2778986857
184196243
129618958
2779973074
2776083619
2780522706
2781110425
2780612909
2778962883
2778906372
180897568
2777746568
2780597331
2776051142
2777133717
133782158
2776719554
2779967430
2779572210
2777305454
2779457680
2777495918
2777359226
2780781972
2780852191
2779588574
198912144
503158894
2778892356
2778022972
2776029128
2776335286
2779960602
2779155215
2778375983
37228920
2777693762
84653758
2779690901
2775858820
2780246573
2780306242
2778392132
2779786979
2777501827
2779882632
2780468074
2776540068
2777835494
2779106483
61997241
2778041728
203273236
85668529
2779602316
2781201427
31250377
64677048
2781084795
2777288222
162199757
2776065979
2776444593
2781098859
2778209124
187412358
2777225353
2778080475
10676486
2777729159
2778911724
2778246618
2778444957
2780241737
2776501170
516310766
2776535583
2777669631
514011633
2776460414
62760934
2778655634
2778107873
2777126661
2778891273
2779701973
2781195209
2781193068
2779825356
2776968777
2780159728
179846545
2778674026
2776235579
99959292
2780188709
2779754931
2780059077
2780661219
186855751
2775899499
2781139135
33702411
2777377618
145710725
2779081687
179972433
2776185883
2781366150
2776853841
2780652975
204701346
161242877
2777956727
17601614
84389358
510062453
13987256
5903201
10314817
175154166
2776224858
2776660648
2775918448
180614257
187745722
2776990417
98545295
2781439777
2777568947
179047225
2777502600
2780611873
111873324
2778467145
179995674
2780363434
2780419225
2776550342
2777674819
2778232030
2779692583
84848861
56154687
2780842484
162044005
162718105
2778433951
2780521934
92797178
2778771031
2777231552
2781230597
2776266487
82874727
96777728
2777976732
45844045
57996006
171041071
145855481
2775862950
2779116729
2777325535
2776842840
204614032
136491662
2779687588
2780225929
188191115
186172952
2779668609
2779725342
2777981123
2781087576
2780597629
2776530647
160159729
2776602581
2780979402
72678461
2778683187
2777082460
2778099403
48233174
2779253201
2778359664
2779131519
2779861674
2780827812
181575753
172712801
2781161757
2777683682
2779096051
85921959
2780262792
38309615
47446073
2780880553
119469879
2779116780
2781377064
55091264
135687623
2776626899
64161567
2779245285
2776942909
20032530
2776000002
202986899
2780039695
100694443
2776727286
151714948
182930780
2778430560
507827637
10809508
29333645
2777848991
2780916985
2776649643
2779318504
2776546736
2778582213
158075948
2778610521
158299639
2780871601
2776629999
2778714934
2779941321
36629368
2778092134
2777236939
108622957
25618063
2778725672
2776158197
2778347800
2776460186
2776295258
2777878701
2778484579
2781295633
2776259665
2778780117
2778672473
2780112862
516990006
73744397
2780312859
19694107
152204776
2776886188
2776424678
2777137776
207700645
2779578543
2778965484
2779239504
2781147180
80457461
2776185021
141002048
83154671
2778364563
2776954719
75050079
122284175
2779403389
2776662845
2777407139
2776808033
2776828027
187741664
2779144988
156325361
2778980733
49926397
2776913366
2779882095
2776036795
2779616190
2777650924
2777719614
2776479937
2777920778
2779470415
167221231
11626679
44900524
2781345874
61249696
2777949881
122554437
2776194465
93326203
2775901822
2779599078
2778431546
2781409464
179701269
2779346366
2780507753
15192359
19314808
2780271678
67356462
2776953410
68220480
198954963
2777835921
2776734470
12338191
44736063
9158031
109005114
128377436
2777769295
2776623290
2781238046
2780604372
155817851
2776560864
2777861699
2776697088
2777221448
2780410797
2780768158
135121143
2780967544
206120028
2776665244
47070236
201780435
2778330249
2777747278
2779256226
30759668
115233962
12298181
2776572276
45905007
508846811
180511745
2781114979
2781246048
37512671
2779755066
126426778
92936396
72321748
198626708
2777885371
2776352735
2780355057
4994750
2776340170
2776209008
2778374529
175762713
2781387397
2780693637
2780243062
2779944400
2777817140
2779409443
2778727218
2779637282
2777585279
26918590
2779924166
2776904630
110952447
2781102909
154482161
2776348852
85667991
25867981
108033066
2776297396
2781271316
2778970755
185052227
2780343998
172347087
2779545206
160467763
2779894855
42272654
2779802158
2777420710
2780160509
72247080
134761745
90048612
2776777602
2777818806
2781367625
2780369711
2776767288
2780500595
2780749805
90805937
2780406035
133437341
13543017
2779434455
2778356655
8137504
197386563
31005864
2780752001
2777657286
678711
2780675537
123233574
2779706800
526154634
193139828
2777266780
4451082
514928085
2776401104
2777130190
178229462
2779906150
2779928214
2779367526
2778706821
2777297950
157936450
156804271
2776491101
2776020796
2776401086
2778292373
124208396
2780830651
2778522074
2780844820
2777883683
2777942761
2780040600
2776169339
2778334490
68196732
2777018805
66029223
2778692634
2778752413
2780861821
2780097137
26258499
2777646416
2776616709
2778576665
2779532002
143845886
2780795620
2777080206
2777599825
100521375
2778166243
2777003289
2777336675
2780806968
2777609570
36289849
2776651326
2777130421
2778114852
180182882
194943564
173036546
2780705574
2780544168
21362590
2781097296
2780706738
43617652
511723319
207703237
2781218421
2777202238
54608095
176657323
134589348
2779443986
112088984
2776585938
2777952455
2780247434
104745612
81314981
89882409
152076505
2778750669
2775987467
2781160424
2776652581
2776462487
2780707977
2776819663
2780808315
2780902797
2776755195
2778150757
2779036706
2778047888
2781206798
2776012200
2780799095
2778803364
2780210949
142546437
2778339196
53409545
2778348515
50556499
2778674378
2778039852
155030161
90182286
2779940166
2779117696
2779390615
2776676360
93508038
191160116
2780407018
2777842347
119867837
2775955497
2777449773
2779231664
2777661211
2779586695
2775976693
2779156863
2780758669
46355384
2781225395
553683147
2778292712
2781091394
13077596
2776298738
2779938330
2780626637
97105734
2779782945
135877308
2778624290
123307717
2777805808
81178950
2777842029
2780746168
2778638714
2780513263
2775854327
193375719
2776991556
28718268
2781413104
2778968930
2780086159
2777727814
12761454
135349781
2780110242
2779608074
74914226
151416629
10708705
2779163105
2779683958
2780422510
2781313914
138465053
29219342
2780343955
2778340769
197433042
50379869
68245017
2776034424
2777193777
2779630429
205534843
166278019
2779162242
2779135306
46758471
2779455330
123079801
2780034847
60090325
2778228376
2778116076
121658072
139621336
2778231298
180567365
2778810519
2776120587
2777505228
501040674
2781454885
56995899
2779879625
2778364115
2778849303
2776390454
62291451
2775831120
2781030212
61563769
2778000800
2776944801
179755657
2780120041
192717464
23859850
2777061668
2781074354
2779366050
186072125
158227716
2779089611
2779750976
2779463359
2775878287
2778148851
2778430094
2781375134
87613454
2777608769
2776613822
145912823
2781014517
2777914077
2778484570
107297811
184123194
2781230353
2777938546
2780455572
2779478803
49831778
87612349
196465476
2779688976
166667406
81787201
153651392
507926335
78909007
23528732
2776666373
2777068528
2780197414
2779867676
75795011
2778808534
2781177037
2779385722
2780117764
9299846
2776537128
2780149402
2778804158
72590504
2779600091
2777857893
2777800016
2779833822
2777512646
2778877664
2778246155
2777134520
2780705462
2779032275
2778416007
2780572358
2776926783
2778991015
22376905
2776929644
2778117818
2779325661
2777997878
185020186
2781206722
2779264503
2779424353
2780619892
2779136912
193919354
2778475889
2781089708
2775970907
2779863501
2780155431
189645446
2776730359
2777219334
2777412898
2780897455
114713312
2781294313
2778289300
2780379556
2775988662
3848916
2779194152
2778407125
181961662
2779289685
2778529532
2779533931
206836424
2776599018
189496520
2776045682
57494143
2776886917
2777939340
2778098723
87702512
2778674176
2777193708
2781279267
2780928219
2778445542
2780895891
2778815288
2779794841
126349790
2781145374
2778642228
2775858926
171887676
2778104583
119747198
2777626755
2781462180
2777357134
141679102
2781244116
2779009331
2780478730
2779706140
2778370733
105776082
2777237084
2778081554
13184196
2779077917
2775870058
2776332185
2776016713
2779041819
76188268
184707439
207709345
2778365179
77826724
64980692
38014559
2775898181
2775957720
18020764
2776535079
2776271424
2780295020
2776379546
188641383
2778245221
2775936316
541956065
2776393759
2777849256
2779972410
34545243
97917381
2777971975
2776893029
2779100555
2780343135
2777402179
538133343
131349576
68101726
2778204449
88610354
161034383
2776353586
2779111643
2780539468
154478231
2779462423
2781217759
2776869463
2780146927
2776895925
2778278871
2776854696
171706843
2777697919
2777612492
2778746772
2778708355
2778307483
2779660204
2778061430
2780607196
161119171
2780470252
52929581
79550985
63063934
2777134161
2777199041
2776118122
42248794
2776770008
2775922542
2777538862
2780903642
178535811
2779887153
2780563280
2780779852
2776539574
42664513
140608501
35766210
2779779265
2776983415
2778742815
2776614996
2780227991
2779207640
2776778975
2779669378
178649314
2781329482
2778557136
39306711
2777692947
2776752563
2780905493
2778199407
2777872918
2779157386
508532215
120452360
2780060813
2778373645
2780909375
2778208468
2777705174
2776664462
2776322397
54680960
133485526
154038063
2780464019
2778369917
2776844734
2777782604
2776436157
2776054725
2780368719
2776456853
2778998792
94866874
2777427881
2777325723
2776225092
2779764254
2776953299
47602998
2778386238
2780243912
2779028214
2780228444
2776330274
137403100
2777832038
547764534
92801553
2776204006
2780795606
29374924
2778760868
2776374695
154761356
2779904151
2777851258
2776074554
2776252960
2777191674
2778200237
2777068455
2781103515
161167727
2776956013
2778908029
2776810005
2778664236
2776040710
2778387209
2778097387
2776710367
2776672728
2779083013
2776244521
43075056
2780732545
502257625
2775981055
2777890816
523056402
116081451
196749747
2781224700
72911578
2779970246
2779737220
53400578
62737587
145038440
522663455
2780725577
2778585226
2777274200
2778555812
189667701
25810664
2776364013
30642904
2780266753
2781220505
2780974818
2779784881
75693778
195711298
78097553
2776862314
2777131256
2778430885
205383810
2780227697
109778625
2777630239
99614261
205379176
182907090
2778885375
2777890878
2778018689
2776321090
175475021
2780686234
2778201811
2777402159
2780676279
2776712451
138336922
2779278314
2777761740
2781253738
2777821386
78955940
2778158832
125736326
2778048005
188721732
2780295469
2777346333
2780151220
2781053428
2776107270
2778675438
2780198215
111366508
2777204225
187395273
2776530957
2776905528
2776699868
2779280901
2775877944
2776262161
2776385323
141841376
2779872940
125209646
2779942219
549090830
96562676
2778572843
98643919
2779902937
2776400333
2780450902
84515081
2779211743
2780226355
188231857
2778011250
2776387443
2777965273
2781370049
2479394
2780827403
25148115
125109622
2775868807
145292479
2781443236
2776614217
2776503146
174016839
2781094005
2780642461
2779308036
2778868352
124721460
53710060
2778776073
2781213523
2779971774
2778461947
2778110554
2776777250
2778570067
2778223634
2778664903
194928635
34355311
62931288
153206804
2776173305
39343751
168072608
2777958883
2777128807
74216064
2778530335
2776088982
2781355846
76217610
2781060110
2778853817
19715384
2775933424
2780676006
103726522
2775834536
65499552
2776744675
2779483239
22467394
2781149075
2778750004
82327399
2776844482
153683151
40733740
201809070
154161452
2780671814
205112559
121818473
2778828898
2781222355
2779926162
2779582901
2778742788
150898382
2780397185
3999047
2777521019
2777958672
2779334331
2779807384
2775961125
2777458711
2778545819
2776342725
2779332013
86772948
2777283828
180334944
197596910
2778750128
112083043
2778191241
2776492198
2780028800
158876426
2777272352
2777712261
2777302800
50367650
2780430339
200103564
122445209
2778651285
2777200299
154593698
172438850
2780237759
2780395675
2780349784
2781202252
2780001233
2778207064
2776913003
2777198637
2777525275
2779993654
184853033
183553116
2779254440
2779330260
2780581532
2779542340
2780073623
2780372311
2776470008
2780646970
2777141503
2777186514
2777687636
2776304142
2777889970
2776927322
2777221717
2778728313
2777218821
96522737
201377581
191021860
2776631741
2780363446
51672120
2779968228
2777276415
52058223
530405149
2776864652
2777635720
101678225
2779679713
59985194
145810771
2781429635
133781431
2781341000
2778717081
2776491508
108568712
2778871688
2776007799
2777299276
2779886280
2777334527
2776596811
2781281135
2777435570
2777359013
203803721
36727532
129362959
153071266
8018886
71402175
2779547678
509535802
177766495
2777884558
2780049907
2781301322
2776088044
9701087
59726852
2777462008
158592959
2780034432
2777361172
2778871930
194939201
2779105887
2778579332
24996514
54990835
13200473
2778747861
2775855070
149702081
2776143220
2777811385
52438962
2779687131
2779100318
2777299185
2780540011
2777643745
2777813195
2780390965
54431856
4870953
2778696194
2779731367
23185880
131676636
2778808533
2780004934
2779910686
114860340
2780031683
2776415090
2779538126
2776546522
2778099277
2781096109
75969862
2776822103
2780170640
2781043087
2779798017
140311038
2777377653
64055705
111278513
2777903466
175361160
2778572365
2781395907
507480362
2776370256
2775952039
2777076210
68631991
2777397688
2779406071
2777091906
2776327626
195955031
115134614
138296749
2777043471
48444904
2780862976
2779594659
2777880717
2780044119
140067609
2778124698
551870982
2781313586
2778143270
47822265
2776628384
2776817652
2778406517
177318381
2777156815
2778695844
2775974668
2777885928
2781196610
2776118871
2779892816
20766975
2777961806
158602613
157888661
2778969656
2776212401
74937081
2777124157
28101316
2779403634
2777284394
2779171951
508295664
2776984621
2780024548
2779321931
2778489303
522210863
2778361255
2776680799
39462953
172247708
2776976576
69035321
2780857162
2779335328
105592727
2776184046
2777696175
76458491
35534250
2775860164
82979123
147887874
2779879445
88251983
2777432860
2777470859
2778356427
2781057388
140024503
2780324931
2778004804
2776053217
2779749749
2777622425
2776935111
2778458897
205959760
544075446
96427005
196927870
2776789913
124339740
555463525
190107298
2775983109
2779137850
68772210
2778052178
2777189776
2777828241
2778000759
2780356807
130148452
48561166
2780656832
49086414
2780675006
199170498
54797493
2779114044
2778562323
2778326895
535889608
2780137866
2776263506
2781404657
2780623907
49086511
2777046971
2780674924
2777982285
74242886
2777970836
102940268
2778034610
2778949103
200113983
2779787998
15500210
2777120244
159800738
142428764
2777075263
197412451
2781455923
2779303948
2775989194
94862452
174594037
2779791860
2778085738
2776020993
107365899
2776423364
2778900764
100039176
67141207
190243275
57999887
2776002388
2778378148
2779488553
2779335917
47324335
2776425127
178021490
36462376
2776579202
2776920162
172268261
2778834376
2780446103
24243024
2780971556
63075964
2776160466
2776007630
103516714
2780613842
2779222841
2776661704
2777142688
128706718
31018496
2776307088
2781371933
83264182
2775859669
2780905192
2776832971
2779500161
2778973849
2780673177
2776763059
14977645
2778294795
2778598457
540220403
2780673003
2777837961
2777331624
2776111252
2777534032
533330118
2779372034
2779692237
2778329503
11293438
2779816581
152697720
60567360
2777360779
2779231712
2776649163
169677936
49377226
2777104303
2776920416
2780211081
2777129960
553267028
2779136091
2779576378
141643422
119670531
2779972333
2780204946
107806365
2780518247
82289098
207195186
2779673319
2778314753
506908784
134659438
110829209
2776932993
2781418458
2776428896
50773583
36790819
2776286740
2781398405
2778275161
2777954996
2780777687
2780398099
2776581236
2777817979
73126755
2780378607
113036346
2775855626
67469775
2778712577
2778978820
185654502
8077954
2780045279
2778370464
2779769539
2779921989
2780077492
2778294669
190973436
2779779913
2781362207
2777873433
2777028058
2777317958
2778063457
2779850738
2780877087
502111187
10050518
14303386
162446236
2778308277
2778664872
11620657
2778749929
195041187
2779684384
2776704666
2781208120
2781435702
136908173
2776784771
2781094143
2781332164
177505698
17756789
2777408017
139172840
533100261
177291462
2781152153
2776575663
183971270
2778317645
2780313006
2779782522
2779144391
2777317587
7955714
83091593
171267040
2778034468
148592440
2780299824
2777573261
2780105918
2776141014
2777376224
80266986
2777638134
2776857772
2779796501
2776375993
539944628
2781118332
33612138
2776539907
77352025
2778272532
2776578318
117909514
105578763
2777902257
37497375
2779947254
520231410
508278066
2777257067
123894913
2776206973
2777433830
2777756166
4884131
2778668257
2777358070
2780503580
183634100
2775849189
103057088
543908354
59785166
2777651656
187008535
2775878306
2779114481
119187726
2781043094
2776016342
2777366833
164850336
46476905
191700502
170888275
2781385575
2780245910
93766343
47177190
17935101
2779797386
2775873680
2776696415
46431032
2781039439
2780815279
193254068
2777651970
117959457
69531258
2780644464
136886441
2779418425
2781354955
2777078797
2781351940
36752490
133281099
2777533316
179828480
174093841
2776896247
2781220732
202356376
2778920184
2777607235
2777539295
2778419184
2776819005
2779838665
19876963
2777057682
145633318
2780003333
2776080819
2776532966
2777447528
98239658
2780045343
2780904010
86801386
2778740177
2777932401
158156997
2780972230
2779052297
2779270267
2779801011
100577761
205333247
153721897
2779582090
527412718
194519906
2776604553
2549261
170194690
2777656388
2777495112
2778396943
2779132545
2777137682
2780559486
2778575334
2781304992
2777861003
76509639
2780565504
2779973243
207347870
18570082
2779313563
2776650109
2778991448
2780922687
2775964997
16210155
543192267
2780243397
2776132588
2776393383
137753397
42298096
169402843
37762161
2778371403
2779157700
98447023
2777601132
165696491
49465312
167054989
2778232448
175815440
2776476641
2781337613
60525332
2780383645
2776911219
59377095
2776011918
2779005484
154586829
2780443679
2777862362
34399555
517289559
2780161021
104511454
84549435
553929369
23213167
2779512517
2777135554
2780099192
21714461
2776316965
2777776026
198353973
199890267
2776166456
2777000348
2777597347
2776269304
2779708316
2776512704
2779884778
2776526244
547867525
162432751
2777601356
523274147
67739685
6749043
177432677
2777946990
2777445420
2777738566
2777299118
200457426
2781357586
2779143537
2778682108
138655295
2777398562
2779293726
79081232
2779030433
2777693158
104243857
2780285658
24511565
514254568
101351245
2777233941
2780646060
2780568288
2776306713
2780018204
2777877512
2779354587
126451531
2778367287
2778687414
2776142151
2778804017
540791928
2776697124
2777936431
559751720
2779508350
187179951
2780378275
2780148211
2778608304
2776367523
2777066114
2778021828
503872463
2780608745
5611092
2780131337
2776593006
2777982452
2777824652
2776589136
2780304933
2778434956
2779734045
2778807011
2778835456
2778376612
2780700095
7465080
2777103622
176295069
19122763
2780347494
144024400
2780800508
518429986
32035068
2778283051
2778388216
504744487
2775964045
2779479571
2777073107
162615427
2779606945
21668438
2776745099
2779462066
206359480
2777854444
2778854008
2777247162
556714606
2776862593
118107040
144090359
115529210
2775976575
2779527027
2777764317
2778400535
2777955414
2777009245
2780669880
102005072
154933790
2777979383
2776724512
33518704
2779615782
177786464
2780902446
2775923457
87458943
134517421
2778073399
15997828
2778951040
2776454994
2779566690
2778543041
2778565308
2777602254
87479252
2777076345
2776804220
32558975
2779849719
2780829048
2780176133
2778356054
2775833652
2780248902
2779812341
2776437489
2780203854
2781252542
2777293928
2779286901
119546897
2776044965
2778999930
2775877427
2781247686
2781246517
2776596861
175576395
2777582546
129353971
2777595580
158071213
2778325513
2781167124
2776766291
2780507389
2780720108
2780823520
106818632
156612364
2780958955
2777107977
35730967
2779375070
72196577
2780621212
2780091279
2778682666
2776149373
2775944970
179518139
2776513985
2780572125
29598333
119754765
2776824051
41867899
2778583943
16215860
2779676910
2776909329
2781119083
2780394888
108115952
2778872656
2775948272
2781083729
2778398512
2778965832
2780144314
2778502150
2779673497
2777564498
2781391607
537492667
2779939431
2780934502
2778184359
2777732099
2776521477
2776348255
2776264206
2778584255
2778780663
2778613316
2775850303
2776331839
104696221
2779449393
2779912649
2780831847
2778262499
2778567037
2781076643
2777026570
2780392938
2777617318
2780012690
2781095836
73029224
2780240584
135924530
117812840
2779873751
62657170
2778437579
2776037352
10470442
2777093261
2778659691
2778560987
2777389248
2776472330
2781183223
2779527135
2781300000
2780528618
6358003
2776119178
26931999
2781366068
153445621
2779209539
2780067481
2777158363
155662757
2779397844
2779701891
2777019801
2779192642
2778611045
2777267138
39758115
2780492140
112824633
2777311941
131912956
2779152877
2775949247
2779390046
2776258544
2778249045
2781129577
2778181486
2780659746
2777084195
2780129554
2778783286
167699689
546918468
2780548151
2779872923
134559154
2778882374
2780270232
2778553096
2780038053
36390272
102299578
2779786715
193826839
2780344449
2779313913
2778118610
2775840558
2778576515
2779232100
52250451
2777579934
2781048585
2780164666
156270389
7516956
2778003140
1701360
62933232
2777549822
176913898
2775871296
541385259
2777232094
519736861
2775977693
130440534
31492237
30286988
2776520526
100546448
126078934
2778121785
135438419
2777421796
2780015519
2776041970
159349004
2781142357
2780056967
2780638523
189047002
21715850
182325601
2776516570
2780156346
33192633
145640554
2778365114
25977355
2776022794
2777022483
2781419009
2778847159
23749462
2778447678
2776563106
2777546281
2779180845
13030316
2780636712
2778569351
2780303843
2780560975
2781270716
2780324662
2779834799
2780029788
2780352640
2776414632
2776465347
151915977
2776431611
2777904174
37413474
103163057
51083055
192531217
148383697
2780603425
2775860199
181290262
2778030202
187297233
2780896131
2776967232
87891287
51653766
2780332838
2778614468
2776480348
53537400
97082442
2778104349
71760877
200455050
2776811224
2776813363
2776415100
2778074464
2779825147
50718005
2780673001
2781368961
43141900
2779723664
107763842
2776680443
2777808570
2781352457
2776051313
188162584
2780168281
2776577756
2777038827
2777884475
2776414316
2482559
2780482755
2781149319
2776327045
142930883
2776369677
2776159695
179374302
138921699
2781071874
176038584
547724660
2779363792
155504147
2780752199
15122004
2780049499
56479603
105297191
2780013154
2777795125
2777298969
149997363
2777708092
2777072894
2777831522
2781439961
2781405653
2781416404
175556022
508170145
2777652109
2776291881
180903884
2779594760
2779143423
2778806283
2776587543
2776808766
2781220884
94726928
83195618
133378560
108867877
2777253901
2779234725
2779902066
2776697925
13271976
2779543040
171607693
2780541860
2781133197
189597134
2781155263
2777593458
2781279421
97343919
2778975844
207096701
3234755
4569235
2777917073
200323278
2778679308
2778136243
23612490
107397707
171560490
2779598538
2778360550
76681756
2776656214
2778052494
2779185416
2780733378
189807693
2776182290
177164792
2779062870
154847795
2780031578
2778429564
2777838454
2781465692
2780937560
552425265
74672266
2776930917
2778751651
2781061807
20102412
57481673
540898589
73484699
2775946316
2777266100
2776398316
37129596
2777117903
124019918
132794997
2777106239
2776732383
2778867385
2780200398
73819101
2778626457
199357779
42589391
2776573899
2775858875
110099512
2779732132
158561935
131158328
2775946814
2780845071
165205368
2780700221
2779864741
2781109749
2779079158
2777442094
62162060
2778646435
2780474530
2776326907
195289821
126518247
2776773308
2778578115
119880025
526067405
2776922486
2778984181
2775977075
876219
154511111
2777073489
153725588
2776398200
2778674410
2778986595
2778583658
143645167
202785102
2777112846
80981068
2778189549
102587632
2778276506
2777676357
201175573
111226992
129454956
2779364308
177542618
41945063
510557631
2780323444
2780784464
15640421
73983045
19546233
2778099469
17039732
2778721977
2776509339
2778237139
2780496439
2780129543
2776320324
199452025
2778318841
78606420
2777064172
113706210
196754913
2780218261
2780066941
2776469307
20581408
145290120
22237779
2776524021
175316691
2778332238
145129785
169175208
2776341797
2778859161
159109654
2778518125
2777040153
2778000015
552535540
2776702392
2781312118
2780495006
2776310980
2777799938
2777481487
2776141643
102912713
2777688943
2775879429
179748633
2777157590
2778914653
2780165033
2781439373
157150851
2781285556
2779721528
66359076
2780499841
2780333676
2777974019
2776319409
2777129800
22541086
116658454
2776914706
2779199155
2781115087
49388559
2780136137
2776782961
74196892
60317766
2776932986
2778404470
102327988
2777188262
2776963129
2776620972
2779644411
2776115681
108170787
2778921234
117347162
2777267550
2776229592
2776639234
2780231175
2779807078
2779042267
2779181959
2781411076
2777081522
2780026108
2777938197
2778845297
2779830376
2778046522
2777737512
