2777725495
2778460977
2780248554
2777006591
2781304179
149209484
158016649
2776806221
54820754
2776739561
121858775
2779990907
161557802
2779026167
2781264176
200573392
159091798
2778805511
2780021927
2781103515
2776353407
203663800
2779530713
191795146
2777367318
162077342
2777955414
2776977613
141972696
2778674318
31782201
129230348
102912713
193991484
2778662453
2777219305
2776620972
2780694956
2780468282
2781165314
2779894855
2781397814
2777458711
2776545233
2778416019
2779879445
2776238116
2778820757
90048612
167054989
2781021425
2777362162
2778686310
148863701
179077568
2777293663
173561787
2781230597
171769113
2776541587
2777220787
2780335897
2776119841
2780539869
2778613245
2776841630
2776437868
2777284859
2779584631
19606258
2776274558
2777029895
2778417736
2777124157
189400058
3502112
2779728303
2777488897
2779267529
2778222286
101293273
2777420710
124181835
2777483011
122954677
2776879149
108771440
157763539
2776782389
2777222677
2776431611
2779028375
2779815102
2779100318
2776420229
2780977554
2779614053
2779932750
2781424521
2779354918
26915998
66487177
2777902402
89522401
2780447514
2780313021
2779812257
517757529
504631918
101675442
2781423480
2780356807
2779330441
2777376080
2778328717
31875427
2779289300
86511162
2779007120
525925914
148592440
2776596861
2775834023
202371473
29264003
2777540979
2775892743
2779913386
2777030072
168263082
2777352073
2777354075
156804271
2777457567
2779496760
2781054702
2779457091
2776966337
2776323660
76600211
2780112918
2780254195
153723050
2776517727
114010052
2776585744
2780161021
28968643
2776421923
2780402928
2781077670
2776824459
2778573839
2779209188
557009689
2780825757
2777850041
85549752
2781386606
2781194009
2776433771
2779802078
2777754936
2779056648
2776713681
2778069772
2777389919
2779661781
2779911186
2777393896
2777231228
33859097
2780025177
2778166725
528167355
2778890055
2780673001
2775925287
37544881
2777803007
2779778570
503427281
165341840
2778410417
2778999518
2777886440
67860675
61063171
2776687071
189954958
2780350964
545109879
2778176096
2779687257
14313730
2780090960
2776576545
124208396
2780461701
164575281
2781176268
191093397
2778804116
86895390
2778645526
124721460
163933246
2780757441
2777019708
202510885
2776447094
2779359607
182276799
2780642982
2777495918
144562101
2778856043
2776624887
154350673
2780623559
2775977693
2781029623
85502023
2778633021
2776491124
2776661205
526877150
2778634687
2781463719
2776709039
2776943033
6306372
2777120107
2781163275
122986550
94679188
2780408124
2776844191
2780209513
2778024225
2777543875
2780409546
2778975435
199776023
2777386755
99383732
111476811
8795937
2777196312
2781333788
2776566671
2777693900
2777943130
2778456386
2778880359
547554595
194191399
2779779265
2777832881
2777039154
181907467
2780794961
511693568
2779192767
1556254
2779883399
2776766847
2777855490
2779388744
2780046422
2779563262
159109654
2777914208
2776254780
2778375983
2776150835
2778968625
2777039924
2780565519
2777475166
15697911
2779633737
191427328
2776199976
83549873
2779628349
2776718767
2780826667
2780964353
2778045929
2776730619
2780564088
2779897753
2780004111
2775854836
2778560467
2776324488
180646296
2777994185
2775890777
2780312675
2778619401
188478542
121658072
2781073137
82326809
2780937575
2780899237
2776970146
2781238700
2778969655
2775984563
2780963421
2778211296
86387943
2777917820
2780527675
121062744
121246419
2776147494
2779902066
515430869
2778331056
2776125401
2778897056
2779229150
57017900
183847335
113196181
58805660
2776165003
203470589
2779220025
155938759
2780438664
2777230681
2779419357
2781333955
174211113
2776974504
2779384089
187407495
2778628490
2778014560
2778558971
2776668630
2778571887
57042500
2778028134
171560490
2776301878
2776697845
2776512959
2777672627
2778223852
2780030461
2776265439
2119116
2777574490
2781272350
194519906
2778572593
2777591661
2779635493
2778444450
2780719388
2780761455
92573830
2776150259
2780498822
2777532764
2779494515
2777103469
2778742494
2778396470
24238931
2780328347
2779379842
2779702828
2779687131
76882986
2779084495
2780310031
2780651862
71345851
2780698354
2778907509
2776579649
207934291
2775921472
2779542526
2781329779
2780052911
37836645
2780145465
2777191931
2780648417
2781134674
143838007
2780618774
2781172827
219108
2780077968
5363266
186034837
2781234732
2780283380
129603779
2778125881
2780773722
118295117
2777924521
2778679308
2776656214
2777288899
2777341788
2777027683
2776037352
33343238
2776332185
72838440
2781425063
2778417894
112169812
57999887
14508518
2776699611
2778810795
2778508190
144348335
2781344907
2776432149
2779879323
80205793
521751864
2776990566
2781329980
2781049881
45462083
133077976
2777555135
86532276
71832216
2780049131
2775989988
161599624
21131218
2780273880
2779833808
2778419473
2780990093
2779034527
2777661463
151719136
2777316352
190538878
2777514091
2776528372
57159822
2780550603
2781091465
2778750669
16151460
2776758788
2778204449
543996916
23922727
2780085039
23189370
179734626
122302079
2779286702
2777110004
176656760
21240300
2781246243
2779556925
30636981
2778028897
101208852
171706843
2776863159
2780798103
201024713
2779668069
4645315
2776390805
196254732
101486319
2778097221
51067260
2778603948
2780091905
2778936819
2780044119
2776115940
50476749
2778334490
2779495945
2776422240
2780841084
2778557680
2781392980
67141207
2780784464
553574775
2778093720
101049965
2776156098
58563850
2779066997
92322356
175968658
110866185
104636517
2776442119
2777086211
2777615071
2781292307
2778778632
2781220787
2776469822
2778967601
20871130
2776721052
193257259
113706210
2776857456
2777869876
2780491831
2779508007
2780901880
2777824652
2776093986
2778242951
2778682351
2778128915
2776659182
105345328
165347436
2780037060
2778220447
2781073817
146850186
11293438
148784989
2777078797
2780825006
168622461
2776455605
2780076375
2778113393
2777483628
34355311
2776191239
2778738411
2779455604
44431037
34353579
2778287754
20877404
2780308253
2776549986
2781258938
96316394
2776007630
2776372959
2780957164
2776193540
2777109948
2780074531
2778010851
191920346
70760685
33623176
2777488067
34602741
72545691
2781422250
528161332
2776003135
2780706137
177754257
151986153
132748586
2776720875
2780153262
2779588574
19314808
2776308984
10619365
2778302417
167633797
2779509655
25618063
2781287091
2778796070
2780347494
2777830688
133281099
127598652
2781212760
2781380061
68717614
182533577
2776020233
118745927
112824633
2778204906
522663455
2779058951
2779695715
76251814
135544838
2776782704
2777813195
199194280
88064875
2777242750
1540655
509050650
181294204
2777955024
2777851990
2780403148
2778007780
2775872227
2776606792
2776094956
2775950104
2781402524
2779056712
2778896325
75263164
2776198575
2781093914
2777794750
2777825026
2781175255
2779850767
2781313914
2778938767
191007597
2780497305
2776855569
2781145704
113216237
2778764715
2780179904
2779739280
2780292708
2777198637
2777972390
2781160735
2781035477
2780046271
2777591371
2775872841
2780149402
2775834888
15574666
2776357613
543595228
2780506495
2778159538
2777128592
2777733916
160663922
6878162
2778368093
203581463
2776071657
2780420883
2778608845
2779678200
2776103764
2779340680
2779651060
2781049837
2777975488
128706718
141846272
2779875129
2781075386
2777618336
152192407
68346564
2776672728
2776323813
2780983626
2776885819
2779760612
2778836913
2777816935
2781152196
2776478993
2779501929
2777704498
2780729185
2779926982
2775849836
2781195187
2779066339
127882523
2780226355
2781022627
96758477
2777636121
2776954651
1007266
2779787301
2777804265
2776696055
2780993713
21992297
2779213278
2777538862
2777535547
92801553
2780190685
2781177037
75796644
2775921910
2777967642
2778974482
2776693075
2780661485
520445077
2777679276
2781131724
48112700
45051096
2776031639
2778821608
2775986543
2779816854
27706067
2777635470
2778921234
2778581803
190379282
2777533032
2778379053
2777742052
2777925353
153740404
2778372221
2777091700
2776463070
68151297
2777464741
2778782749
2778893106
2778314570
2777500271
2777963235
56961345
2778199325
2777575773
24596685
2779075071
2776342725
538383745
2779250424
2777874013
2780568229
2779082914
54726253
2779194897
2781001485
2781418413
2777992059
188084074
2780648166
119746827
2781156533
2780903642
2780270875
2779167959
2778914936
2779710527
2778644878
2776585938
2780129554
2778272461
2779244815
2776392352
2780676863
2779298946
60671577
2777965090
524218345
2780348497
2779017109
9599637
2780831847
36566018
2776356376
2777926646
2778159086
91034043
2779399825
2779395910
2780245910
2780432925
2781027520
2781094106
82862341
153668964
27052491
2777160664
2780446103
82279013
151505593
2779383897
41867899
2779062471
2779488927
198446146
2776845398
2779365434
201280247
2779416230
2779261539
2777249218
34706063
2776838677
87234193
134659438
2780800243
33199155
115775671
187620970
2781338091
169902115
104759252
2777499344
87616379
2776126180
52176190
2779548160
2776950860
2777727814
170692843
183971270
193257486
2777647886
2780521236
2779342965
2779825465
2776379701
2779722735
2779531509
548217281
2778017226
2776335925
2778523980
2781405653
2778611838
172174893
2777362114
2779223216
2780166525
2777632111
2778728647
2778202681
93474598
2776186691
2781143842
2778139973
2781201115
2776437489
2776971999
2775987171
2778955916
2781373414
116166054
2777024059
2780557487
2777799938
509729295
2779636856
2776032070
2777488801
123201435
2779373954
192089316
2780870317
2777205281
12516257
522996594
2779226660
2779303948
2780228639
2779509574
107645774
110156698
2779992650
2779444111
86265019
2779928926
2780814955
86801386
2778760868
3234755
2778503627
2776351663
2776915840
2776912056
71360278
2777905299
2778315658
2777006572
2778528611
2778945725
2779748262
2778756870
2779424282
2777154746
2778202490
2779206083
2778176567
182312990
2780968959
2779664475
175021301
2778976716
135335626
2776396773
2779278904
2777950736
2780580272
2780711244
2779298159
7111173
2777685442
161051502
2780466208
2776020190
2780374423
2779172953
89794
2776075292
95480931
2776709581
2780164666
2781312946
183627027
2780089521
2781285665
85085810
2780422332
2778819760
2776128412
2776590166
2779372758
2779060006
53001019
2775940585
2781281779
2780313560
2777359644
56694342
2777803938
2776348852
2779724794
205484029
2777479802
2781261349
2779434653
2778011250
2779627259
558458218
131397539
2780023651
2781003913
31264824
2776888888
72218009
132751094
2781282448
118589477
160853947
2780656516
2780613260
2776500886
2776915394
2778240384
2779119500
21372837
2781078094
2777282706
2778430885
2779867676
2779860262
2779787154
2781022233
14641543
2776002162
3758594
2777853440
112008065
2778567037
2779038673
2778819570
2779107966
2777520321
2777240587
2779241781
2775870103
40905902
2778856018
2777932547
2780494259
2779714988
17058734
2779014747
2779625551
2779847598
2776033427
2778612586
2777883992
2780120041
2781216213
2777019345
2781417087
2777838021
2781360296
2779299747
2779937505
2780510141
2778563205
2779836203
2776180358
53858194
2776451968
168478624
2777971283
2780836151
2780113353
2779857170
177600075
2779065923
2778946984
205096519
2779261148
2780087599
80964368
2776015010
2779236335
2780585133
37773902
2777675914
511782119
2780550836
75507122
2780397349
41211711
148324565
2779868882
2778375133
2778787019
2777224025
2781162315
198826010
2779875523
2779990611
2777613908
3090818
2777473520
557252395
61521584
2779962852
2780121460
2779222841
2778042192
2780324008
2777295423
2779299144
541746794
2778378232
2780022839
131621758
2781121529
2780538094
2779465856
187155963
2781063725
154529574
2776195583
2778964614
2777277180
160999035
2781333323
2777252590
195518309
2778082733
51777371
2779438827
2777208626
2781209966
2779391145
2777113924
521897407
2775946814
2779112814
2776549641
2778618377
55087221
103022837
552425265
93377579
2780636712
189914265
11092464
2779502347
144741430
2777190294
2777116211
205112559
2780439326
2779982314
10869588
160786031
2779533931
2780687493
103648661
2776835426
2781349735
2777145589
2777022163
2775882960
2778618334
2779749868
2781193452
2776164448
77379859
2776003147
185618831
2776153502
2776466430
188924319
2777603193
145434228
2776167419
2779918413
2778647138
2780016772
149057995
183634100
2778828106
2780786190
71745522
2778208608
2776710367
2779415838
2776354646
2780350562
13852927
2777262023
2777022483
2778571376
95795151
2777678577
2777977891
2777978526
197515760
2778749631
2779081687
123762758
558299567
2778461148
2777027215
2781203223
2777915989
202527836
2780171897
2777687161
2779018484
2778099626
114200698
2780550299
2778425859
2778725672
2776949292
2776639234
2781366068
2778472752
87968889
2781063137
2779253855
2778018732
2776628260
76144217
45504901
204434341
2777278149
2777030141
177694709
2777412237
2779714797
198231283
2779683739
2778362435
524692358
151416629
2781069314
111420272
2780310593
5791170
132244637
2779808748
84505015
2780598317
2777753832
2780224108
34969588
2777315826
2776977782
2779121736
2776961845
2780335688
2781399740
2776639188
2779172860
2781221134
44104985
175133352
203458295
2776273917
2778959273
2781234862
2779898334
2780667438
2780705572
82341920
2779423483
3999047
2778624523
2777438064
2781121601
186569918
198877261
2779368400
2776942536
2780655730
2777760524
2776170973
125261785
2776554969
2780471320
2780512489
2780620375
2781070176
541409800
2779734045
2780532074
2776217543
2781384979
2775916815
2779335513
2780909375
2780257311
66969777
151998951
557305775
2778272233
2778031670
2781018188
176913898
173127888
2779658294
2778803647
2778560028
2780561795
2777950934
2778694018
2780781376
51452873
2776269851
68595000
2776486557
130983068
2780932040
2778009494
2780678879
12725497
2780693747
2776831620
2779185499
2779553698
2779679727
167924933
2778865275
18599908
2780262311
2777363581
2779672893
2777331785
124103261
2778651285
124042286
2779355935
70659820
2778323519
513874922
2779093567
2780788663
182566
536487076
2777833229
18667559
2777461683
2776404126
2777200954
2778036232
14918906
2780120261
2779279276
2777553417
2779281555
183806917
523496792
107482638
2775839188
2778936487
2776665811
2780232260
108499734
2776255777
2778816022
2780316368
2778395617
2780346924
2778160770
2780353943
173655357
2776528909
2775923278
2780879503
2779911704
55674860
80799919
2779771264
2776061189
151174432
544453697
2778734068
2776530628
2779965516
2777378784
2777433734
2779877585
2776569262
2779051520
113768151
2778815883
2780280939
2776465931
138569888
2777881528
2779738167
2781381076
2780100914
508889258
2778631509
38309615
2777517280
28718268
2778116729
505791185
2779669536
101173714
131297221
2776859447
2777738643
2776592054
2779603957
2777386904
2776993492
2777719469
2776978871
2779629367
2778884552
2777325935
2780827812
49454757
2776908627
84265765
100243477
2308441
17744445
2780229023
56670217
2777987579
41866144
2779372034
2777262119
2776313748
2781276832
2776303644
2780829314
70668095
82875528
2778537399
97460637
2779446405
2775854416
2780134312
68365596
2776176941
2775940519
2778525283
125046197
2776074363
2776034039
2777526562
2776433983
2778787252
2775846840
2780900871
8077954
2779381354
2781304311
2778178576
2780078162
2780756850
2780354737
2778740633
2778583298
25506797
183763965
36802531
179576964
2777263694
175180709
165364887
2777274200
2777606976
2777867547
57040075
2779063981
2779636406
2777777166
2781334886
11473988
2779703844
2775887661
2778370244
2777973936
502581569
2781274203
107344746
541182425
2779524352
2779591560
2776431443
130230813
118813454
2777890646
99216807
2778230046
2780722373
2778271084
2776656779
88009275
2781434697
2776561332
2780846222
2776814571
2780743169
2780880035
2778524612
2778310160
2777426200
2778484989
2776846602
2778809458
2779114044
2780851881
2779414149
141570072
2779999907
2781332025
2778119704
2779985659
2780674228
2780783439
2778106446
2777664656
52929581
95987861
2780726225
2777093188
33756811
136221606
167785021
2779396721
2780759047
2775843471
149340888
2781355846
159719751
2780081496
2780122918
36829320
2781034083
2778624290
2779126505
534663127
53538382
522019977
2777934722
131053937
2778991015
204304583
2778065690
201390133
2777800392
2779578752
200323278
2781317773
2777094623
2779288338
2779370744
2781382450
2776920388
2777831286
2779775112
2779681896
2779268921
2777827644
2780227597
2779926658
2775869689
2776982550
2776916405
202840682
2778136243
52614865
2777976867
2780177605
2780978553
2776769395
62555980
26761815
2777571817
199850653
2776269304
2780230267
2781397314
2780136215
2779842193
2779704936
2778179696
2777910647
103516714
21839126
2779457680
2779494657
2779317289
2779268189
2779688377
201960208
2779303654
182165825
2780276135
2780853196
2780086159
2779980258
19288939
2781074393
2776422902
2778076045
136492889
2779471763
2778660142
2778903259
2779563796
2779739912
522425985
2776231311
2778729698
2780650499
2780877353
512480010
114860340
2776811425
155631102
2779314157
2780685743
2780001159
178549432
2780745900
2778890288
2779670817
110516469
2777382934
2779415726
2776834902
2777115163
179737136
2778450254
2780210641
2780579332
2776465609
172342934
159972889
2776104083
126081937
2777437813
2777385265
41554136
2780028039
42014341
2780733346
2779910751
99881593
2776357260
112088984
47177190
2779209561
2781132585
2776650110
2777227123
2778484764
2777130331
514067365
2777003563
2778416007
2777056302
2776569816
2779841415
101572246
2776973486
2779055558
2780338368
2780902446
2780223854
2778567512
2777111884
2777080691
2781181273
2780237759
191630685
2779814899
2780989417
2779645016
2781394664
2779546711
58694771
185052227
2776543195
514839276
2778079644
2781203590
2776778444
2776576330
2776309414
2779840692
2776126882
2780155792
2778030613
2777843327
155153299
2777553584
2777036064
2778933048
2777678870
2779992737
2780777073
2778664945
2778586117
177505698
2779267917
162718105
190591210
136699151
1039755
2779326394
2776454994
2780239933
175700187
2778407155
2779018085
2779086009
24701014
2776439149
2776321234
28619717
2776149629
2776825616
48057960
2781108600
2777358941
110346835
2777886772
2778145024
82896369
2777369334
2780215114
2776154706
2778050638
2778299913
18570082
2780486356
2778588649
171773132
23381644
2776499295
2780572893
137992405
47344431
127910189
120064125
109511149
57996006
2778983686
2777291109
2776623912
138147947
199509603
2780107407
2776049249
2779955269
2778115161
2777769977
2779111050
541256628
177766495
2776243585
2778708595
110246401
2777887871
8184842
2777314847
2781180020
2776496525
151948712
2778348171
2780989379
2778336558
2777709352
2778237654
2781122048
2777772640
4121198
2780505614
2777371436
2780614810
144124626
2777956727
2779816665
2778340769
2776915481
2776971020
2779646934
2781321835
2780608447
21442874
2779218306
2775975545
2781106528
191068436
2781335502
107029721
2779686501
2776182290
2776653640
2780859690
2781141973
84115692
95201565
2779213998
198004926
150577722
2776380497
2777413484
2776794151
2776567534
2778914735
2776245486
61270903
2780072843
50291824
146937435
2779712439
2780373403
110361221
2778849303
2776837776
2781192959
74985258
179972433
196013401
2781248981
2778334072
46295352
2777239683
7918523
100701532
2780240303
2779391871
66185432
142773270
2776675403
2780586970
2779759067
2780134639
2780579476
2776061582
196351127
174918753
2776503146
179530779
2778149119
44628447
146303308
2776693646
552438157
2781238917
2777742874
2777083417
2780668467
2780895047
119574298
2778459495
2777405244
82543205
2775965838
2780339230
29299271
2777395600
2781407846
2778793514
207665656
2779099572
2777536074
2776154050
2776118871
2777206600
2778867918
2779080906
94196362
7991579
2779921323
72825876
2779685841
2778034468
2781342390
2781261322
2780525449
2777579699
2778157998
2780209471
2781193355
36389002
2776316965
2780143730
115145042
2776439401
2776239738
2777780185
2776705085
2776245402
2777528065
2779981925
2778924602
536601067
2801541
62933232
2779371364
95617750
2778277575
2776229289
2779158102
2777566476
2776765990
2777205943
2779801350
2778318755
2777566794
2778054917
2779991960
74939039
2780642884
107666737
2777982452
121850381
528591960
2780865476
2779836051
2780951929
185774338
2776393759
140610115
2776095348
2779958979
2777491762
139222403
2776705197
2780488065
2780325877
2778508979
2780474570
2775876396
522695570
2776600423
72445522
106432739
2781127438
2777623053
71156930
122349043
2777479533
2777134650
2776331690
2780583180
2780666240
2776805462
2776094935
2778472548
2780120696
2780220157
2779192177
2781017023
195711298
2778116529
2777812021
201991283
134724905
2780977596
2780649322
2778331768
96535974
2776506252
175014982
2779850738
2778408412
2777151429
2776459377
149997363
2776686351
2778426653
2778655473
2778766644
2777176835
513891491
2778383560
2778674068
2776212654
35756455
10144844
33636381
2778777114
2779467461
2776082968
2780400803
2781006470
2778616913
2776265578
2776323388
133437341
181680120
33796978
2776508615
2780159715
2777746940
111141941
2779180845
85106507
2779760088
2780235531
2780981852
2780494430
2779869040
17176066
2779921726
2775914196
2780953017
201717286
186183720
2779808267
2779269999
2778654662
2776614576
171906077
57637812
85476533
2776475922
2776219828
136418573
129047720
2777004151
2780789671
2780862182
2777667211
2778716609
2777949943
2779808592
13030316
82307848
2778063426
2777344117
2777930997
2778832215
2779576596
2780066029
2778290280
2777454302
2780588585
2776100843
79528506
14042566
92067355
2780263535
2778382518
2780052205
2779420486
2776351498
2780508347
2776490458
2779149517
2778991448
98528937
2776034101
2780504534
2777238470
2781189201
2776987200
2776398460
2777189831
2779096792
2779735493
2779131519
2780816398
2779908214
46469244
2777156411
2779536466
2780763165
2776788908
2779912424
549876090
53813258
2777377694
135584619
199679372
194695470
2778287366
2778047619
38786816
2780359448
2781299270
56858204
2777990375
2778558725
173761647
2778362705
2779775300
8662796
2781240531
2776228561
15981480
2777793089
2778278871
2779652408
2776018766
2778141721
2776895193
7612751
54606885
2778066700
2777955794
2777417086
2780252646
2776089501
2776123531
2777138395
199104845
2778794710
138336922
2781283787
2781035948
2776061088
2779392107
2779948991
2779915080
2777559183
2776844482
2778213610
2780183969
2778686639
2779144152
2776836860
2779089604
2778985074
2781053740
74676461
2777533384
2775969662
18769396
2777189540
2781190358
21333345
2779782945
2781008207
2779220635
2779096242
31170391
51179597
2779517930
2778663192
2781398838
92997655
2780723106
2778496058
2779592962
2780056967
2776629999
2781118332
2775836210
2775842811
203349471
142496292
537696565
2781061815
2778042049
2780875700
2779437195
2776191100
202286406
2779481823
16555193
2777928319
541756307
2779730337
2779815345
185518584
177986884
42745283
2776785393
2776967232
2778897053
10763340
175762713
2780035665
2776251463
43609274
2780352286
2779474039
58051837
158561935
2778727733
2778265923
2780129119
2780381704
2778068430
2777930907
2778679544
2781063763
2777861003
58911810
2777814699
2779181390
158324025
2776435075
2781095865
57827392
106259374
2781183223
2780578332
2778607876
2777609129
2780300103
2776298855
2780446542
2778391067
2778884925
2780506451
2780308236
2778180106
2780518707
2780525847
2779057293
2775972357
147547662
2778886770
2778899080
22502294
2779863529
193395930
2779737124
2779419742
2781366150
2776555720
2778339503
2780039695
2778196289
2778743336
2779098503
2780582088
201757107
2778317395
176311302
2776852824
2778211233
191656696
2778875743
8858961
2780361948
2780859220
2778767757
2781160306
2778485831
59411770
2777883683
2780497665
2781343802
2780244628
536953338
2780578810
2778241047
2777440879
2778517334
2779180946
2778952541
2777091892
203133693
2781132721
115470510
80984254
2778896209
195861665
2777013621
2780735018
2778220221
2776743220
200457426
2781044819
2775859855
2779891855
143177785
2781321262
2778897197
2778418249
2780932887
2780417490
20780181
2778845403
46355384
2779692794
2778911724
2778892409
187987016
2780667210
2780033643
2781207319
2776052105
2776828027
2777940867
2778613193
2781183870
2776659669
2781076117
2779063626
2780757523
2778698251
2781402433
2778735925
83009810
205467448
2776660038
2777637867
2779743996
79974875
2779135306
2777977979
68643176
2778293750
2779078854
2781089442
2777216025
2779679852
105001358
2776344727
2780460463
2779287072
2778703217
2779194064
2779944326
2779090944
2779336000
2780563280
2776840461
2781389409
2780097608
2776020993
140362716
2778710394
86627976
2779367816
2780600731
2779354859
2776154329
2777290162
2775852389
2780985302
2776585123
2779725110
2777531377
2780409006
2777731549
151956246
2776055477
2778348615
2776234507
2778708713
2780883510
2778740177
2779145018
2776041517
2776476921
2780430339
52250451
2778401094
2776844727
2777559430
2781374629
54990835
2778920669
2780850388
2781179984
2780847543
2781438025
512564126
2777357134
55214782
51402658
2775945657
2778782608
2777323999
2781431310
2778589402
2776365810
2777232200
2777663381
52826635
2781039245
2778005585
129631789
47602998
70095417
2778972121
2778778939
195064531
2776700917
93377909
2781046721
2776330274
2780192662
2778447678
2781385661
2779616016
2778233049
2779986855
2776893029
2779161971
35996082
2778719427
2780503550
2776689565
78303106
2776327882
2779882733
2780682393
2780423164
81934813
2779557606
2778495862
2779258771
2778663818
112951243
157294064
2778903291
123587114
2779876011
2779721033
2777326885
2776973591
2779512644
129794794
2781050511
2778243394
2776581510
35026471
2781238046
2778132726
2778379311
193303243
2777974031
2777995714
2778900764
2780596387
2776181820
2780048185
2776193806
2779417026
2781299476
2780156021
2780147423
2779080037
2780674924
16870431
2779904602
2777072894
2778195350
2777558089
2780281301
2779546984
137394190
78012757
73983045
2777898590
2780286027
2778476936
2777199996
2777557190
2780454388
2780265253
2776364013
2779209813
2781376426
2777932559
2781319531
2780802960
2776122629
2776983118
154482161
2778884120
2781052828
18411377
2779541609
2780633957
2781076643
2777227597
2776871600
2780469813
2779792833
2775877358
37058863
176614153
2778995842
2780560020
2776578811
2777815904
158129432
2777146953
156708679
2779953350
2777117919
531593650
2775914345
2777914114
2777212852
2780568288
2776839081
197487636
2780020723
2776428065
2777171531
170950685
2779357807
2779443986
2777106239
2780326695
2776780735
2781414322
2781175354
44910785
2781413071
2780032885
2780468014
2778820081
2777751599
2778960967
541019422
2776217029
2780129364
2777019632
7516956
2781238149
2778786929
205359131
117412055
2779888705
2781342652
69360830
133540110
536286131
2779311760
181575753
22711170
2778971329
2780358164
187088144
167595553
2777468867
2778397978
2775895820
2777598814
2777038452
192639820
2777238093
2779658105
191506330
2780491143
2779298356
28888115
33589975
2779693592
2778167749
136287216
2778169107
122308676
2780795282
2778548167
2779357855
2776346429
23042974
2777186514
2779846998
2776463841
60643870
2780112183
2778022972
2776745318
2779240597
2780097137
2776849261
2776414316
2778325511
2778918458
2777706471
2779001264
2778381420
2777712589
2778303734
168390386
2780570456
2776388438
2779119250
2777334527
2780309578
2778776521
2776701124
2778804158
2776185021
2781399855
2779877882
2776429199
2779381816
520455953
2778656907
2779745327
2779726093
2779154124
2777528455
172709515
186151270
2778231660
2776726765
117660856
200113983
68799949
2776017580
2781158071
2779973942
2778021797
2780644492
2781071619
53537400
2776701463
2779220166
2776247893
59577422
2780410052
2777470450
144486260
2778527208
94099799
2779973722
8614519
558602821
2777376224
2777512617
2776149187
2779428270
2776832971
2780196416
2779332937
2780225986
2777956611
2779321266
2780950746
101433766
2777904174
2777814368
109286505
79184162
2777742683
2777795507
2777225353
2780695099
2780932606
118061837
178592042
2776707044
2778559774
2779460522
2779504321
2777177043
2775939076
2777566824
7655384
2779570078
2780564743
2780757686
2776699868
2777621992
182461568
8705443
2781425195
72911578
2777404757
2777935054
141589671
2780509184
2777280009
2778963343
2776593006
2781400533
2780923703
2779582436
2777576009
2781455901
2777756828
2776018505
136810230
11011524
2775989810
30231744
2778725028
2777299998
2778752413
2781398405
2780400009
58213130
2779644706
2777895093
38000114
2777305981
2777371558
2776692393
2776274671
139997747
2781287902
2779526050
183759332
2777152773
81307892
2779916110
173278631
2776599018
2776592576
2778697850
2778372776
2780029095
2778605688
173145845
2779932138
2776240701
2775867934
59196918
2779296704
2779493567
2780097406
2779206921
2779872411
2775930736
2776686254
2776811224
2479394
64380156
2778789199
187457775
118698210
39685635
2780500733
199890267
2780746168
2775868463
115553253
2775923906
2776671327
63179974
19008590
2776478044
2776598948
190989730
2780867188
131220566
2778717104
2781470863
182986604
2777723712
2779172034
127400637
168982282
2777641519
2780363275
521023471
2777733773
189076506
2780343135
2777372486
2781109408
2779613991
2781410143
144709373
2779710374
542948173
2780247278
2779036198
182700496
2776237637
146032754
175522831
2777361425
27219730
2781358927
2780214911
13311642
2779766818
2781207483
528615729
2780967403
44394981
2781201427
165205368
2779583194
2779420664
99029307
2778480462
67677051
2778396932
2777939340
2777210155
2776205765
2777246119
110379092
43141900
2779941913
2777697126
2778031299
2780823520
2777255320
2779696365
2780746623
2776535079
2779659852
46304622
2780798870
2776375665
15500210
2777340309
2778265715
87341477
2778570504
70036468
32558975
2778553590
2779311032
2776701873
14733193
2780813246
2776056953
138449139
152697720
2778224600
25287524
205383810
2779529867
2775912402
167275870
2780761950
2778555274
2778222259
160118682
2779366050
149775602
2777047313
2777967102
2776237081
2781438671
2777317587
517642484
2780888556
49616208
2780625559
2776771720
2777581918
2778258773
2777543776
139043278
2780037505
2779101304
2776987613
2778815448
2777062240
2777141503
2781334022
2777364442
512654426
2779156097
2781338170
2776845502
2779083857
2780688418
2776581254
2778073360
2779470537
2781226091
135254305
64309325
2777834853
2776650193
552677042
89702864
2780182762
2776996248
2778222446
2779760912
2778875554
2778312980
2780259992
165377118
2778411557
2778004377
2778744706
61181341
106476913
13110393
506469952
109492260
199539241
2781163519
2779492320
2779310970
167740415
46617730
182095102
81601051
124717273
2776023356
2777711708
2781381931
62230096
2781398798
2776857766
2776630125
2781071874
2776794408
2780921165
2778889421
2781245688
556509198
2776399504
55507652
43658493
2777526916
125505783
164429055
519857247
2776552730
202611063
2777733444
2780919976
2780475289
2781154122
84425180
2776038606
2781034834
2780050116
2779100872
2778208572
2778325368
2779124611
44431859
23987474
31084985
2778206830
2779586895
2779873958
2778024263
2777979260
2778658864
167116941
56720970
2780367502
2779613476
2781238342
2779291134
2778219722
2778774565
2777407954
2778962692
2778069350
104182661
166805198
2780607196
2778227686
155030161
2777481183
2778664236
2779750976
136566586
32310276
2780367480
2779017597
2780384573
2780304931
201311423
2779462066
2776184302
2776180613
182004453
2775837209
2781384209
91720370
2776505840
27989647
201089411
2776356880
2780699969
2779968657
2777530032
2778490220
2780436627
2775874391
2780797879
65803133
2776501828
2776971778
2775933656
2777569906
2780702748
93891514
2779597145
2776357920
48185193
2778102385
31652620
2781033998
2776671398
130838757
2779022589
2780727272
2778129506
2777489351
2781012612
171460291
2777838212
2777975437
516533161
2781056848
204207695
2779177446
194928635
2779449101
2778388414
105072915
2780770214
2777257180
2781165058
2776744011
2778887144
553267028
2777964154
2778945127
2777167558
45112401
100479058
2776585538
2776630229
2781298881
2776560929
2776068674
135739579
2779850345
2778568500
2781026342
127454912
2777120244
2781256751
2780344220
2778332046
2777627711
2779860418
118767355
47806933
2777137687
2779882552
2776111113
2779697334
84425819
2781331696
2779490223
2778025219
2779034744
98545295
2780323112
46113874
2777198177
2777715171
90255175
115672447
2778426350
75608662
2781243023
128069947
2779371378
131275738
2780024618
2777575020
2779771192
69545681
2778357134
2777474416
2776348255
2778373590
2779964582
88199923
2780339416
96089941
2779448930
2779191989
2781222830
113513581
2781079896
503263630
2780674975
202509724
2780561860
2779006459
2776616709
91672089
2777872670
75482030
2779848557
19891933
2779325242
2778529702
2775930994
2778312367
2778004815
2780216698
2778815507
2778368945
2776675046
23678191
2780401539
2780215875
121578661
171496518
2780191829
60454596
2776771970
2778554304
2781426064
2777835746
196188918
2781257228
2779653078
67739685
2780422510
63504599
2777764873
28565579
2779518780
2779384198
197549326
2780623117
2779358839
2779439907
65117487
2776747690
179374302
4430244
73080045
94919774
2776864652
2777075126
2780405519
2780729036
49044703
2777134139
2779861663
124119293
130815828
2777474160
2777986975
2777293324
2780334102
2776297196
2779499895
2775964997
2776426656
2780859389
2776530957
2780582880
2779343108
31163007
2777835494
2775943192
2778815441
2778336015
2776269013
2779033394
2777110140
2778764671
24639291
193934123
2778750047
31889863
2776028563
2777626275
2777780933
2780207410
62456174
2776388311
2781279775
2779573300
2775949068
2777137776
2777553293
2776728070
2778824979
2780301858
2777952864
145642194
2780081389
198016048
100546448
124062932
2781069644
62172701
2779032275
58063344
2777537439
156160270
2776122098
2780755776
2778530722
200635333
2780548374
514011633
154193497
2777981785
2780180198
2779753035
2776300786
2779963181
98088147
500143535
525551149
2781268878
177047870
59269818
33842695
2777339959
69016650
2780319001
2778833592
189950617
2779370464
2780671326
2780271678
2780311923
2776900578
68163228
2776120595
2776560864
2777257554
148417208
2776706743
2777533875
2778804568
2776482743
2778979248
2778403301
2777275194
71760877
156998186
161829187
557418111
2778602103
2779680929
2781269069
2778952475
2778166243
162105630
2778731027
189326681
2776604553
2780519893
206389707
66898733
2780168134
57374464
2778509224
84515885
2777554316
2778065189
2778188039
2777690923
2777381055
2779623869
2777266375
2780342482
2776024814
90508534
181308471
2778610521
2781275694
2781160333
97872729
2779437392
544040105
2780309315
32558149
2778398314
96420161
2779132871
2776984126
510578393
2781409117
2778551738
75956513
2778437332
2776211767
2776723141
28160582
2780545478
60295015
2777110145
168042013
2780198215
2780396929
2779931795
2780903317
2776181196
678711
517468935
195419836
2780390741
2778552545
2778902089
2780248902
2777029439
2780184675
2776480065
137913393
73528240
2778058665
549778364
172421307
2780719378
2779049967
2778127285
2778185878
2776544846
2780262971
2780362431
2778381511
2778819434
2775867787
2777101753
2778426384
9072749
2779783597
2776736423
73712438
2780972836
2778339806
2777896903
2778018689
2777080662
2776439226
2776200073
2779500161
2778063457
2778056439
95831776
2779261617
25716021
2777935177
172008318
521423885
533356498
2776285655
2778496857
2780195874
2779554522
19185018
88564254
2778514182
2779227679
2778745227
2780359275
2776643683
2781421699
47128017
2780012737
179346444
145810771
2780442303
2780697943
2780132132
2778762179
2777823014
2781095502
2779171700
95691615
2780691134
2780800308
29852176
2781440851
2777957228
2778576901
2777799114
2779522735
2778186995
2778755108
58041660
2777751859
171368058
2778556977
196690852
169536714
143081792
2781425708
93239588
2776722196
2776850694
2779373379
2779507501
2779624425
2780782217
2780110125
2779785115
2776199816
142355369
138232368
2776319226
2778834186
2777853934
2780603675
2776026472
2777611584
2778944870
2781181577
61435691
2780888467
2777113782
2781328623
119517565
2777521019
2776225096
2776116353
147598955
2777133717
539828613
2777762428
2779457172
2780587734
2779997466
2776154022
2777328387
2776553905
2776447739
2776591371
2778031415
2776584595
2780313006
2777084153
110829209
2780767293
2779610281
2779948448
2779155810
2776948682
2780122648
2781397288
2781093223
2779602731
2777322735
2781110425
192143787
518773536
50787887
154098486
2780240584
2779655571
2778084237
2781255757
2780986324
2780732545
2776325225
2780008575
2781430991
2776605223
20402390
91166831
514101110
2780617216
2776040250
2777749871
75058329
2777822600
145129785
141666547
173283019
2778228618
2778219340
2779317996
2779881993
2778796999
2780434466
513059894
2776499153
2776985886
2776325488
2778005183
2779047222
80344994
103106408
2779674044
11347219
80114427
2777267155
2779679841
2778038044
595400
2780799905
2776465305
71406770
116179171
4355832
26733027
546784017
2777545871
2778378148
2776999314
2776051313
2779621813
147756684
2778614268
2777335479
44210515
202565627
2779230925
2776689000
104863432
2779294571
2779949451
2780616559
2777829406
529740132
2779113645
2679804
2780896343
2779782504
2780296941
2781464098
2780801025
2775892102
2778773596
2776862595
2779989798
135438419
542344755
2777458489
2778375452
184048983
2778294669
127107974
2777301881
2779338786
2778562680
2778321746
168902768
104151175
2780530298
2779072820
59061988
2776618805
2776162184
59742305
204242575
2777048604
2778481086
2781324684
2779219291
104977270
2779507129
95121780
2777908580
2776019780
2777967876
2777420088
2779911840
64055705
2778488155
126994473
2780574454
2778758649
2777961764
2776323928
2777121200
2776358060
66901998
165609540
2778568525
147077947
2777970778
2779328685
2779640001
2779132384
2776211690
2777668375
2776284651
2778525755
2778068216
2779816284
2778729106
2779846992
2778289484
72102922
2781017103
2780002933
2776949295
2779366874
2780045472
2778428725
2779663813
518677369
2777993278
150710463
10485196
2779440377
2780121338
31005864
16096599
48840187
33285361
15184622
2780587082
44665579
2777983025
2776033604
2778878029
26000529
2777205846
2777398562
2779410640
2779629460
2776119655
60545746
2776862454
2778221078
2780323444
2777897616
2777330363
2778653656
2781174376
2777098004
113670391
2779076573
11027740
2780651838
2780185301
2779791403
2776307088
76831024
2780532252
2779750200
2776755751
86060140
2778958804
2777813092
18650270
2779193079
545824763
2776889888
2780321696
2779994024
2777009245
2780489503
2778923450
2776376964
2779867913
2778551992
189423186
2779846593
2779755853
2777065712
2777976732
2776189499
158786674
2780018693
2777327854
92723977
2778861467
177244112
2778880830
2779883265
2779086719
76449154
2781135872
2778564397
198691824
2776920162
502083482
2779563551
2777756922
2777061734
2780872398
2780811172
151232837
137405303
2778682373
2778727652
172641521
2780310901
2775879710
15517945
2779265402
2778635277
2776704433
2776479937
2776647062
2777247022
2780178242
181961662
2780334473
2777452579
2777092991
2776901059
2780813523
100207952
2778459265
2781254463
2781319278
19334161
2778216348
2776407286
2777333090
2778590498
47751775
2777014229
60961049
83885720
2781158080
2780903044
2781277584
2777667212
2776306372
153725588
2779557268
557409657
2776387443
2779143423
2779676910
123253695
102213258
2778287980
143893037
2780400262
2777656669
2778046522
2777700719
2776662845
173871420
2780295577
146719748
2781429883
2779942391
2778063847
2778156359
2781354955
2779327062
2778692471
2777086411
2779382077
2781151208
2780116518
2778835511
2776831358
174378899
2777876326
2779408351
2780931059
97343919
70532380
2776542223
2776141643
2778173179
2780789303
2780907606
2777951267
2778308277
2776837164
181879709
2776869918
2781293084
112252918
24373527
82834280
2781329844
2776642110
2777076541
2776230555
2778873432
2779399222
2779836110
2776047374
184842701
2778300402
48918747
2778997920
2779529551
131364728
2776440194
196473076
2777967328
97483426
2778522177
2779643506
27194525
32506930
2778120210
2780581813
2777775118
2781045976
22983694
2777907605
2779581858
174064186
2777309835
139570282
2779037038
2777544550
2779318585
2778516586
2777973669
87612349
2781261337
26918590
70783478
79841651
44493715
2777084195
128194758
2778323964
2776505452
2778215748
87458943
2780253006
2779013201
138893092
2780045208
2777522355
2776213154
2779600286
2778237525
2778828899
2777695277
2776034591
18491966
2778747787
53941439
2780721555
2779980412
172400721
2780112919
2776233202
2780926184
2777673319
2777407180
2777996763
2779425851
2780746420
2780456498
2776874911
2776810335
140334061
2776824162
2776410362
2777760867
2776914638
2776757670
2776026212
505815749
2778430575
2778484579
2778165684
2779917698
158241202
2778330892
121752807
2779493863
2778480381
2781318363
2777974950
2776034490
2778814104
62139897
2779909459
2780402684
197528124
2777490255
2779231664
2780840467
2776697053
205459204
2779542436
121426985
186449174
94967912
522003407
193897990
172438850
2780875065
2780517887
47855350
117731710
2777964881
2777299118
2781428114
2777887517
67597806
2781179272
2780980963
2781049143
70565954
202194681
2778503277
2776938624
51957245
15997828
2780195191
108474776
93965254
2778197078
2776054725
2779441642
16920402
200990026
73086615
2780165033
108964555
2778363072
2778967817
119513131
2777579934
202645933
2779944131
2778971194
2777338717
2778789064
2776452384
110888244
2778675871
518936366
189043516
2779477837
70484302
2776873994
16759151
2778091244
2778808006
2781193068
2778597536
522180918
103548071
101216236
2778462341
2779153319
2779067177
2779507550
2779817080
2778985780
2777998684
2780351192
2776914250
2775994913
2778128385
2776988493
33364599
2779341310
2777097888
2776973623
114115404
2779509220
2775863265
201342494
2777622764
175815440
2777916050
2781305714
2779861674
2780493273
2779426526
2777970171
2776063613
2777573906
2780799514
2779090059
2778872837
2777740702
203404855
2780392938
128268270
2779755066
2779867129
150334834
2778254198
2780205159
2777626052
2781154774
178005623
2776493517
17756789
2780000930
2777268604
2780774565
2777506028
2777014136
71662882
536812576
2780770528
2776994046
2776196986
2776819663
2779488957
192948406
2779111255
120669584
2775857134
2781126507
2780378152
2780705574
2778424775
2780507389
2776529989
2779631092
157901848
16920918
2779137516
2777452007
2776288071
2777803662
2778476460
169437150
2780512353
135504590
53400578
544119611
2777874605
553403698
2776130218
2779666622
2779280718
2778585916
129161804
2776691199
101780184
2779949435
2780251464
2778668149
143266803
196297757
2777409304
2778928299
2781426162
538833194
2777339001
2776878773
2779173956
105843165
2780510186
2776614996
42298096
2778430866
2776083640
25228396
2779645844
2781408873
2778438495
2776980347
2780126709
2776742367
2778878205
2776763056
2777926027
189778938
2778914530
2778453393
2778588106
2781380724
2776344941
2776722302
2776156254
2780266686
536005652
143515210
2780393702
61305367
2778046797
2776923577
135532731
96562676
807232
2777575360
2777508843
2777618056
2780832612
168646138
17022365
2776346913
85866746
2776617961
8419299
165148211
145197507
2779972333
106881830
102139631
195338700
2779108270
73128472
2780407156
2777257828
2779737597
2779877455
527571333
2776539907
2781006188
2781299125
2780095094
2778480956
2777203310
2781350402
2780771605
2776829726
2778548152
95743889
2776622588
2778984155
2777917073
2777285651
2776991556
2779091380
2776122643
2777161012
2776263494
2780134383
142930883
130944947
2776030573
184753264
2777929517
2778468718
120912362
2776491508
2778671479
2776804445
2776959708
2780102126
2777160890
60959790
2778375574
142694845
2777321391
2781206798
73878792
2781021828
2778975239
142216141
2780102209
2776367888
2778786385
2776417341
158154518
6353995
2781201595
2779499894
2776102252
141449913
49493942
2780308038
2778151340
2777460937
2777330789
2777267470
36898998
2781195209
2780938520
2779546290
14881431
2778696663
2778386720
9114305
2777838786
2778367292
2776021475
7249862
2776733725
2779069675
2776554220
2781134785
12834510
67037518
2777358773
2779530609
2776408302
2776927911
149927359
2778966021
2781432261
2776173921
2779365016
2778981946
2780331565
47350684
195035870
2776945810
48891531
2778607514
106577941
2779018934
2779237648
2780574196
24025453
164061649
2779385722
2779755355
2777632682
2781185258
190974861
2779717315
2777649229
2777897565
2777814119
2778589794
2778007957
2777203877
538168058
2777537191
2781001097
2776922509
2779981345
2779652681
192524277
2776341797
508295664
60091464
2781125540
48538487
2781281852
2777266241
187687199
185874996
70133500
2776226258
2778379900
2776729102
2777434151
178016149
2778125833
106707866
2779469183
2776619012
2778558254
2780422015
198176432
2781119030
2781282479
2776648339
7145989
2779244840
2777361015
2779477246
18964082
2776429423
2778413827
2778890030
2779342884
2776291646
2777947445
2778066333
2780218261
5395021
2777861699
200288055
2779497213
2778985477
2776039013
2780975111
2778689087
130310547
2779151265
111326686
10676486
2776633304
2779234725
2777471337
2776889990
2778228061
2780386526
2779108056
2780158331
2779747850
2777947776
2780675537
2777246536
2778618534
42446240
2780555581
2778423519
51541366
133050064
2780358714
161487207
2781452371
2777527308
2781001426
2780687700
2780791397
14498672
32437296
2777380788
2777071145
2778988318
2779484474
2777995107
88764529
2775994111
2778306387
2778688950
2779813327
2777019924
2777361361
2778143008
2778936463
2777746837
166151441
2779448434
2779925080
2780992559
37228920
53632558
2776312699
23185880
70594193
2776859587
2777571088
2777369244
2780060453
2779324373
2781211894
2776444360
120504487
2777161298
2780230390
2778235781
2777075199
2778796795
2776540002
2780355282
2776824291
2777636607
156612364
2779321823
166735990
24542359
2779332226
10128374
2605201
2781439373
2781094974
2781356161
119588120
17632256
2779693379
2780612046
2776653282
2781055126
172886114
2779374112
2777640013
82368132
90924733
120498355
149830592
2778111040
2776315932
2776146294
2779528656
2778721907
190475667
2778950917
2778397520
2777257895
2780191346
2778975844
135874517
2779109816
2780506049
2779990267
2776670723
2781313665
20879000
2779952481
2780639879
102483414
532726627
157714500
2776765446
2776976423
54680960
2777802022
2776437159
2775906590
2776807786
2776189564
2778189681
2778495208
2776112055
176002671
2780131953
2777355471
2779442243
2779785308
2780703805
75808594
2777382958
2777662942
2778942366
2775949247
2776254421
111439079
2776065647
2777082830
2777849256
2779343218
2779183276
2776964894
2778071103
39343751
2776783006
2777875137
93613221
99959292
2778877452
2780040469
2777911443
2778766764
2781109436
2778986634
2781324349
2776295258
2781325360
2776121285
2776731814
2778148202
2777678268
2777708630
2777861707
2780609069
2778728124
2779292945
56408696
2778032188
152455256
13255150
2776877248
2777630239
17319257
133665095
2778787235
2779396233
2781360694
150126291
2776412729
3116431
2780105916
2780866537
2777877281
2780242740
2776805699
2776766929
533735693
2778286400
2780117210
2780792186
2779459523
2780066550
2777800459
2780086761
2779168726
2778354995
2780946114
152771951
2777410608
2777862052
2776769304
185468968
2779131109
2777698698
186745253
2779842240
2780895305
2776954415
2778511055
110157686
2777487520
2778687026
2780224610
2781217759
2781093426
2776601338
2781025454
2777512646
2778680907
2779923759
2776057402
2777779798
2778854227
68579090
2779136336
15306905
2778307483
2780316258
2779052584
41725355
2775952039
2780090376
2777900823
2780867537
2781240811
2779401785
2775909067
160356432
2778776601
2779497737
2779299062
144758338
2780045228
2778456462
2776845425
39549134
2777826127
179879699
179147850
2776927270
62100270
2780661219
2777400322
2776278206
155176297
2778919917
2776243630
2780219775
2776058685
2776810592
2776605987
2777575225
2776037993
2781337472
2775884009
2778659691
2776963527
2778512971
2776429162
200939439
2778165573
55683096
2776893234
2780388633
2779455488
99712631
75254596
2779658751
74914226
2780183814
2780560525
2778120587
2779102581
2777456531
116602194
195755200
2777366252
2779396426
61326887
2780234724
2777396006
2780469804
2781365743
2777230504
2777254668
2776819885
61974975
2775860194
2777297030
2779711754
136376716
2776558882
47936135
2776959873
37226244
2777697919
2779961994
126086293
2776517112
2778336876
2779437329
2775862761
124306116
2779910420
93229074
2777655326
58386926
22580236
48327123
2777572282
172195485
2776254333
2776492198
173917561
139970467
2781349114
2779697243
2775944640
2776176787
200953241
2778000738
202253471
539944628
2779804047
135397884
2781051412
100505606
2777723812
2778595060
2780765858
114386541
21435255
2777661119
2776927521
2775892892
2781023665
2776157319
2779594760
2775977338
2777750505
2776954569
2780076618
2776149373
1622189
2781249701
74080474
120397944
2779813694
168037739
184827183
180198813
2779890324
2776447319
2777232094
60288262
2779629923
2776235168
2780105426
52930066
2781110248
120302604
27023738
2780219900
97001182
2780833418
2777367489
2780858160
34974158
2777668055
2779404958
552535540
2776414048
2776934989
2781459896
164019391
142077812
2776145741
2777689456
2781079525
154085013
2778792487
2777264333
91553880
2778329027
2779279529
187907395
83154671
2778585226
2780928512
170706310
2781122768
2778787115
2777147595
2777327982
2780848434
102327988
2780682613
154511111
2779959477
2777965438
2775899499
2780773165
75732639
40757929
39302471
2778969159
72071435
2779742141
19159745
535058488
60083737
2781097139
168342798
2780493184
2779941978
2781290336
173076718
2780803407
2775970705
42106856
2780838449
2778742815
2779993654
2780749732
2778498428
2776406151
2778553611
2781298124
2777913456
56617239
2777196683
2776864210
2780476252
2780642461
2777366833
2778548246
2780114222
201577159
2781440619
2777842029
2778963084
2778755977
2778658024
2781096511
2777402285
2777129100
2778603216
7946844
2775963177
2779135267
2779361081
2778605646
165730261
200624784
2776301168
85667991
2778955637
2778561925
60090325
2776229528
2778282256
23592801
9158031
7888106
120432598
2780460829
2778228939
131866760
105578763
8990634
2778447849
2776731479
2777496522
2781349130
2779658867
2780612607
2777968963
78097553
2776647531
15553842
79512587
58659311
72832158
16210155
2776685549
2777917351
2776822914
2780082397
2776240825
2779935661
159505674
2780186671
2780002019
2776024401
202789569
165757723
2780435836
2776532966
2779190738
2779181239
2777650479
158954845
2779541514
2777936366
2780644109
2780130764
2777836108
2780038111
44736063
2779183389
2780310872
2776173463
2778347800
550951025
2778599904
2777782604
2781074354
2778060469
2779107035
165305551
88444380
2779942138
2777056800
2776211605
2778332407
2780924533
2776421592
2776004731
152588399
2781387067
130264959
2776299771
144530980
501299471
2779996830
2781256678
2776592782
2777899809
2780130636
2780494327
113252107
100229915
2777977083
2777208851
2776188090
2780277863
2776126810
29450819
2779627474
194111392
29188022
2777925989
113202934
88610354
2778675438
2780270378
2778968930
540791928
2776818581
2776232650
163981777
548445021
130359670
2778705515
2777218816
2777480472
2779312648
2778041995
2776458101
2777179543
472806
2776662834
2777674819
2776540173
2778420217
2777114034
2779467591
2778447074
93655579
3640955
2780672046
2779923675
2777805881
2779065011
2777370179
2780829552
139213188
2777818248
2776470967
2778806665
2778463045
2778736949
2781129577
2775921283
2780567000
2779676829
2778612855
2780438625
3987366
2781289898
2779184190
558001185
2778469712
2776240099
2778289389
2778711547
2776352751
2779105800
2777022838
2776950956
2778957163
512195291
2777257067
119670531
2775973746
2780253743
104831264
2777768678
155817851
2781270716
2777713905
2777473342
2778550545
49831778
2780378763
2777630927
2779748569
154843556
2780314200
2777406851
2775906885
2777051519
2781024833
2776883808
2778819808
943373
2776743668
2778550176
2775951005
2779175671
2778754916
84492177
2780192121
2781266315
42027317
2777919471
2777673361
2781133593
2776184083
2780901694
2776769642
2778507951
2777539295
2781459574
2780453122
93109420
2779857880
2776193868
2776793327
2778149551
2778044066
2778760837
2780977450
2777168162
169093310
2779379226
2777637838
2776263639
2781024500
2776209774
2778809974
2779331372
179179568
2780368867
2780039662
96756911
134657064
2779498785
2777905665
2776383813
2776853237
2779149932
2778178264
2780226292
198766705
2780429452
2778328643
2776530647
2777916351
2776714086
2776254672
2778183208
52417709
2779146641
145025406
2778573023
2780224667
50688660
2778883188
2781457908
2776617737
2781235076
2776636807
2779184154
2778903439
2779376262
2777027030
120692462
2778136407
206261972
49699180
2780142357
2781451963
2778843546
135121143
194939201
2781300771
2779615782
2777894721
2779961172
2775877427
76143314
160148523
2777080206
2777388754
2778482537
2781310284
2777657414
2777591772
2776965936
2780138886
2776640315
2779803520
186229450
154586829
103511597
114869243
52487910
2780346516
2776771889
6261512
542127796
2775857303
2778199407
58250639
2776889928
110928126
2781337346
188087704
2779997400
2777991116
2776510970
198777802
188968914
149702081
2779608769
2776574911
2776601554
56604090
2780542869
2778464720
2780402326
2776983415
2776304142
2779658800
23929507
2778578585
82596566
508466165
2777449773
2778920187
2779281580
2777472768
160515943
2780784300
2780770767
2779030646
4726683
2779454666
137757676
2777206262
2781073510
2776097005
12977939
2778874117
2779547678
115794218
2781349506
156928413
2776487047
35101386
2776196816
200646741
2776252960
2779445047
2777623114
2779410237
2777360664
2780085278
163176407
2780114137
2779467467
112365835
84880406
2779944969
2779839452
2776032986
165786947
10150695
2779728314
2779113568
2777195602
2780555501
2778993002
105938014
2780652975
2779399878
2776367148
136800757
2780705603
54028893
2780076394
2780862976
2779701973
2776643187
2777011736
2779627053
2778681941
2777316895
2779636881
2779383902
45846189
1531547
2778454966
2779020404
2775974626
2779597210
2778228885
54842557
2780042482
2779052183
2780870419
2778661615
2777739382
2778223236
2777336675
2777198399
2775849661
2776322641
2780860898
2775975177
2779018073
2778847347
2780040541
2781038237
2777102799
2777351069
2777957886
189464175
2775983243
2776209071
2777989538
2780696582
2775891902
2778088946
2776360696
2777217334
2776406285
2776970908
2781241145
183798492
57123350
2777854728
2780142462
2779375187
2781184186
2781316258
2779815430
538133343
2777109375
2775907273
2777169198
2781327663
2780714580
2778245292
2776843527
2779807384
52858474
2781005584
2778757428
136006765
116394254
558475949
2779879524
2779989747
111731309
2778505106
76485209
2779352166
2778479971
183668356
2780961201
2779610417
2777339212
2780464572
2777390033
2776001061
162723807
82807407
2779260980
108904958
197433042
2777669775
2776295153
2781185075
2778113424
2779168608
14587133
160735492
2779797433
2776783644
512338625
2779062368
2780633128
208050544
2776849891
102587632
2781205746
2779716213
2777076345
2776364401
2778768622
2776289669
43002130
161968269
2778527087
2777700574
2778746772
38815200
2780556332
522210863
121242521
548836952
167923115
2778786175
2781248266
2779739803
2778676447
2780166048
2778607123
2777596936
2776691681
140816279
2777792332
2777801525
2776746713
196247877
2779355694
4163816
2778840578
2778683583
185833185
2779680315
84309077
2778710377
2778164223
2780676006
2780522311
62062941
2781146153
2777565287
2778223634
2776346358
2780617971
2778147688
180917538
2775859345
67674302
2781269010
96572226
2777442094
2776485041
2778530191
8324905
2780287697
43225385
2779932729
2779182186
521181134
537991596
2778760751
2778935963
2779845595
2779712371
2777907920
2776863635
157140304
2778150757
2778392301
30455989
2777812522
81146079
2778800865
2779655753
80315480
2778585151
2777482408
547764534
9701087
2777276634
2779465365
35083754
2776170658
2781019588
2780597331
2779811551
2777202238
553381038
2779917795
2777098687
2776673134
2780153333
2780858371
2780534096
2778351658
40903975
2776500315
2780435932
2777829672
2779361543
2776409604
2777405374
189008255
2778252816
94950391
21714461
133863418
2776798817
2778498553
205971072
126374294
2780700307
2778543730
12718992
65654899
2776631992
2780322207
2777709592
197768897
2780040055
2779518175
113480226
71750763
2776487403
2779093747
2779871314
2777925277
2777244724
2781372084
189726812
48764862
124843488
77454
2780255542
2776068643
2776417498
2776399210
2778922768
2776913366
2778710390
2778992500
2776376731
2781363265
2780851531
2779518306
2779934063
2778962136
2780687861
2778664272
2780997200
2780144253
2777051285
2780608761
2780292567
54589662
2777972830
2777695644
151732849
2778062651
2777800016
2777125446
2776243991
179829708
2781005811
2778736808
2775874066
2778428080
38386238
2776778744
2779220109
155284180
2777687636
2776847301
2776784771
116314809
2778276147
2780014157
2780689377
130035107
2776957806
83448043
176053320
2779002533
526460871
2776511598
43653141
131319358
2778317771
96876682
2778806149
2777616528
2779180768
2781303978
60212765
2776096487
2780792123
2777505917
2780465443
2778505942
115505562
2778572843
2778657711
2779565383
2778998276
2779177650
2780852655
2780300305
2776782961
58929100
2779532319
134207755
2781071694
2777189325
520049643
2780479274
2780032104
2778881941
2776256272
52592926
2779751182
2776440481
2778486030
2780433410
2780787086
2777346333
2780852191
2776219156
2780530410
86213176
2777025714
2781023631
167277664
82922719
2778030480
89723896
2777028640
2779623578
2781232586
2775978638
2780822617
2778658105
2780765026
47867601
2776968172
40627559
2780114259
2778243571
2776217807
2780670349
2776748549
2779972410
2778768196
2777804443
2780003331
2780169623
171710108
2776452132
2775997990
543172590
103060772
2780556724
2777351106
2780474530
2776889015
2775974668
2778918839
2777352838
2778058428
53132857
2781299702
189326492
2779142459
2776898870
177907699
105379811
2776436157
2779062021
2775972091
2780385574
145993374
2778491941
2780516658
2776784827
2779742960
2777453505
83867959
126669455
2781304125
2778698365
60136833
2778280468
110754006
2776678869
2779509173
114104786
2778825692
2779347042
2778036376
2779965855
2778096917
531575709
2781394583
2776729895
2778114754
2778090133
546918468
529057624
161936438
2777316002
2776092450
2779776346
2781467665
2777661930
125209646
19096712
65664369
2780758426
2779767251
2778040814
2780898816
117355905
2777540445
2776366340
2778372217
2780094522
526372771
2781061807
2776421148
2776373572
2777721721
2781373051
2778529248
2780525034
2777693762
2778295384
2779579772
2776403165
119232533
20701700
2778003140
160129348
93263492
2780610479
511723319
2778244774
117909514
2777276415
1337776
124015408
2777375660
2779587522
520944541
2779027411
2776732289
2780620123
2776212127
2777072566
2776463563
2780333586
122707667
2776053703
2780151343
2777173616
10357712
2779296951
157734285
2776968495
2776680279
49427245
2779097861
156571341
2778076247
2776243541
2776961145
2776121739
2778345045
2780086578
2778911856
32035068
2775878306
47001410
2779873939
44877443
2776854086
2781275378
2775991004
2780067481
2776474047
2778249265
2777195816
2779426759
2779307410
176507212
2780424876
2779204367
2780167311
105066941
2777102460
2779505693
2780308731
2777363401
2780340024
41062264
2779391809
2781252052
2780410797
2780749467
131048989
2780170640
2778745459
2777331011
162100613
2777832980
2780786428
75728560
141548569
2777559524
206359480
2780855385
107727221
2779342517
2779572840
97835835
2781146142
2779150434
2779660204
186528591
69349518
2779845782
2778075251
2779653762
65257409
2778982101
2778960522
2780066995
2781315948
2780248203
2778954383
2778069356
2777667448
2775863160
2777239462
2779164741
2779317670
2777019752
73851307
2779221950
2777644304
140413371
93906722
103452841
104545631
2777685936
163401089
58140662
28265690
2779602196
2777858767
112947039
38377331
2779062361
558872910
2777748654
2778494651
545171759
91819851
65986115
2776846100
2776821332
162040827
204342414
2779165408
2777234743
56181019
89726949
29598333
93145625
2777455929
61192294
2781031632
2779495294
2777821203
108396393
147409051
2776607342
2778272532
160730041
2777894895
2779362973
130148452
2779023502
2780017527
142034724
2779807398
2776881013
98495876
2776568539
2780479094
2778042224
2778033127
537575062
2776739035
2780549650
2780710533
2781067243
2779439963
547867525
2780597079
179162789
2779590342
2780699622
2778912397
2780613842
2777438675
77590361
20757801
2779999868
2778624230
2777926079
2777294310
68170857
2776153886
184356942
2780001606
2780232407
2780127627
2776953410
2777557027
2777396330
2778877846
2779955833
2780949621
2776691689
2777006632
2780393519
2779217595
2777281377
69677690
179420905
88706889
2781271242
2779253866
2779655786
524211801
2778428821
2779819834
2777935214
43003075
2779214251
184530449
2780741963
2779725342
2777782279
2778305142
2775926139
2777708924
2780136399
2776851888
51064922
2777525968
2777667431
2775951321
18918823
2778112902
2779060938
79581498
2779982833
2776874759
2776983258
2776207721
2777350004
2777879282
2776543568
2777070848
2777239860
2779045295
2779020535
2778897627
2776949507
2778503091
2778491501
96427005
79434189
2775878175
2780460904
552854447
2778220317
112922203
2776218876
2778397037
41154696
2779321184
2776311199
88398751
2776590545
2777477620
2780634740
2779169798
2779200820
2779764297
116868842
10233921
2779873548
76217610
2780960742
2778150733
2777455403
57375061
2779940166
920782
2779964111
2780114321
186121999
2780437410
2778647082
128954960
2778646327
2777163549
2779968149
2777623629
2781453300
2775844064
2778837910
2777841327
2780500402
2780256237
2780521959
2779757043
2776697124
2779274809
2776271424
2777302300
2781166314
2776217573
2780243397
2780720752
2778999702
2779907789
2777161859
84387397
58583792
52888668
2779121571
2776825979
2777413507
2777080597
2780813165
2778570067
2780825356
2779967430
2775858614
2777086665
2781395167
523173360
2776890616
2778984636
2775904457
77171524
2781437451
2778936159
2776410895
2781057107
2778107873
2778348292
2779407556
2778081554
2778281468
122904529
2778968369
2777638134
2776955705
11620315
2779864127
2779451145
164799726
2778624368
25977355
2776535919
2779769154
2776813195
2779191449
178601582
2777703283
2777976496
514763279
2776346736
2780534116
158452297
2776813744
2777056959
2779766525
2778508424
2777279048
2779314850
11373003
2778598232
2780586832
2779698302
2780999483
2780375301
2780557893
2776939270
2776395653
2779374921
528131387
2778927365
2779960648
75969862
2779794800
2777187803
2779460620
149467695
2777735554
2775940525
2780887180
182034399
2780476725
2780504180
2779220719
2777408017
2778352789
4317488
2780068544
162017022
177520073
183988256
2776769935
2781145738
514942387
2781116641
2779077733
133652896
2779443769
2779434129
2777381828
2779076696
2777046079
2778002589
2780359582
2776337611
2778943168
2780015519
2779355995
2781246837
2780669235
2779373677
130392430
2781259832
22997703
2775980723
2781103023
188678523
2778092966
534091647
47242236
2779521348
12375903
2779930598
133750413
2777840804
2777563374
2776822937
2776701442
2777430643
10725020
2778172215
2778868856
2779610630
2780571617
2776196320
2778827349
120115606
204811540
2778149918
23170571
2779247989
2776135385
2779890859
2778049185
2777997006
2778144358
2778394406
2778831166
92178182
2776034548
2777658576
201670107
191935318
2780894974
2781254330
2778148140
139478191
170595211
2777063859
144402933
2777724804
9183409
78359825
2780086982
2780459306
2777816766
44211194
2778041269
2778576866
2779323958
2777506815
2778312127
2778236249
2777639620
2780432042
2775973004
2780141045
178283979
2778983918
2777336010
2778039770
37497375
2775908996
2780671167
2778879645
2775902765
2776651077
2779993964
2781459946
2776460171
2778166800
2779304910
2776093996
65917780
2777910284
2777797340
2776946740
2777554803
2777876381
2779510229
2779159196
530175646
2780092978
2777724838
2779390178
178377140
2779067935
2781125580
2780620491
2779110517
2781048586
2777671340
142675635
2776361280
2780549046
127916212
2778061430
2779909026
2776488190
2780353524
2780001282
2781253738
142172996
2779128423
2777645345
2780369001
2780766797
2780247496
2778021860
2775982641
2778026084
2775861526
199568422
2777052380
141070364
118946873
2779886815
80838124
100039176
2776855496
2781249900
2781080422
61123122
2776170092
2781437837
2780512189
2781446414
48284413
2779473830
2779435363
166178840
2777198272
47152248
187942764
120594009
2777854444
2777420246
2777701304
2780915470
2775974730
2776572681
2781123563
2781418805
14527384
2777501687
2779943669
2778674026
2779514449
36028050
2778602936
2779421777
2776149291
2777299649
2781145028
2780159728
2781386873
2780110086
2779818311
38731271
2777312653
2778111679
46612927
2777156684
2776118803
2776622560
2776024614
2779422496
74242886
2778193401
2778161261
27357055
2776225286
2779540527
2781042323
2779609405
26419350
138373888
2777026618
2780834931
2776942576
2779967654
2776738721
2779822143
2775870058
11922627
2776293862
87501996
141261163
2778732403
2775910013
2778228001
2777492516
98716237
551870982
2778894481
2779825147
2779545585
2781451263
2781167124
2780994530
2778354389
2779733813
19443361
2777200756
123676719
2779777834
106485872
76717236
102964294
2778456587
2776464804
2776287345
2780030507
2780127021
138551351
2776238595
2778337684
2781116119
165060548
2780527398
2778160393
2780984236
2778817777
2778083334
95286355
2778292712
87001247
2778934779
2781153677
2776096674
2778613807
2780289447
2780290423
2776203292
2778429564
2777919779
2775835907
2781352403
2776716633
2777709427
2780844723
2777805627
2776112927
1816448
521468368
2781222033
2780168281
2776813860
2778737534
2775855739
2776937921
72568745
2779510079
2776527518
2777939785
2781034416
2776141516
2780688348
2776272021
30048959
97500466
2778105292
125965892
2777890144
188159781
175316691
2780643141
2777032822
2777595002
2777181701
112525258
188888794
2779282124
2780093650
196227537
2779435397
125696635
2777068452
205664371
192906763
20429076
2777072333
2779859707
502529886
2779100428
2779533120
2775877706
531745192
2779426873
3468817
2779074529
2779741875
137863202
125331498
2778024086
2780838233
62989814
188167160
2776664645
2775962962
3794599
2779979027
2779634929
2778165026
2777802852
2779455803
2778081192
2777422712
2781350264
73413767
2777547446
1924225
2777515197
2776893095
2779563681
2781444942
2776085293
2779442300
541189924
2776111252
2777119466
26834231
2780598601
146847282
2776224834
2779470502
2775850394
2780028800
2779452240
2781119671
2779077710
2778715790
2776502561
2776427610
2781218421
2779677289
2778496601
10050518
2778315431
2776237627
174183944
2778025463
112994306
2780928419
27109026
80217655
2780055109
2777280039
2779878133
2780632572
2776643233
2776563504
133145927
2777861868
2780051701
2776525131
2778055648
2777828199
2777360779
2777637652
2779640164
2777107957
538473155
2779270055
55322685
2778837545
2780844469
2777132773
2777346233
2777732099
28197032
2776052517
2779804831
2778032695
2777716548
166667406
2779429011
2777637287
2778700574
2778179030
2778808915
2778588210
2779017129
2779785697
2778207064
2777042607
2775924384
2778207310
545805344
52091035
2777344480
2779736903
2778343834
2780230221
2779465388
2778990385
2778291008
2780427923
2776524162
202181889
158886217
2780831121
129362959
2778395451
2779400874
2776711246
2777492778
2779691039
2776154427
4306678
2779840235
2778006036
2777221323
2776454469
2777701636
2777628658
2778528411
2780279293
2779586040
2779204856
2780414751
2778525935
2781094898
2776964827
2779853053
145001724
2778357024
131932780
2778084537
2779387294
2776519394
2778709658
107036222
522325796
2776556224
2775966842
2781335037
2778900813
2778367287
2777854534
2777896191
2779861158
2777626329
52420254
2779925283
2776967331
178495626
179576951
2779621654
2778258675
2778880570
2778584109
2776091701
153206804
2776474481
2779379759
2775870751
2778409512
69215285
2779501705
2781280883
2779288016
2777945017
2780311030
2776876444
48487596
2780274960
131676636
164790872
149859251
48664494
2777221391
2779342366
2779487835
86615163
38671928
2779542709
186540954
2781133197
2775909303
2779263217
2776332928
42211076
2780609718
70883133
101336063
2778651936
2779153895
2780341616
2780303468
2777965912
2777197608
2775907854
2779715073
2780057328
2779974535
168763156
2779364751
2779131668
2776882368
521449643
2777266742
2776548249
167752473
2776579729
2777421796
8885992
2778564829
2779369979
2778544524
520798596
2778857455
2779778547
2777638717
2776820229
2776177806
2780762663
2777310092
2778799533
166545870
2779549880
71376074
2776427498
2780917481
2777227177
2776293397
2777280699
2778909468
2778860540
2781093310
2778180484
2778212516
2780005557
2778807487
2777355396
2776901828
2778722457
2778452349
2776428489
2778714702
2780049907
2777256092
2780916904
2780301145
2778567816
2779093590
2777251787
2776178595
2780773812
506520463
2779758020
2779387731
2778119676
2776806300
205960476
2776989080
2777597704
2780638523
2775914083
2778236135
2778679906
2779299245
59399099
2777447324
160159729
2775934350
75398335
181111096
2780038261
2776509339
2781424625
2777904711
2776360880
2779625059
2778896172
2777798842
190509401
2778190056
2776426316
2779790582
2777930780
190275765
2781285025
2776215956
35780819
139906697
500651147
2780029613
503426891
2778541162
2776475305
150959060
2780295469
2779341389
2780355892
199286143
2776768071
147859227
2777205349
2780623907
2777548101
2777770006
2779423855
2781403521
2777039461
2776799296
2780124851
2780058470
2778966417
2776126902
2779377496
2777348472
27564746
2776137998
170079324
2777712070
2775902948
2777754422
542530943
31829608
2776228073
2780789378
2779015095
132758656
2781316089
2776001192
2777652736
2777835648
167654663
2781055072
2776814427
2780332160
2778715306
2776775276
2778633926
2779884778
2779356469
2777464466
2777650582
4082410
108608090
2777175821
2779422120
141972094
2778414806
2779827966
18889420
105538184
2776613822
2778428519
53844881
2779653460
504113918
2776116741
80038905
2780067586
87702512
2781454335
2780761599
2780171320
117842684
2780719944
2777042776
2011517
2780498816
2776372097
4994750
84515081
2779070877
2776428473
2776753347
2776471761
2779514881
2779651174
123281439
170659323
2781352123
2777438973
2781055027
105158714
161681244
2781205358
39295825
2778240290
178408851
2779716120
61547137
2779443782
2780651236
2778477362
97350851
44725695
145313505
185656870
668760
2777512810
154478231
2777570850
2776729468
2778206934
2777104896
29848774
56983722
2776972931
2776661979
2780265367
2775905575
2780970783
2780971366
33313701
2777952455
2778995713
2777551426
75954658
58479451
2779103253
2776133892
93371752
5616717
2776242447
161322271
155785087
2776234999
2781396290
2778585658
2777188699
2779572371
2776593540
2777294330
2777804646
78524284
2779362956
144661447
2780522778
27416245
509929229
2776205810
2777227677
126071100
2781365798
2780755764
63711664
127547588
49718054
2780767713
2777682757
2777421848
2778937988
2776305056
2776825973
2778355732
2778502840
2780708161
125109622
2778997594
145928361
2780586966
2776462828
128658323
2778121344
2776007958
2781091083
2778903465
2778415160
2779989486
2778541215
124267892
184743266
81959379
146406624
2780386667
2775895756
105913360
2777556174
24911777
199535368
2776298738
2779379456
2780141347
2780099242
13543017
2779892971
2777453169
2776786559
2778421169
88286006
37847524
2779332096
2780976679
2778444522
2781334955
2775945066
2777827216
115314567
2775970010
2777486506
2777538416
2777882137
86432685
2779187175
2779915796
2776791371
2781202252
2776511575
2777769295
183178474
178640932
2776329517
23235847
2778222126
2777613848
2777557276
2780176133
114304616
2776461656
126082660
2776034891
2776344859
13010478
2780885024
2777204225
102213580
2780079832
2777553175
2779706442
2780541860
2778719256
52641369
179637079
45182516
158299639
2776952098
2776161467
2781004530
12722705
109606198
2778660456
2776064345
145521091
23130292
2781330901
2777705153
2779168389
2776097407
2780893452
2779423641
527784420
2777928022
2777162435
75767020
2777683962
2777242936
2777890316
2781306805
2780798865
132252613
2779450541
2776837796
97369593
2781301322
169768988
2779670282
2779313860
2779520724
2781288895
2776574835
2777821043
2776661704
2776905528
2777061679
75545042
111021475
2779957241
26869875
2780662513
2778296811
2780266477
2781103049
2777666786
2781166594
2778419774
2778534711
28858896
559590911
2780777579
2778970405
149215556
2781071349
2779270267
2776787332
2779758623
2780433941
107365899
2778945044
2779368008
2775934100
2779692237
161715444
27518888
2781041963
2779140086
2777383266
2778338176
2778561184
184386139
2777158363
155663085
2778246618
90017118
2781233147
2779709662
2780216694
2776187960
2779109526
2779821702
2776132280
2776975922
2776512386
7807463
2780238556
2779580855
2780744452
2776841582
43349283
2775975458
2781462180
2779879191
2777036725
190973436
49230009
2780701452
2779607744
68220480
513380476
62148136
2780333494
2781251770
161140093
132778050
112136304
2779274254
2777788812
176767782
2779325035
2781316544
2778554109
2780395349
2776852006
2779234418
47680530
2781062152
2780252088
37413474
2781374020
9335704
2775911130
2781196610
2777065809
2780815947
2775954502
2776772881
2781140879
2776045127
2777515860
66861063
120144228
2781451257
2780381690
2781227721
2776961745
2777501755
2779359962
2779930594
2780686234
2777159038
2777113874
38760176
2780278240
2776855904
141363852
189828127
2780465195
2778676912
21279758
2779191767
2775945889
2776437466
2778047466
146897074
2781200637
82991006
2776838936
2776738710
2779142965
2777201701
157623354
2778815591
2778906227
2776212658
2780611403
163293594
2776970489
2776237668
32561294
2781105689
2779683596
24459378
2776734549
2781137002
2778910349
2780032754
2779952102
2777959801
4363049
2778521217
177324205
548578009
2778613316
2780795606
2781002587
2781301651
2778197883
2778595328
2780209953
2777222726
2779722920
2780824264
2777962588
2777883361
2779590855
2778823110
2780608745
62360432
2777610290
2775833480
2777730981
2775871296
65916561
2776373749
2780769347
2776827894
110350745
2778420088
2778512024
2780216001
2780357294
79165680
162147138
2776724182
2776494319
2777388388
7218064
2780138845
190114075
204441458
141612008
2780935287
2781016034
2779529814
93835405
2780818501
19122763
2776289120
176165272
2780910938
178219300
2779013012
2778492718
2779151970
2780747901
206831385
2779955162
2780197003
2780111930
143111906
2776120478
126397004
146834321
2776155077
198895044
2776559448
2777383968
2777432636
2780725577
2780335305
2780149159
28129649
151580194
2780831967
2776537382
2777239061
165275437
2778152407
151957068
2778419251
2777130985
2779843078
2776525638
2780671741
2778291681
2778456923
2776120441
2780638930
2778638182
82704808
1415893
80245801
2780850261
510346563
2781166596
2777129469
2777532019
2779734389
2776467924
2779991023
136908173
2776161090
175737817
30730545
2779414707
2777401109
2779443221
2780775541
2781205572
2781032655
151807755
2777612208
2776453230
2775896093
2295859
2776615145
2776435792
2776746162
19510916
2776516833
2778470434
2779490853
2776833090
2776065979
2776526686
2778103768
45993470
2776349016
3604424
167693441
2778576526
62085286
180614257
517823627
2779715453
2777205839
2778672473
2780631933
71558431
2777172345
9630246
2780378559
2777643076
2777366047
2777305114
2780188385
550072180
2776090994
2778140001
2777980470
2776604462
2779404633
2780381905
2778101275
2778445371
2779822130
2776950883
67577133
186523255
10314817
2779027989
2778877664
2779387121
2780016070
2777636222
553683147
192250389
2779438286
2780936997
2777512984
2776204495
2780802566
2776911728
2776139478
68245017
2776375676
2779645999
62908951
2777480236
2779006064
2779036369
137355542
2777178263
176019070
2780127479
2779705425
2779297142
503602615
56858530
2778597007
2778897590
2778917827
2781211013
120752739
2779061312
2776596443
2780858551
2777439000
543908354
2777580827
2776926783
2781073964
555826173
2777168323
2778453846
2780725026
2781188222
2780619561
2777030201
84571831
2779075525
2777632292
2777865929
2780160509
2777856039
2777079980
2780398359
89862778
51575053
2778976928
2781368961
2779070461
2776569129
2776415090
2780379556
2780099192
2780188178
179958297
117438556
2779468860
2779566919
126806153
2778373580
2777066532
2780798557
2781185420
2777791814
2777234649
2776628460
2777371845
2778910426
2779175407
3305159
2778003668
2779793952
2776990979
2781206257
53299243
2776686526
2780393073
2777746568
71343576
2778917007
540431452
117981818
2776449231
2781018821
7066026
143385712
2778066015
2777894443
2776469124
194229684
2776274236
197924869
2780668135
2778380625
183390716
133769301
1022313
2779266080
2775930319
2780495726
2779191790
110217358
2778843087
2777625722
2780838347
2780565822
2780080154
2778380629
187328666
2779217112
520712124
2780562031
2780920815
2781406851
2779984026
2776062319
2780600824
2775899717
2780325733
2776696326
2778703183
2779236429
101676477
2781194347
2778748275
178429953
2777197270
2776802951
26835255
2780646309
82071709
2778719706
2779011557
2781138228
2775914699
2781426709
2777299946
501832835
2779655701
2779149496
2781459358
2779922007
24076586
2776394959
10180917
528626486
95389739
2776642725
2778501726
2777056358
504945742
2775883680
2777350617
2779451050
2775954486
2778209070
2780763229
2780117105
2778831066
2780062483
181282483
115963174
2777694277
125559964
2776437845
87631012
2780105918
2781160718
26595155
2778157386
2778903977
2777445618
46934059
83696900
2778737635
2780815959
2777981974
136576888
2779430500
2777163949
2777837046
2781451568
2780752526
2778751651
2778387276
2777255423
2780269213
113282164
2779057765
2776040635
2781147180
98202634
2776139558
82823613
2776340725
2779198524
70789860
2777329610
2779956745
2776157962
2779975754
159717818
45392927
83516724
2777511315
155504147
110956428
511942196
2779688976
109005114
2780459134
2776751993
46415393
502111187
2781180851
2777235686
2779494437
193681711
2777617010
2781042783
130762594
33569630
11460237
2777299276
45184978
2779631480
203715995
2776353586
2778832681
506757014
2778474792
160151201
183735805
2776311859
2778958867
2776200136
2777166456
92956704
147284848
2779758792
451841
2778759051
103835126
52416528
2779807544
2775968911
139043946
102940268
2776763724
2778092134
2781157960
31843809
2775982628
48226144
2780576646
154246554
2780572298
2778139618
48158472
9310783
2777359062
2776853841
98643919
2778227311
2776248268
128069549
2777999536
41127654
2777507150
182957341
164426346
39453970
2777704027
512918668
2779557684
2776744615
116190364
2778648382
2778623652
2777821386
2778209295
108258172
2777292281
2777236939
159926677
2776172274
39838435
16729673
2780698512
2776249326
2776261394
104861157
2778323131
2776886520
2779487544
2779373348
186764553
2777999585
2777405217
2777310278
2777717630
2779643047
2777502486
75056394
2778846185
2777522198
2779582044
2776921997
2777899161
2780583870
180567365
2776278127
2777862771
2781279267
2778311816
2776444877
2778673645
2777779806
2781403576
2777062493
2778893458
2780638945
2778605801
2780440048
119452085
37323507
2780950642
2779666615
2777648489
2777176845
2777138209
57868080
2779622674
75148888
80370480
177897776
2777482740
2780335520
2776747472
2777303722
2777409619
2777617162
2781058233
2776672683
2779768198
2776797986
2776266046
2778875115
2777885853
2781289151
2781337469
2777314410
200724805
2776274145
197241132
2779853622
2459248
2776354556
2779592597
2778084680
37653941
2777895073
2777180732
6749043
84769239
2779800219
139423300
2777910564
154527381
2780785604
547727832
2779422693
2781462389
21711469
129004444
2781070552
124019918
2777998994
35361118
95987869
554814386
42411275
170802524
2777720223
536738050
160203468
2780281770
2780303676
2779344115
2777585279
2780156244
2777351259
2778070443
2777130432
525721215
2777426229
2781061245
2778494135
2779184147
2779083457
66871177
2780107653
116537
106165879
2779917300
2778888736
2776012147
2779427955
2776517437
2778069335
2777518938
2779919105
157298493
2775960803
2778310570
158713421
2781319643
110698143
2778603726
20555606
2779403270
2776721811
2777547383
2779136407
2781278843
2776680057
44885626
46839409
2778793908
168127410
58047569
81286331
2780913751
2779802117
2777439641
121557403
2779848117
2778866071
117774814
2779398728
205899878
2779904498
2779033419
81631423
2780808987
68386048
2776544115
2778937617
2781231848
104880618
2778047679
122727641
72614640
2777483770
13367683
191432875
2781192193
95676670
75050079
75701414
2776352886
2780111994
182517487
2776671265
506584322
2776627592
2780308368
2777944934
181190989
2780752204
2776915657
2780441185
2780371414
179239836
2778974508
142897916
28613373
2776789421
2778630691
2776117512
2778519575
2778182931
2776453310
16919520
2776903350
2776455348
2781378201
2777558666
2781040943
169160293
2779139022
2780550144
2778399496
2778330380
2781093997
2778555932
2779227917
2780952101
2779403389
2779533911
204918333
2781207099
2777016846
533584247
2776801101
2780526057
2775977231
2781414147
2780449680
2775954689
2778810531
2778008703
2780758404
147268084
182021174
2777724105
153606108
139268390
2776533326
2776757067
75011936
2776204046
2780127507
23612490
58393919
2777805148
2777629440
2776844756
196927870
2777082276
88527984
2779733630
2777710833
2776174311
2779470443
2778056563
2777897930
2778539823
2780217385
2777265855
29513703
2779397844
2778919839
2776140832
2779532002
109995640
130736793
2781071265
2776931949
2776439836
2779463359
69775031
78606420
2776563008
515798048
2781188991
2778873523
2779511760
2777514068
2780951941
2780742699
63926552
2776327544
2778260400
2777765802
2781382301
2778753367
2776827251
2779554118
2777060688
2776688250
2777932065
2781444384
2778208014
51351910
2776248220
2779971774
2776873219
2777998363
2781442391
2778700663
2780748259
2779089590
549564607
532482828
2779240834
2777938131
115174607
2779602316
2778543041
2777228553
2776263506
520231410
77527283
2781439815
2777664632
134698397
2778796478
2776900795
2775906566
142715775
2776656818
2776478984
2777824045
2780094509
18414002
2780924226
2776911289
2780371621
2779604743
113616995
2778985835
2780958017
2780245034
2778448668
2780196895
509133132
2781061370
2777619806
2777267482
2776173825
2778142520
2775841498
182769425
2776539574
2780521234
2780633958
13934251
2776820240
2781417585
59149807
2780070616
2781419290
2778181486
2779449393
2777940471
2779538836
2781048998
2777093774
2779817349
200270571
2781014232
2778184359
46227865
2779911256
2776050585
2775887864
2776129789
2780666506
185020186
2780070776
191616025
2780179613
117374575
3963096
2778882337
2776324910
107525826
2777813064
67600269
2780684540
139341118
205933531
2780416216
6505270
2780789448
67820243
2780975796
38014559
2778780086
2779015535
2779347319
2777597347
2776830445
91064468
551662922
2777344808
2778354632
2780797712
2776116636
2781138068
2778200237
2778327320
2776623290
77922377
2778616369
2777718606
2778065120
2779740382
2780320731
2779923358
2777093261
2776038179
76944698
2778693558
67448173
2781333626
2780889181
16189245
2780292757
2777784230
2780886832
2776254235
519736861
185994504
2779233565
2779808665
6418782
2776639931
41458344
2780060422
107646953
2776129965
2780268106
2779166263
529147693
2776734470
51303962
2777616114
2779913896
196409467
2778894142
2780033820
2775880808
2777272352
2779204502
2777472293
2781213906
2779406071
63648348
2777645883
2777381220
2776511611
37736160
521078695
2780481577
2777037898
2775937065
67363961
2780980845
2779534841
505623098
2778389784
2778529423
58399598
2776520054
2779541081
2776923973
2780990090
2780966724
187667220
2777416314
13338236
2776369624
2779791860
2776352690
2776793119
2779444201
2779785377
2777029862
2779441576
55762236
2781010004
2780542009
2781160424
537843408
538316197
515810507
2779105887
2780906298
2780086219
126076107
2776573520
2779714973
2780090304
158071213
2779232732
2778273822
155310634
2780236659
2781190941
2780734583
2778279454
108867877
2780859990
2776443352
2777179996
2776299388
39511330
100122410
2776601285
2778098594
2781008272
2775938507
2776450744
48420174
2779599859
15302153
109986646
180379752
2776251093
2779572086
2776501170
2780625485
2780763722
2780752069
2780719617
2779555995
134819137
2776591399
162199757
2776946107
2778541499
2776607877
2776776935
2779100972
180591056
206619068
2777140347
2778164351
2776457133
2777603532
2780277726
2777151499
2777765789
36201420
2778770431
2776027388
60930217
2777855027
2780621212
2778934192
2778832405
2780775370
3189292
2781051322
91417265
2776317274
2780857596
2779701733
2781169797
2776210200
2777555668
2776687834
158830683
2780261752
2777571375
2776855753
2780611192
81819989
2778133830
2781436231
2779243624
2779772938
2777073957
2776447705
2781378942
2777679245
124395171
2776262750
2780915703
2779056723
2779505540
2779087210
2780746132
99236670
2776515129
118710137
2778365744
2777631523
2775970487
45237549
2779022470
23507950
2776737808
2778764708
191953296
2777302886
2781199925
2777655212
2778124503
64744279
2779412353
2776232172
528182289
78488172
2780469320
22467394
2776331573
2776647852
2779790601
2778571727
2781043698
2779865127
2776249218
2780308851
2781356325
129930760
1335810
61267812
2777872918
516295512
75952962
2779298689
198954963
2776196091
196187386
2781171240
2778327228
2779306362
2776477725
2778798543
62043021
2779836642
2779599118
4698774
2777220410
2777477448
2777755142
2780535194
2776549775
2776424982
2776793314
2781163912
2778976748
2777371020
2778041790
2780660254
2779066514
2780151099
2776548248
2776129495
2780883770
2779522701
2781083359
2781421961
110492413
2778244660
2777395942
2778109456
2777660394
2777877159
2780927682
2778997272
2779080126
23302255
126313176
2781332184
2780962165
2780265748
2775895549
2778923067
2781099684
2775894529
2778371630
2779770821
50888502
2778891717
2776836562
2777176204
2775973094
2781442640
2779849719
2781395907
27681971
2778017510
2777601132
74243121
2776572589
2777211311
2780714602
137789499
2775874189
2779783285
2777389783
2779963164
2779644931
2780422364
2777668682
161242877
116168712
179995674
166953337
51672120
2777853111
2781373547
2780069001
2777054862
2776455705
193279874
107101626
2778487114
27462124
154818168
185904146
2778356780
185436325
158707315
2777595575
2779979418
2780541349
2780594585
2779956115
2778782981
2777607977
2780681036
2778978118
2778449503
106509512
2780520809
2780559241
2776892586
51083055
176721413
2780773072
2781370091
2780614220
2778488369
2780222777
2779344036
2776160632
2777593458
2780839550
94625758
2776990098
2778332296
2775975535
2778229411
161167727
2779144670
2776648899
90487128
2779606090
2780660336
49906088
2778299924
2776663854
2781252542
29985473
2777962768
2779501167
2780874196
22299250
2780875785
2780208563
545981631
133193273
83645499
2776185658
2779061762
2776678367
2777688943
140280474
2780030267
2776045682
2778283051
98913605
15122004
2778892158
2775993764
187651312
148427055
194506181
2776117504
2776523309
2778227907
2776518542
2779668507
2781004930
2776474809
2776138149
2780256817
2780369557
2776784638
2778295318
2778759732
2777309732
2778682666
2779627614
2780098792
2776354099
36516193
2778735886
2779762549
2778414222
145818295
2779651861
2776948989
2778030639
2780620541
2777901464
2780978361
75923793
2777972825
2778057375
176068456
2776000964
55447825
2778633041
129618958
2777762402
2776856356
2779336638
2779848146
2778320176
2776817388
2776262161
2780603425
167254554
130807389
2779423765
2777018176
110708847
69409115
2778227042
2776146408
2776179925
2776868930
2776534028
2776369677
2780895688
122972321
2776519673
2781443508
2781023928
2780443479
2776732386
71508700
2778736515
2779683958
2780957523
2777301445
2779905815
2779025965
2776702525
5455396
2780873137
2780193729
2779575694
2776596588
60291724
2777348116
2779598506
2778937729
2780805685
2779281402
2776854237
2780081655
2780534388
2776315941
2781463953
49504249
2780144342
2781095107
2778712577
2778756804
2775933685
2780005421
2781287053
2779815945
2778484087
197957934
2777134520
2779194640
2777672125
2776184353
2780493734
2779033891
2777214745
148834064
2778226658
2776620684
2776158555
134975968
2779558720
2777120220
17163166
2781039643
2781205494
59377095
200930007
2780997998
2778105114
133741464
33518704
2781400479
2779981229
2776323365
2780105190
549716
2779279438
2779051552
2778719785
2777309086
2778098874
104513104
2777785971
2778606836
43487242
2776551199
2779673463
2780619892
2779453331
2781403248
183703185
2776011495
2777990593
2777469093
2779028778
2780884358
2780031015
61486525
2781297924
1014953
2776415786
165107724
2776099877
130752156
193474419
2778083451
2779064071
2780842852
514053055
2777687862
2780629733
2781045264
525452385
190136086
111874474
2776802018
2776578604
2780997048
2778875440
26011011
5283578
178595485
2777480542
150018143
172567333
2780591783
2777299398
177679114
87374668
2781308888
2781380594
2778586346
2776677649
73495956
2777885895
2781386459
138368954
2776900844
121017731
9716008
73380752
193521449
2780728977
2775894251
2781299629
2776445660
99574664
2777301405
2778976927
2780849931
2776778218
2781468435
31196326
2779237647
30505746
2777559605
2781385186
2780350541
2778632908
70999106
74892257
2776398076
2777552604
2778961247
2778986839
2776518881
527016502
2779081730
543051216
2777380792
2777848837
2779786915
2778304752
2781168864
2777427917
2780441040
36181114
2776932993
2778919694
2778102662
2781409277
2780624852
183761623
2780893726
153909081
2780543919
2777730747
2778807953
195277927
2776557979
2778449271
2778403127
2778143835
2780514251
86087046
2778973470
2780740300
2776776251
2776808166
2779843320
2780814911
2779068150
198597936
2779742664
2776761254
2776257305
2780188227
4743615
157532075
85289506
554474210
202494893
201175573
48798503
2949467
109703566
2781078320
2781309063
2779061883
2778415441
2778524050
2780693637
2778435099
2779646766
2777827326
117763746
199915308
2779052417
2777122596
2779455057
2781360888
2777922990
183466734
2780121217
2780063449
2779838665
62760934
2777661499
22313048
134827381
2778358470
58604966
123108692
2776851576
2777484922
2776233197
113160883
2777126661
2776271055
102938260
2777573872
2780807029
110269972
174463049
2779029474
2776804687
2776060655
2779567878
112907358
501008422
2780142257
2776430950
2778966433
2781009399
2778075270
2777550568
2780650946
2777818232
2781098553
994546
2778826181
2778834893
2780881543
27254500
73057352
87449379
2776523689
24845683
2781288016
160196461
2779091180
2777632005
538525177
2779199018
2781264941
2776750484
547231352
2780434635
2781033166
61927010
2779010840
2776793201
99753626
2776675952
2780137866
2778070582
2778421134
2777087435
2779271867
191722172
2777765086
2777350437
2777305734
21659813
2778203169
2780572429
129209150
71583051
2777405973
2776141014
2777291341
2781350838
2778033076
176049440
2778124909
194715964
2780285581
79638320
54649085
2777582869
2779445257
2780946765
2779056439
2779101040
522434184
2778327484
2780893092
2778970980
108713360
2780985571
2781369472
6968784
2776325125
2780351553
109424252
2781221433
94866874
102051916
116574269
2777897704
2778714722
190377246
71909290
2776680780
2780781972
17084088
111008707
2777857893
2780714801
7714695
2781286702
155184778
2777181528
522562087
11012388
2777900618
71043370
153902761
76178495
2776300727
2779183774
2776304849
2780926748
2776579836
2780845669
2778891159
2776547937
10446079
2780853167
2777433830
2778333325
2780840892
2778949772
2778181170
2776295855
2777146892
92063252
2779337550
2778749371
2776876785
2776863379
154593698
2779160553
2779221692
2777553895
182460457
2777810591
2775955634
139345896
65414064
2776226489
2778318841
2775924837
2778430560
156733173
2776744804
2780642356
2776907558
159493777
2780143028
2780597233
36390272
108169481
2779918539
2777829947
2780170866
2778998899
2780000589
2781187916
2779247790
2781340655
2776628384
2777391271
2776193682
167302904
2777142688
2777781425
199728807
2780338674
2778750004
2780669871
2780502679
2779287061
2779316465
2778523034
2779589629
144321074
96219163
97105734
38693133
195613447
2777319373
2776569183
2776143561
2779648811
2781463252
2780144604
199800338
2778142960
551624427
2777054167
2778745096
10021790
2779774685
2777429195
2778032371
2777019801
2777110788
2780889827
2780944079
2779473644
2779511622
2776087790
2777866547
2780112862
2776452267
2781162740
9765240
2776779800
2781271479
2779028318
2779216864
135389021
2776702934
2778292767
2778420931
2778330474
2780360788
192277820
2781344866
35730967
2778958606
2779518469
2777525319
2778047888
2779094126
194672531
2780421013
2776762034
2776128617
2778106584
147147588
181169782
2779249983
2780640296
2776330005
37952496
203566152
2778601792
2775991983
2776283789
2780403999
2781366508
2777049673
2777098093
2779154712
2778526259
2777415928
2776820792
2780322770
28277920
192360978
93678727
3781247
190857496
120101462
169743794
64112556
2780818112
2775939910
131330614
2780695499
107062074
2775854623
2780926887
15192359
87909705
2778887001
137403100
2778582213
2777756221
2777690059
2781139749
2777449729
2779459907
2778174759
2776049509
2779078516
2776138717
2250968
2777853500
2780965086
2778474486
2781216645
202986899
39861026
2779554519
2777173703
71301784
2779707719
192326618
72321748
188959678
2777263573
47648889
28829305
2779622097
121726808
2780587575
2776071539
94654631
196777733
42272654
2779543696
112910692
171267040
125889939
2776513678
2780841079
541257376
167388122
2781300351
2779572139
529018008
2779838221
2779985961
135642988
170194690
126053111
2776503585
2781031428
2777438998
2780766029
2779461089
2777174520
126159913
2778672757
2779190349
2779537484
2780973374
2776325419
2777998198
2777617318
32423185
712527
2776529561
2778967409
2776100811
2779544189
2780857252
2776111965
83264182
97002063
2777167514
172002799
2776021113
50158540
2781108661
205285802
2778916488
2778788703
2778431023
2781134122
2777359235
2779732188
2779455174
2777676442
192975520
8874563
2776182711
2780407378
2775987467
2780249301
2778882308
2777059624
2777397688
24061886
20046312
2780514585
2779614062
2781164112
105458632
2781134807
97177508
2780762989
2776266088
2781062241
511833437
2777456258
2779009096
2777268473
2776128791
2778126675
2781283010
2776311744
2778557586
2777386858
2778717833
20220385
2778506969
134503902
62162060
2776465347
2777497900
2777250853
2778617325
2776657649
2777155699
2779083013
2780783411
2776394362
2781003691
2781436281
2778841147
202372285
2780045279
139838865
2780771206
2780904825
2776572518
2780175970
2776548389
139447083
5021161
2776663400
2778000688
2778653666
2777582232
2777199550
2776012002
179748633
2777177078
123596811
2780695613
2776349024
2776573408
2776752563
2775858926
521280694
2780808090
2777932401
2777468078
2781054816
2775902909
512170562
514090530
2778167719
162643989
2777059470
2777034704
2778854592
2779426304
2776602418
2780564698
134215751
2776459417
194015989
2781153986
31018496
2777482191
2847110
12298181
45424060
127982929
203003320
91093795
2776942308
2777488495
2779403266
2778216598
2778070021
2779793825
2779438254
2777565862
2777095168
57183011
2776625839
2778583658
2780194258
115910719
2776232099
5235269
2778403941
2777469154
2775958900
2777809910
2777013352
2776172332
2779016718
2778510933
2781101481
2780239943
2779635184
2781050159
55052410
2780940892
2780999888
2779642300
149126043
2779303796
2779915905
205016146
2778547459
2780253242
2777094542
160416357
2779073994
2780526558
25831426
2776019970
2776895459
2777606202
172502839
2777535389
2779937378
26984253
43783602
2775884135
178768807
109821171
49033690
2777607469
2776454286
2777880019
2780597829
79615585
2780336936
2777821321
2777159308
2780641677
100206748
158518442
189705334
2779910686
2779276553
2778287069
2777953211
2777713345
2777212497
137607661
2776329730
2778631157
2780054298
2778372816
2778035968
2779946298
2776691614
2778423102
200179665
