2780922921
49086511
2778107573
2779659657
179380773
2779522701
24001782
4555651
519580073
2780046917
2778251759
2776277621
2776392999
2778591002
104392178
2777540739
2778611943
2778373144
2776376731
2781058482
2778310199
504650975
28438552
2779552209
2776538412
2779336025
2777223305
2779846673
144533244
2776951763
2776963906
2778626061
2776321126
148821158
2777629898
2775895756
27559647
164105321
117593281
2781082259
553267028
150661
2777288991
139872427
2779207163
2780318047
2779749543
2778221634
2776546199
11357383
2776190548
2778286400
37273704
53631395
183920142
115359074
71081332
2780926489
13417543
2778240850
2777465805
2780287411
2780545863
192979151
150741067
2778423080
2781268552
170282758
2780450902
158077475
2780974468
178628643
2777368711
2778196033
2777090766
2776703049
26252120
2778364228
8112396
2780390159
2779263289
2777876381
2781459663
2778229089
2776432533
2778085343
2776743668
2779873488
2780185832
39096654
145261411
2777257829
206133553
39660923
2778878700
2780136137
2778360019
499572226
46272592
2780633957
2779262975
527588094
174123727
80797182
548595372
62360432
2777080838
25294387
2778380144
2781026612
2779939431
2777916050
2777962875
9716008
2780630200
2777773272
2776038087
2779209872
2778512098
2777969414
177897776
2777206622
2781097139
2778956110
30581116
519222250
2776709574
2779113339
2778379427
2775901983
2776973054
76744394
2781207099
2777994884
2778334901
43322942
96089941
19239947
2781084795
2776358102
2778138100
2779261767
2779027804
153349607
534595448
2777754912
25376699
2776221188
2779657711
558203780
2776526244
2780883654
2777325043
2778133402
2780890502
2781210833
2777187653
2781380724
2780370729
2777852031
2778089364
2776055945
201516958
19235068
2781454322
2776537331
541257376
72728300
22930249
2778891685
2776948336
29152147
2780541506
2778525397
116665190
116493170
2779410725
2780524430
508278066
2781049303
2779892982
8184842
2779159007
107889373
2777455782
2776053217
2778753112
2776462190
2778258773
2779467461
60610947
2776459770
2780507562
2780370438
4565589
2781152196
2778461305
2779405079
2778663463
140768442
2781226209
2777071972
197159352
522434184
32577734
2781286790
113194728
2778188524
2776576280
2777300368
2778660078
2780426550
2778008280
2777175534
2778843977
2777052424
2780863039
2781065286
2778339744
2780233114
2777491868
2777976132
125453309
2778102795
2776002427
141526699
2778412534
2779119712
192343975
2779544731
2781336436
147446459
2781032751
23401460
540679656
174734529
2780801907
18195418
131082522
2778712580
2777751179
2776048599
2777659729
68333046
2781055126
2776190264
2779737589
72092618
2779600116
2778252265
2780650091
2775972034
2778856292
2777675555
102704950
152588345
2780932939
116631538
196446688
2778945596
2779287300
2777503534
2778321905
2780927991
2777422292
179851759
2776412729
2776356565
2779062471
2780033217
127543774
2780897226
698414
2780769793
2781075692
2777594166
2776460983
106045638
2776915600
130086777
2780178242
2781046570
2780716129
2775873757
2777343698
2776820695
516175633
2776700896
2779626945
2780973204
39641572
133533777
2779702343
2778902082
2779260782
2776784864
2778304692
2778320686
9310783
35766210
2781181273
2776603922
2780529995
2776405206
2777549790
181136755
554144382
2777380436
2776128355
2776368255
2778702006
2779450441
2781240137
2779296024
131621758
557409657
192742923
2777357620
2778820541
2776208392
505529905
2776512704
2778752267
2780803305
167662435
2776348965
2779808748
2780206493
166142869
2778507348
2775935462
2781051214
2779301901
2776596299
13622073
2780764785
2779608219
166911120
2777343954
542509070
544566631
2777477151
2781126496
137703981
2777056800
43026620
2781072724
2779010945
170494952
2780012110
16939745
509904864
2779703769
2777099133
2779033895
2777483271
2781213977
42041008
2776654875
2779211846
2776797291
2780854612
40162229
2776211690
2776816662
2777070815
166365349
2776025069
2777916963
2781068242
2776808436
2780149446
2777364248
2778962225
2776962479
2776278014
181015550
109703566
2776908351
81763847
2780634253
2780274295
2781462035
2780968959
2778971717
2777222677
2781442408
2777157058
2776462727
2780243369
2776363751
2778120072
2775860015
2776305810
29862799
2781063710
167595553
2780511756
2781041973
2780635646
2780114936
6835196
551537032
110441575
2777049673
2780010942
2778551728
2777347937
2780264065
2780060247
2780988483
123727644
2777321571
2778466691
2779141062
2778771019
2779887153
174468945
2781118641
2779089611
2777258473
67833407
2779230497
2779307921
52682767
2776452067
54418844
2777607114
202941707
2777701958
2777233796
2776193267
2780716630
2781094930
154257082
94103152
73277142
2779552946
2780125367
2779749002
2777310020
2779703954
2779266480
168237039
63502638
181494515
2777663561
5190072
207239344
2780759579
144401005
150104678
68101726
2779729748
548047175
2779685929
2781309241
2781080422
2780860232
2780273408
2776876080
2779684419
2779670612
2779090059
124943114
2779740925
541385259
2778565514
2776759130
2779658909
2781009872
2781305961
2779803019
543460222
2776400773
2776392915
2778811078
2777222089
2777258676
2775893006
2779807248
2775878011
2780082069
2778148323
2776512597
2777976675
2777830718
2778065789
2778230078
2780074375
2780051793
21784828
2779689088
2776721811
2775968427
2779764472
2778082380
538467412
120359367
2778230137
2776505859
518381681
2778949709
2777706694
180897568
54524845
10187730
164027307
2779522777
2776514403
17898014
2779851145
2778513438
2779058104
2777663736
65973859
151034481
2779778570
2779676171
2779940807
176688307
2780824634
2777528455
2775834867
2780056763
2776551271
2779713159
15908100
2775973543
74985258
33174543
80115032
2777075055
21337479
552218604
198777802
2780340372
2781022858
2776037135
63962749
2777193575
89000251
2778055342
2779535490
2776021113
91855553
2779583454
2779396498
2779759933
2777938576
2777451016
111080737
2776305183
91652777
39376844
2780728522
29314403
2779834495
2775954689
2780550544
6791728
64584667
2776217137
50852807
2777963039
2779602883
2779313700
2779534807
2779854325
2777584219
2779685930
77265313
2776324554
121020257
66699322
2778330892
2780213384
86895390
546522952
150673657
2777348171
2778329249
2781471662
2779332521
2780849405
2777733660
2778429239
2778186809
2777455632
2779367526
2776228430
17263918
534054578
176727019
2776891649
57112616
84933800
2776337611
160467763
2776303374
2777177857
2776743436
2777129907
2776642180
107590332
2777425089
2779154739
2776729707
2781237907
2776548714
2780777687
2779337042
2779840315
2778509152
2780078375
2777252748
2777984688
195223493
2776387689
2778065613
2780392078
60579805
180201027
2779230925
2779325935
2777610290
168668099
2779573327
2776912170
2780141811
2777613776
2781401690
2779290202
2779992492
2778273748
176832844
2777179283
179913589
2781467422
2777930830
2778200943
2781422959
2778505958
7901566
2776109956
2777216077
2777244327
73301696
2778682666
2776881316
2780629789
2778390224
2777456258
195244775
2780986273
2779861064
2778348615
2780866141
2778568632
2777296441
2776615554
21754984
2780974301
2776586616
2781185500
2779300268
2776865675
2777121360
2779761714
2776835344
108286215
24924255
2776535527
2781017973
2776202085
2779103190
2776259030
2776997653
2779938460
2777981571
57869631
2776343192
2778672885
512135269
2776876571
2781115229
2776788946
2778498683
2776327520
2779609600
2778375517
2776129495
2779255885
2778738376
2776470083
27382709
2778902946
41065761
2776494319
512385999
133559463
2781411466
142362112
2779491984
2778370415
2775977308
2777771048
40207562
2778382412
2777402121
2777958113
2781383169
144970662
153436346
2779945851
2778925350
43334683
553614217
2779162242
2779542802
137606519
2778473816
2779289880
29219342
2777163752
85476533
2778631258
193150349
2779572086
2781095679
2779652730
44146597
514254568
2777266005
2776810335
2778672492
2778770534
2780404399
20348765
2778847086
2777845270
2781093997
2777637824
2781092335
2780072409
2778824577
79990160
2776087888
2777867650
2777696369
2781254388
116393459
2778674353
2777364373
2777760848
2781228064
2780267349
2777588877
2775904692
2778256404
2777961810
2779471033
2778155522
534340690
187062135
156163368
49848784
2779942012
2776968534
2777117576
2777065082
2776444349
142694845
3096166
2776601355
60317766
2779534081
2778346344
188504312
2777826289
178828501
532745227
180654792
2779536944
2776199826
2781246243
126334456
2776304212
2780310184
2780198685
523419034
2776578593
129833234
2776229562
2777987809
2776999939
177747509
2780152186
109901321
32143645
2777308018
2781049399
2779525716
169165970
2780512302
2778032695
544813997
2778793830
68615497
2779371347
2775992006
2778187254
2777942583
508431459
2780832705
2777004151
189807693
2780228883
2780909291
2778558714
2779362973
2780169266
2776994046
169756158
2780844481
2779723108
64625908
2777670035
2781423065
2779282853
2778434276
2781354390
2778965938
2777119126
2781102046
2776622967
120336030
2779245141
2779830597
182930780
2780843094
2778776073
2780642982
2777922990
2779256710
2781406180
83392588
61398252
136738937
2778744894
2778914212
10570548
2777886134
2777224019
2780023395
2780729830
21639389
536286131
2775998517
2778101399
2779708217
2776727279
115601024
2778530958
2780014495
2781421314
2778866101
2776693405
2780374423
556127362
2776324656
70929209
2504510
2779497037
2779575534
2777250999
2779563254
2779583322
190137741
2779506182
2777089865
2778722701
2777277327
23634400
2779558830
2781461636
2780491802
2778262868
99802516
2779385326
70821258
2779798657
2780637190
550277292
2777117478
61931021
186362262
2779095396
2777863369
540372491
31846948
2778492835
2780502552
117374575
178656844
2780583484
2777189582
2781440064
2781428133
2776593562
194387008
544962043
2776886908
2778996815
121020082
2777635046
93062035
57040075
2777259727
2775928193
2778632338
2778030486
2778405387
196379540
2776778218
2780704213
2776161807
2779206143
2777128691
2779286075
2781338808
2778121995
2776513225
2777197080
51764019
105035239
146949856
2776016233
2776310257
30905978
2777076221
2779173681
2778282126
2779374804
2781122454
546869992
11294208
2776838057
2779661877
2777949881
2780804105
2776605952
2781387253
21714901
2777849152
2779713375
2778930673
2776450623
2777713502
198912144
2775855290
2777723292
2777481851
2780137332
503439974
549602527
2777398156
2777383874
555789112
2780180921
126008705
2781183175
2776288485
97692439
2781230701
50260874
2777834189
207093648
2778385833
2777491327
2780150937
52959194
2778869444
2778015717
2777575343
2777438244
114938261
190467664
2777981537
2781112085
2780298267
2777850073
145290120
2778991499
2779635645
2779318507
163581340
2776001163
2776888105
2779562292
536648803
2779937246
57041688
2777269513
2781351506
2781190122
2780981187
514433928
2781183223
2778077293
2777083192
2776015606
2777453505
2779355694
2781064130
60537178
134496497
33285361
152500336
188109852
38312388
54848636
94776822
2778566316
2777935283
2779025792
2780195813
145746218
2778405889
78945660
179097355
2776142962
2776995859
2780728221
2779962950
2778287056
2779286833
2776490774
204911340
2776380269
93109420
2780787791
2780460762
514133184
2775860695
20257897
2778273045
2777108010
2776559029
153008328
2776530160
2778491762
2780444815
2779271263
62942251
40462162
2779443564
2779879445
2778981837
2781052355
2776718132
2779835704
2777006878
2778127260
136970878
2780750139
169655244
2778006779
2778605801
2777945184
2778490132
2777971975
190659310
2776676907
2778699635
2779709662
8985132
78015137
2781454913
2778517856
184513011
2778098723
2780130005
712527
2778717857
70700716
2781160304
97421014
86111242
2776544073
2779448944
15724806
2777928079
62291451
161118576
145965964
2780386941
2781357290
100694443
2776515203
144225025
2776294017
43242481
2776415041
2775937380
2777388662
2777547266
2780532876
2775858120
553329646
61845947
2777355154
2780104803
144236052
2781444413
189135316
2780434635
2776868329
550072180
2776869850
2779039680
2781225605
2781389302
2781323862
110739175
2776222752
2778945044
184085187
204457725
34117410
2779214707
2781154657
91528185
193409952
2776689565
2781350177
2781026894
2776085556
2780207146
16885800
2780779750
2780529096
2780555591
119574298
2779201679
170595534
103230337
2779809482
2779449101
2780463767
6794603
2780337590
2775993718
2779664716
2779329104
2776756615
2777432453
139487882
2778443833
2779770459
2775857965
2776827361
2778418838
2778874434
86031905
41154696
2780194258
2779463659
14954018
2778102951
112113923
14303386
2776708618
2779123260
109902967
2781313679
2775944640
161394538
524757792
55952523
177409738
2779473964
2777203723
2779389562
511535766
2779591471
2779071414
2779100348
128481406
2780490160
2779279327
26493955
2781420614
2777203912
2777714589
2778156359
2777763825
134141054
2777137012
2777343449
2777301536
2776620600
2781280686
206118921
2778969543
2779959089
32063984
2781059032
2778184401
2779913925
2778391468
2777644968
558987187
2779549840
2778568500
45012715
157273737
2780281281
2779744715
2779826570
2779041686
76728937
2778104771
2776906247
2776058509
2778307225
203911086
2779720838
205531365
130424731
2779817632
2780775713
2778828732
2780195454
2777265194
93285893
134017395
2777172451
2780590741
2777412828
2781341000
104606282
2778892047
2779696365
200363104
2778050147
2780644172
502018517
26668531
2780996909
2776011675
2779465033
38313823
104562893
2777314784
2778236433
2776781263
2779748590
2780034847
7897372
2780975723
2781095238
2778385464
2778330875
2781282552
2781297728
526940114
2777135213
2780033610
2776786798
2778769699
50314400
164323289
2776327043
2779746018
2777464443
2778275125
73893137
2779589098
2781012992
2775924744
105153381
2777481093
2776231391
2777024931
2779075496
2780191044
2776590384
2777423982
2781123563
2780952531
2780695365
2779944561
2777961915
2780299057
526099995
199033989
72603227
2780770214
2778086310
2780614097
145478657
2778837485
206656598
2780846687
171653721
2779364818
142795923
32276052
2777249390
195241713
55123268
2775895948
2776221419
146782266
2779625939
2781181699
94070970
2779545337
2779981761
83346120
114585288
2776766853
2779366874
2779881858
2775937052
553929369
2777686656
2778702275
2780432426
2776435106
2779956878
2780322324
2780836495
119867837
2780117210
2779086389
20706941
2778803912
2781000106
205783811
186581794
80223181
2780376506
71702399
2778581682
119765737
8515805
2777504703
2779382337
41930186
2779879524
135865931
2777351711
2778816616
73029224
2775883487
2776899809
163309411
595400
534859617
32685002
171078966
32795567
559265119
2780154990
2776153988
2780881409
2779302622
2778550416
2780813863
2780191346
2777548748
5455396
144370353
134995996
2781156881
2778064682
2778466173
2776773608
84983115
2777442718
2777815825
135546597
2779875169
2779153035
73659462
143857728
2781399027
2776514573
2778783387
2776082378
206805586
60212765
2776190096
2777861699
2777182889
65639470
205372313
2780853353
2776986906
2779565654
2780543293
2779067228
155362674
163979832
2779443239
2777767467
2780516175
2781360931
163594724
39523793
2778835598
2779870494
2780332110
2779637460
2780645741
144806165
506584322
170435036
2777421907
2780363377
66284574
75699723
2778477462
2436047
2779331765
2775977693
2777344014
2779421831
2778684803
2777764898
2780157993
2780481500
2776937090
2779108794
2778671342
2776373665
2780036689
2778877925
2776481125
2777141536
2779472353
101997407
2781290227
2779076969
2776176362
2780418893
2780527877
2779616014
2780997744
2780879548
2780531861
45486736
2776764944
2776107522
2778285322
2778048810
2777904174
2778090688
145171945
2780138840
2776562800
21271875
2780366702
2778637281
2779867537
2778592405
2780099192
2778673868
2776679631
2778850963
2779906904
2778964334
150552126
2777995275
2776629264
2778340383
2777714290
2779502544
2778012610
2776330219
2779576792
2781156356
2779512826
2780845164
2776809895
2779387294
2781004082
2778096637
2778418068
2776025440
2780958955
2780458788
2781187356
2778083550
2780539366
156692291
509334281
2780496212
114777539
2777680307
35101386
2779444418
2780263535
2776023265
147844941
2779756716
2778078963
40566950
2780362631
2781464298
2778604463
2776917829
2776990200
37497453
2777546665
59177520
2780419225
2778534049
538439097
2780592683
2780636063
87957243
2777231228
2780358999
2780277419
2778117299
2781275713
2779030688
2777591348
2778293165
2776384901
184766320
170383800
2777977159
2781381554
2780923033
2778581931
2776517372
27727207
2777826306
114206689
2778074711
2778029712
2780732126
2776462413
164218810
2780360903
188985296
2777512701
76091853
2778573522
2781425063
2775969488
2777398700
2780543812
2778471013
2778821709
2777145589
26255453
154843443
63165475
2780067022
2780352122
2777910647
194051139
2778459489
2780030189
2778827053
2776975564
16635281
149653239
2778081389
172738191
2780292567
2778475498
2777545080
513933616
91140805
7888048
2777613382
2777242440
1966632
2780755764
2778896361
178350558
141388940
96885535
2780735669
2781452441
99361443
30911868
2776847913
2780638393
111452379
2779644036
2779629255
2777794337
2778558389
2775933675
162626560
2781418482
192086492
2781179785
2779797671
541501130
2777674429
2777213566
2777299493
2778364182
2777097278
2777540198
2776198146
83599316
2779890816
158203
2780862550
2777188308
2776041663
2779947927
2779868873
2781186623
2777625626
2781390876
119700423
2780926586
205484029
553195128
2780567615
28019102
2777501827
2779709208
155918274
2779793366
2778953673
2780496760
2778133645
409758
2777417680
2779123114
2779659828
137788187
2780375861
175779496
2776092559
2776849448
40359594
2779397943
93785673
2776564348
77801330
89721942
2777724115
2779969587
2778659056
142129184
107038049
2780923082
2777319333
2780056149
2777102136
2777350258
165844195
42272654
60101212
2780300162
100988078
206225690
59430087
2776916390
59920403
2779452734
101385863
2776176097
2780749805
2778177712
2777404726
22020750
512209198
2781426379
2781009331
60202869
172659321
2777785535
2779678232
2776451384
24351657
2775900209
2776110084
141715002
35512512
202087621
548253320
134683919
2778451604
34399555
2781384534
2779901982
2777841006
2779813621
2777996765
2777525546
2776614546
104808273
2779845537
2779295775
117488767
2779739285
2778836913
2779189532
2780555592
2781399313
2780005682
2780691155
2778274715
98025372
2776084958
2776602343
2779100186
132095690
151719136
2777918777
2777117903
2777015988
2778417169
2778152855
2776085534
2779649860
77779232
2780076791
2780221220
2775854702
57291850
180533847
89329063
2780935035
159526965
2778810162
191137301
2776485328
2777855571
2776437587
2776757601
131100506
149997363
2778862607
2776962535
2778232521
2781142385
2776546358
22124211
2776647329
2779969427
63075964
2780498358
2781063854
2778323469
519736861
2777882137
2776912207
2776252233
2780746714
2778101852
46984397
2776231311
2778438505
2778286895
148072409
2779635963
2776232900
2779663644
2776230285
2778817970
2780323108
2778911927
2784996
158299639
2778352452
143038113
2780525330
2777916923
2779634551
4016074
2777108024
2779053541
2779839353
58351129
2777865283
2778077734
2776401120
2776727286
2781291609
165135050
205121157
46182478
2776566421
2779232459
2779520441
161119171
58348228
2776616971
98069805
2776333202
2780330884
534701709
43592290
2778486102
2776795195
2777764564
2779006324
2776443958
2780506041
14862824
519441137
537640818
2780132979
2779690907
177709708
206373111
142456435
2776819885
2778028075
2780032860
42217366
2779227060
513894596
2777252292
2778215297
2777084308
2779732743
2778243525
2776583511
155911762
2779994283
2777878574
105131686
2777448206
2776416421
2777841019
2776215361
2776341074
2781395576
78488517
190177333
2777869666
197714242
2777066885
94389720
2780068402
2780215903
2778503764
2779182803
2781184804
2780158840
2778383464
2781288307
2776875990
2776189500
154090479
2777773040
512323141
2778636038
2780174114
122284175
73749972
105955829
2776063293
2779133853
2780144314
2779199053
2775874189
2778786929
519857247
2778955153
2778950570
2776986074
2778284071
13553968
170912199
2778500476
2779440752
75945317
2780061774
2778602550
2779204790
2781396122
141145911
2779953128
2781100447
2779638824
2778550701
2780277785
2777754097
2776206260
2781225786
2776290372
2778711163
2780049724
2776622160
3771009
2778544944
2780770203
2778494088
541865764
2780702060
2776614505
2777696440
2776564248
181680120
2780103753
532726627
2776761399
2778653791
49375541
2775986993
192979581
2778548054
161189057
2777523871
2778487114
80590795
119880025
53619493
27117715
2781448998
501378246
2776091731
176913898
2781168175
2778788703
2779745264
2780822299
2778194612
2779805795
120012220
2779385190
179961367
2779382953
2781357586
507015567
2777842957
2779245085
2776342438
2776797582
2777414711
17608947
2777748654
2776722408
2777065571
94176051
2780952610
2777579932
2779016583
2777467105
2778184809
2778704155
2776321095
2776633507
2776396679
2776379334
2776003253
2779077495
168432484
2779700719
2780551212
2778930008
89606831
2778327244
2780271887
2778231169
2781441032
60623896
2779473034
8583757
150970416
2778944870
2777999190
2776233626
2781167272
2777935057
160840059
2778975910
2778473246
2778091789
2780903159
93377579
2776021637
2779080135
140024503
2776300727
2778908705
2777935646
2780881543
2776042328
2777251629
2779352558
2780646060
2779370301
110863331
2779337550
161279122
2775954138
2781184710
2780766919
187029792
2777887363
2778081499
131897575
2778128395
2777752344
2780265079
2779025100
526906502
174353785
2776725521
92027692
2780991338
23376656
2778828437
2779944400
2776228849
2776244152
188357681
2779732396
2780677455
2776425324
2777368115
2779001344
109701466
2780196066
2779915083
2777344235
100486739
126808245
2778713469
2779323829
2775905790
2779476429
2780265089
2778628739
2778953472
2775958211
2780488706
2777631549
2781354227
2777047479
46633255
64280408
2779961619
2779135091
2780186531
181406461
2777938926
163999200
2776117504
2779399189
2781239180
2777189716
202796751
44736063
2778229703
56986551
176637204
2778591524
136968873
169260993
41555743
2777411634
168712457
2775946011
2777198272
2776282251
2778397825
2780835433
2779355935
2776738465
2781192220
2777867547
2780986592
2781166333
177542618
2775858784
2777803651
2777196555
2777632682
2776742798
2779309722
2777576525
2777660854
2779715961
2778483010
2776191569
165816108
2779655241
63985673
542772349
2777778481
2781114979
2779335805
22610380
205013753
180292244
2780212265
107614084
2780439326
66324066
2777098004
2777983328
152903377
186835682
2775834177
2777452564
205467448
2779310970
2776672455
2780446604
2777730981
2780762544
2777554803
199959010
2775976234
2780031878
66110749
2777112379
100494639
2778980461
2777606730
129641553
504744487
2777507878
2779152943
2781015267
2776316830
2775972088
518914266
2781351148
2778363285
2781195209
2778151259
2778911619
20109537
2780583198
2776317494
2779192642
542929976
2780095187
2776268818
2780902181
2778333599
2781113528
2780299356
2778074264
2781267209
2779690338
2780049499
2779715310
2779198377
2778831545
547088782
2780179797
47397547
15415075
2780251560
2780834230
2777744172
177002383
2776181206
2780112663
2776489762
2776197324
2776424678
2776596811
147472500
145710725
2779038359
47587797
2776869366
82996870
64999355
2780243367
2778609174
2777367489
2780896521
552366608
2778805603
94164615
2780348343
96627749
2777488413
2779337326
5399437
2778687783
121242521
174631178
2776147538
2776183884
181658902
2779924887
515177012
2776624666
2776871301
2779621054
2778985661
2778684738
2781127930
90293357
19233827
2777444591
23347336
2778959255
2776616234
124952713
34634088
2779410628
2781355818
2779448433
57130246
2778225233
85363599
2778935671
2779041318
135532731
2776915856
2780172217
33436860
2781088896
5747526
2779559744
2779168585
2777231075
2779282823
2781288987
2779588477
2780254896
2781026342
2780216246
2780826474
47642990
199962425
514763279
149702081
51364203
2777743678
2780839535
2778687209
2776376070
2777429538
2778150081
115426127
2778332641
2778825207
2776211108
2776847561
2776226143
35858273
98004246
556447560
2779451645
2780680799
2777496998
2779203766
2776515887
2776017024
29185921
2776296342
2775838571
2777694342
2779391809
2778447413
2776830942
2779947843
2776499003
126384667
2777274295
2780965169
112758219
2776300105
2781319957
2776955628
2781256833
2776639931
2777064172
2779168200
176757462
9299288
2777183275
2779479302
2779139534
2780465443
2776327931
2780627709
500013137
16820800
128979739
2778716849
46444599
2779819760
547519392
2778585467
2777602745
2777913237
2780630068
26441638
2777482865
2779519410
2779283931
2778587353
2775831982
2777863237
2780029788
2780859766
2776051586
56518471
2779526795
194171767
206568015
2779021329
195889767
28999903
2779656538
140797663
522901763
2776503463
125468537
2777950299
2781087836
132165367
2777648981
2780528937
2780880902
2779681987
2780014369
2779926843
2780415144
119744841
2777026703
2777783167
2776949008
2776674755
2780282618
72505334
86221900
2781051154
143645167
2779420573
103631927
2775878175
2777047976
2779255766
2776330637
2781103023
2778989428
512173164
2776867432
2780389739
2776993485
2777321303
95407459
189353985
2779526976
2777199698
8748351
540220403
9583187
2778748047
2778621317
2777207136
2779466473
2777411629
111261908
2779790921
21950695
2778774565
2777211616
2780245990
2779043514
2780765524
2779082660
2776834386
207868868
2780461518
2777115359
2778467380
2779020154
2779225535
2776140316
2776455952
2781391197
2780102630
76907495
182181037
2780414777
544874408
2776705085
2780466782
2778692119
2781190774
157813575
2777370970
144279594
198677607
2777947043
502286902
2778566052
2776436406
2778996212
187745722
2778936547
61435691
2777498922
2780655525
2779020535
2781356158
2780924579
179846545
2776271797
2781145502
2777420470
2777583440
64626740
2776409459
35314555
132989642
161142639
2780258725
2778992501
2779205954
27598083
197699787
2778030047
508940853
2778517661
2776293409
2779280014
2779912346
2778951378
2779098083
2776280183
2776693829
2779859641
134592886
2778789758
154240960
2780949100
2779754954
2779965577
177047870
2779538644
500391681
2776420954
100575273
2781420519
84204460
54040653
37834803
2778251848
2777005588
185514972
2780821115
2778512528
45412869
2777149368
2776817677
2777038978
2778146951
2780217361
2776317814
2777886772
2779022145
193798670
2776661070
10864753
2781129360
2776675088
2777122794
2780137290
2781127458
2781412459
2781403547
2778189864
2777881786
2778786118
2779454639
2779627437
2780960081
196880888
2778525090
2776929833
2779663672
555955024
2781151152
2780069095
2781267788
2778583747
2779325661
2780416216
2777238183
2776699917
2775834723
2776787863
31173074
2776375927
2777572146
2779303530
2776356693
2776385975
2776781649
65936242
2777505228
2778644652
2777761643
2780158507
6621654
2780084478
2776395970
152791554
2776453584
2780540808
2775974730
72848699
2779963324
65655974
2780117824
104831042
2777955363
195547243
2779099944
97160269
2780217402
2776520548
2777707856
2776540928
2777784223
2781115785
2775839163
63169774
2780418663
53380099
2781282975
2780414937
162763945
2780296941
2780914958
2776343595
2776837537
199106506
2780122192
2778037875
2780184887
545717478
2780087215
2778895300
101189729
2781220375
2778111269
2777263779
2776465715
2778390873
499683576
2777975361
2777504394
2776159877
179428456
553612559
2780957543
2778643841
2778732685
2776730359
2778524050
10733540
2776593540
2777744735
2779682715
2779912093
2777977979
551921570
2780460535
2781379555
2781306378
2778918349
2780330560
2780314117
11940042
4060165
2779121361
2778734905
2776933810
158783716
2780295469
2777839399
120114455
2781434772
2780572674
2776803217
2780468377
2778902022
2781095167
2779099440
2778772531
2780001536
2779643390
123570468
20579882
148031782
2776352690
2780910035
2776860498
2776681686
2777232535
2781277794
43192147
2779273160
2779921229
23924245
115076146
25310932
2781315037
2779794640
2778291378
2779796343
2778466055
2776946774
2781033998
2778944604
2777052344
2777675393
2781456638
2775940955
2778358729
2779433276
2776719521
128069947
32280705
2776207355
2110046
2780016159
69098903
131113695
2780472540
2779273396
8004210
2776532966
2780350813
86855894
2779725489
137765660
2777793349
2781221134
2778705344
2775929912
2776042758
2779707106
2779918299
165548995
2779768275
2777110745
551624427
2780139175
2777410568
2780881379
2779992650
133769301
2779247989
2778348996
2777040690
2778364766
2779800287
2776288340
379567
2777442580
515282520
207556761
2777654875
158658830
2776142151
2780122955
196565101
71140485
2779608884
2779384018
547143044
2780428685
2777177680
207700645
88696713
114611597
2779054243
2776254179
190136086
154233639
36334577
180544615
558624504
2778361255
2780580889
74039378
531263036
2778269886
2781287369
2776711086
2776350326
2777006213
2776846948
2776778744
41004117
2779982338
104247647
2780929574
2777847483
15347576
2780222966
2777789070
2780493273
2781016793
2775877237
2778045225
101268889
2778899999
2778505942
103060772
2778336294
500070807
120324620
2777135964
2779398514
2777664397
2777808479
2779810391
533215197
2780730321
2779400032
12124837
111459926
2779817873
2778999348
12656906
2778900534
2781025968
2780730585
142962650
2778514580
2780437627
2777559321
2775904623
2775994470
83082669
2781269934
2776368707
2778267038
2778421426
2780928465
122191670
2883164
2775964500
2778163872
2778806401
2778841376
2780990270
183533564
89052216
2781394158
187412358
2778200460
2778849311
2776021475
2776842099
2776361515
186857363
2776961235
16961218
73693805
2779579046
2779751467
2778202693
117013964
122552755
2777577835
2776971686
2775988387
2780324931
2777347916
205294394
113030054
2781293548
2780499847
2778982112
2778740521
2775969163
2776767288
2780567696
2777914118
2777947506
2780514543
2778848902
2776435704
2779838221
2776751806
2780112918
2777646841
2777257895
144321074
120599106
540664810
186855751
2780664716
2775980795
550479007
2778963634
53171030
168199936
204034006
2779676503
2779493863
203665472
150226047
2775885201
521378702
2780036436
2776311804
2778844969
178985255
2778080122
48989351
2778073235
2778091067
2779551757
55531524
150664415
2778675770
53096200
2776570903
202986899
2776756809
2777350023
88155569
152365676
2780311795
2778699205
559951472
2780993137
2778367742
2779813137
32916116
162811338
149308983
2778789187
2781436119
2777892113
2777514567
2776506840
2780728165
2779792616
2781121404
6379656
193151033
2779977483
135909387
191920559
2776561767
2778440437
3962253
2781111822
190601123
2780268312
2778470731
2779860843
2778769944
2777914595
2777485992
128493665
4320435
198508319
2775860038
2781123207
101411860
2778788540
2780832652
2779202326
72768826
2777430643
2777958245
2777246379
123079801
2778691978
2778265151
2778632693
31595359
2780982566
2780033836
2775961736
2775954810
2780545309
2778391840
75988497
61113390
2778410904
2780210503
2779150620
132794997
131954021
2776546522
2776611523
2776218373
2776684731
2778064259
2780424445
74646874
2780376419
2776902234
2777366833
2779737780
2777129800
156212849
2778380858
2776437934
2778505783
2778316478
2779893167
2776175485
159149137
2776973476
2778467047
2779513322
2777788171
120548695
2777872491
109459677
4947315
2776947856
2781336309
2779085507
2779077932
2778640493
142262419
2777151003
2777595806
2777305511
24168220
2780687832
2778700353
7353880
2781439214
2780940541
2777355159
2776520846
2779484884
204223013
2776056064
2779754051
2780127596
2777828232
2776423364
2780025067
2780556057
2781165795
2780726598
46808490
145224894
2775831178
2777925374
2777819180
2781074979
2779353278
2780904753
2780962742
79354492
185518584
2776059084
2776258540
2780138122
2777484281
106507718
193886612
2778972211
2776992467
2781151317
2775923790
19167412
2779112161
2781197597
2779704891
2776035091
2778855841
1370556
2780906257
2780446910
2776222570
2781347044
5035944
51488007
2777057090
2776556923
2776021949
2780674261
2780611873
82773504
2777909563
2778239539
2778514227
2780230047
2778876713
2778457617
2780178963
2781279446
2775995831
2780995540
155726013
2776168476
2777757839
2779941336
2777343860
2777359062
2780029139
2776336147
91375011
2777619574
2777964079
2778518554
2779588288
164483853
2779768297
2777128807
36082774
207513788
2777622828
2780487525
2778586117
2781381781
2777198616
2778113393
70490866
2780421547
25414623
2781246048
166106486
172173919
2781100196
2777466363
2779156532
21780288
2779271020
2778802753
160467669
2777615756
2776883266
2777838361
2779745760
2778370087
113642053
203358219
2779401757
2776200251
2781177898
2778312543
34656122
2776370202
2781130093
199368145
14812997
2777403463
2777124222
2781231527
2777752130
2779897753
2776269517
2776885184
24668966
139997677
2775857385
2779251032
2775958900
136808125
164913051
2778331056
47611032
177164792
2779737936
2778653398
140650875
2776964328
2779221097
2778034610
2781119825
123326733
2776182711
2778588394
40231798
2781314367
2778690065
29995175
197990232
2776252759
135343436
2776447523
2777235458
2777540052
159554100
2781356803
2779077817
2779039804
150801385
2778671284
2776275212
2781160333
2780814344
2781314025
139053684
140688305
2780025005
73333073
2778894027
35869016
129360009
2780536475
55453578
99511620
2778906415
536953338
2779767996
118562606
541039924
2778144729
2780105396
2778303182
2777805874
2776156003
146503098
2779181338
189956118
2777461896
2780907072
2778884160
147616953
192083241
2778718642
2778426761
2778709715
2780904010
112813540
2780998069
802800
2777280161
2781332733
2775994511
2777109615
2776451817
79147505
2780389313
154511111
27378137
2779677196
175064678
2779438239
2780645745
68938100
200046510
2779276066
2781114154
118739214
92928450
2778706821
100304991
2778466389
2777890989
2780834931
28213024
2777981533
2777563374
2776045109
2776071113
2777771423
2780851867
313442
2779891855
550332647
2777599713
2778225548
2779162460
126082660
2780070417
131296554
62933232
2777327982
199168358
2778152828
2779608938
2778494365
152076505
508168626
2781369789
2777089012
2775938507
2780348676
151645161
2776112827
2775932640
2780600232
141164569
2776128805
128112923
2775966842
513874922
2776098086
2780711663
2776148132
2779761518
2780132260
131503682
2778091244
207144339
2779484273
29846684
142437206
2779225208
2778144432
2781343412
5437020
129554576
2781420969
2776637833
2776848616
2780906473
543223122
2780171022
94921317
172644921
2776795634
2777728685
65232700
2777470744
120962342
61169475
2776807976
2780040985
2777637522
2781351523
119657128
2778400803
2780529412
2780830216
2778914653
2776515129
2777682547
2778535009
14932570
2777334832
118694481
2781248596
14539177
161974327
2780864515
2781207143
33619721
2778239248
35213543
2777377720
2777146217
2779950748
2781253440
2780021927
71832604
2776366965
199855361
117893075
2779685156
2779114100
2778160552
2780024548
126298526
2779162601
2780107407
2777309230
2780399034
2776668525
2776881294
2777491935
2779557606
2778793488
66344194
2776214455
94817283
35387230
2778194440
2780500518
2781321422
2779978647
2780422322
2778178463
543996916
2777930505
54167317
4181513
100342038
2779555995
169085036
2776983389
50159415
2776635450
2780811038
196384479
2779934976
2779989315
529016102
34781881
2780204628
132334376
2776593006
3339587
2779869426
8990634
2780506544
82591158
2779775077
29196658
2776851828
2777660156
2776026850
2776353294
135179061
2776421488
2777139052
71360278
2778250421
65770563
2780319562
2778875318
2781407378
2779156937
140082398
2779688385
2778278459
2779840692
2779324271
2779712976
544747889
2780197414
2780054349
40477301
2777793133
2777264335
2780430339
118130439
2780227032
2777655876
2778494198
2778962823
107598950
2775975656
2778364576
2764733
118324347
2779680435
95020103
507480362
142502113
2776402256
2779194740
2780820397
2780581854
2781184175
2779198524
2780713500
2781243853
2777762811
2781048719
76449154
2776145366
2779767154
2776503955
13430689
2780101685
508846811
29555322
186157456
2777534467
2779017262
2777796450
2780956695
2778041145
2780646245
2780114679
2777718049
2779673319
2778287930
2780539277
41189190
112035816
2780839188
2778218340
146902061
559751720
50766676
49423321
2780711013
16654397
2776914424
102792161
2776451135
11906714
2777910170
2777404261
67442709
2775976092
2775972016
2778579378
2780301334
2776326928
2777351920
2780120426
2776406123
112546961
95840726
55356503
2779148373
2778435798
2777791243
2776220192
2780332588
2780986103
29598333
2779054071
543933250
128519102
2776313474
2777634866
156759174
2778884925
2781149807
2780745344
2775947570
2781431570
170086007
126383566
2779921989
2781163239
2780576843
38721330
544031030
2776583237
2776265439
42492530
127573956
2777184203
2781071425
2779434587
2776377237
83081985
2777272163
169081014
2778791843
2779417298
2778516615
66603910
2778551484
5021161
2780013280
2776746660
2776893402
129004444
2777054155
2778931999
2778873282
2776460390
192562157
2778008194
193427332
2781354669
537216564
2776166156
194786609
2776348924
2781249888
2781420246
2775927501
2776166716
18599908
9529602
12487184
172302886
2781260878
2780466306
12258857
2779755293
155692306
2779532274
538221381
174932828
36629368
2775932868
2781132885
558565934
96972482
2776299128
66720852
2781153677
162462552
2776187405
2780368867
2775967631
2776264569
2779467005
13817123
2780482670
67805463
109172605
2778220895
2778019836
510816226
2776951054
2777470859
122424190
2780800325
2777737414
35057381
2779190273
2779149060
131323648
2776905565
2777709542
2775939573
2778292936
9310005
164602246
2780230757
2781320050
2775832399
2775892739
2780616401
136095499
2776312560
2778077545
70555351
2778682006
2777613428
122511174
2781242392
2778342424
2778454149
59695747
2779152743
2776362292
2779731546
2777432214
54745167
32928422
2779898115
70789860
2777176972
10314817
2779009204
2778772404
2776950860
2781231991
2779481756
522210863
2778103892
2780030549
2780842484
2776600242
2776531300
2776509405
2778757785
73219336
2780237662
522192402
170001528
2779093316
58486684
2776096969
14083935
2778913146
528670733
2776117281
2778417170
2776609569
3666681
56202766
206629060
2778476486
2777931748
2780115896
20854674
21913473
34566666
14982423
2779425851
2776147993
1220278
2776769752
39511330
556417797
2780319128
2775953454
42133412
2777296413
2776760603
2780661727
202873439
2776642659
2781430991
2778588045
84254168
2775976381
2779310571
2776273178
2777839454
2778521038
1066422
51530146
2780053448
2778851091
142075640
2776235372
139058780
756385
2780948172
2780210758
2779138442
98369314
142932270
120249511
174052076
2779201232
123184418
45457892
2779660227
2779466636
11044772
22558552
180642779
198004926
2776331037
173729757
74678566
29912816
181399949
2780054887
119747287
2776366635
2776045127
2779389881
2780621273
2779281236
2779781431
2778383320
2777469454
153244817
2776180613
60457026
2777650336
2781027279
2776103157
3368049
28699426
2777891787
2776268615
2777255658
2780662501
105297191
2779289512
2780810141
2775987729
71478820
2780730450
48580701
2779847598
2776391627
2775915280
2776816198
2779814701
2780992963
2780720971
2777589721
2781169822
2779763251
2776888883
46544778
2779144391
2776021479
2777843002
542647869
2776949588
2780043134
95543465
9514381
2776027039
2780967398
501758582
2777924240
2779081532
114260180
2777884663
2781168801
517489954
2779399747
2781405841
2778878645
162914141
206120028
2780713450
2778100393
2776751804
180433265
129212189
2776696866
200578983
2780873523
2780242740
147725549
175226303
2777030727
136410877
2778298811
2778219864
2780170542
163925354
193072551
2776095079
2775897591
2781334924
146246686
2778937988
2777183392
2775868008
2781130874
92899557
542602560
124391560
2780582139
2780681637
182767506
2776556962
2779174183
2778934794
60080948
2779398186
2777810033
2779224419
2779563802
2776153579
2781277785
2777838041
2776327626
53313354
2778684270
2780063443
2780708138
2778547233
2778450110
2779640164
2776427906
63024430
2777762310
147120446
2780233719
622187
2775938043
110231798
535889608
147897422
2777479552
60279628
2777878166
2776990139
160106267
147548783
2781145905
103785112
96810749
149168925
118240996
2780372667
2777699731
111404276
20881042
2777957477
2779590534
2781113927
2777816518
165884929
143503458
2778977391
2777031145
2778198090
2781055451
123645730
2781074668
2779540760
140890884
81007515
2779740529
2776628786
41132520
19607057
2780604972
2780736718
24659117
2778876098
2777011305
2777409889
151314351
185245429
2778286167
2780901375
2777597489
64671544
2775933579
2775893709
2779171343
2780156440
2780061130
547724660
2779189559
207172963
2776517449
77658299
123894913
201026875
2781100881
2781331291
181705518
2781069710
2779770443
18750672
2780895195
2777853172
168311149
146977504
501373749
37531588
2776152459
2780192687
2776813195
2780509799
15708023
116346337
2780011867
115128584
543192267
2778481409
2780710577
170322944
2776671057
80189280
2780071524
2777199536
2776163345
85426389
2780735422
2778816408
2776831620
178448246
2780933064
2777841811
2776843359
2780742549
192051995
2776190567
2778538098
2780630330
2779387592
2776380497
2780281482
112731501
23189370
106111739
2780781441
2780096555
2776577816
2777336010
2980749
2780870284
2776568361
2778504305
16282426
2778561960
32270936
2778203192
2777856591
2777185723
2780929415
2779190543
2778513178
2778623448
2779926508
531090456
2780036220
2776204236
557196412
2781148705
2777246787
2777528026
2777562987
71406770
2780843058
130614165
2781289507
2778742844
2778101575
2779599585
2777077779
131377753
73581560
2780227991
108622957
2775837468
188673734
2780973413
2779756029
23929507
179701269
117412055
88695199
2777039795
2780838449
2776166492
525065189
2780676724
2780854224
2780275768
2779273700
2780900394
2779794685
2775868214
2779862895
2777991312
2780739410
34862557
2777208964
2776113264
197018842
2780822507
2776437830
2775944440
2778530916
2777869876
2780271298
2777370761
2777760043
2781190923
2775841638
2775858994
2780958185
108258172
513568399
53369545
2777900450
516783827
2778455705
2780001926
2776536700
22536674
2781359185
2777359013
2779070420
2780973829
2776895925
2779730707
2781429669
2780083227
4843237
2780677245
2779480298
70520399
2779082226
2779297054
124257508
2777037455
2776522641
2777337681
2778709741
158436829
2777954633
2778375983
2776644819
75368297
179737136
2778670237
2780309096
2778096345
2778909843
159789966
2779487365
202600734
2780020244
22478109
2778755563
2778376612
2781446837
2777020133
114799590
65264089
50837186
2780393429
67354355
2778660456
2776671118
2776942078
2777052131
2781455918
2776753188
2779485191
2779271964
2779042267
2777944147
2780855385
2778097690
2779625045
2777684593
2777622222
2781107918
2777857905
2777241430
2778394406
549564607
2781061003
2779285040
2777510322
2777085203
2775853960
35779624
2776266524
2777928497
2780228039
10962305
2776353137
2781224065
2780643780
2779343941
2778340769
2778534714
2780054728
2780412351
2777355627
2777998763
2780446902
2776694986
2780571950
2779420664
2777077772
2780543141
2778285552
120201567
2779545450
70083336
2775890316
2778728295
2778850991
2779507581
2776071940
92859348
2780844854
2776106356
144961208
2780155532
194078274
54727825
123307717
2777238326
2777450992
42191138
2775989837
2778237249
2778068864
2778041728
2779879637
2777751181
2777939895
2781377906
2779545605
2776398607
2776041644
2779332417
62931288
2775967396
2781024291
2778500640
2780710533
182430985
2778174614
2778008530
2776708235
2778596440
2776218651
170143251
2776801973
40099303
104588195
2781167251
2779802804
2781017214
2776539760
29438290
2779016726
2776847491
2777025665
51003651
533960469
2775896186
2778309144
2776527824
2781321319
2779570374
521616538
136377969
2778949450
2778639171
2776643301
2776570352
2781338086
2775843563
2776034525
168948464
81835627
2779661140
2776187618
2777505248
139735617
2776957333
2776061088
2776886183
2775835907
56283842
518528333
2780860433
2777757298
2777998813
504828331
2781415766
2776717531
2780948615
2781301867
2778243475
107760621
2776147852
2776452283
2781142233
2779247581
2781095694
509535802
44257564
2776085192
2781155193
2776549467
2781200990
2779780447
2777940294
2777530592
101981779
2781391728
146995729
2780192298
2778436729
2777495059
2780733263
2777080924
2777547098
106737743
2776517170
2779280114
2776966123
2778194738
56734278
2778241766
68631991
2780325947
2779942698
2778917582
2780512113
2777443930
2776792949
158890734
29158493
2779441642
148195345
74749433
2780923734
2777011454
2780316156
545245610
40966182
2777959749
2779120313
179343069
2780816474
2779726722
25593224
51195566
2777687543
2779198824
2776862454
2781433239
2779777400
179047225
2776989080
2778636710
196977105
2780709859
2775838009
558004440
161184883
2779306639
93760107
2778186874
44667518
2778847591
145912823
64428635
2781286957
2779656411
120461459
2776669712
2779264005
172766045
2776319974
2778944269
2776517272
2780443641
2778774319
2780801052
2779568553
2779812746
2777168331
2778283792
2779618335
22833228
2776612492
2776679059
2780052801
2775922123
2776567092
20832175
2780106137
2779804969
2779621748
2778889947
39982344
191530213
2777970557
547514534
2779819341
2778403757
2777202750
2781431820
121784555
2778996222
2777661972
2779045754
2778206487
2776347870
165347436
28771799
2778036738
2777421045
132593773
2778662471
2778640068
2776913003
12183850
172902620
2779261835
2780857698
2776076568
2780722625
2777656647
2778357134
106002050
135125338
522709068
2781079855
148324637
142091370
2780148617
2778886782
202058472
2781354324
29110201
2779870758
2780407017
140713313
167166652
2779442034
2778188111
64277026
518489957
2778539211
88005923
531301366
2780188138
2780047337
158259556
2779675120
83160066
80963711
151459598
104696221
2775877325
173560066
1131559
2778744299
77309623
2781449240
2780199337
2780353913
166422571
2781430542
2778887610
2780349536
2778608845
2780925944
2780721672
2778154602
45620623
2776470791
2780911991
2780139007
26063835
2780494585
2780513263
105073526
2780089664
2778378541
2777216529
2779011319
2779466056
123162216
2781356476
2777769436
55627697
52888668
123657996
512054716
2777688565
2778721907
120504487
2776086038
2776574770
82673840
2776923910
2779200073
2779975665
2780024618
2780439190
91919044
2778811309
2776284039
2779148576
2780133561
2777646478
556338050
2780144137
12772571
189712251
169715780
2776167143
150007171
2777326955
68282942
2778304054
2781025361
2780850517
548263834
2780903461
2776815562
2780673261
2779120514
2776286740
2780687135
95648434
180182882
2779377209
2777435560
2780721555
2778754005
2778080538
2779323715
543847140
2776872830
2776418357
2778980041
2780010596
4891637
2778167656
2779736973
2780127627
2780583685
2776978385
2777738375
2780829356
505681258
2777365542
2777699424
137905882
2779561538
2779813795
64616779
2779928869
183911611
176087127
2776232490
2776014081
31005864
2777851437
144446859
2778926858
202027166
2780778659
2780583177
50499229
2779035016
539724014
2778511899
36597679
43211506
2780044053
2777113040
2777494119
2779466451
140676016
44819458
2780648213
2778004271
2776135278
2778889814
196459178
190529437
198555668
41431195
42332840
2778412320
2776148049
2781321516
2776869015
2776422346
2779366225
2780306410
532605144
159761880
2781277034
2779953121
519982507
2778822675
2776724535
178715517
145695476
34392881
2779872940
2780188749
2776655192
500809662
2779634548
2777370509
2781046654
2778811607
2777961001
550829397
2779123987
105842133
2780246408
199449819
2780031485
556248259
108004873
2777852585
2780813950
2777421203
22419926
2778222686
2777818810
2779107377
2778215928
150993337
2778191139
2778196063
128599828
2778744790
2776069064
2780151220
2781386905
156887251
2778518635
2777761400
2780408003
2780893611
2777548963
16469435
2777038452
2779041367
2780239667
2775911762
124152130
2780385525
2778163235
2779842457
2779234423
2780139471
2778473161
2778823303
191297826
2776707394
555463525
2775901395
2777469274
2777248907
2778808140
74279204
2777927833
2778991295
2777377808
2780915703
2780890765
2775862886
519517224
100625263
2780121338
537455786
2778264164
2781343232
44523748
171190658
2777379768
2779252274
2777599825
190243275
2776899143
2778058344
2777345783
2781128226
2778747576
2777553437
118107040
530479602
2779352663
2777518490
2777400898
2779004214
111224470
106044862
2779008791
2780785936
114429787
100991257
2777999982
529934853
135653721
2779463512
49141809
2778084181
2779056238
2781472016
2779039332
2775896093
2778696090
2777590503
148016477
544075446
74662306
201991283
175167371
20032530
2778865131
127896553
7679702
2776565149
2778139044
2776809510
2777957773
2776254715
2777644776
2778987638
40312091
516765717
2779335917
2779157789
2776705840
2779274976
138634970
148263481
2778178496
2780005381
2779328108
2779939559
2779316656
2781372616
2780433923
83281155
2779541838
3797491
2779237526
2776328154
2780011685
2779042265
2775888245
192897481
2778411919
2776497198
80644323
2780656849
2777233106
2777862942
2778792288
2780598922
2779144371
2777551036
2780463424
190029008
2775884927
2777768553
2780990764
204651516
2781143241
2775884164
2780131337
2780827812
2778983345
2779129024
144229578
2778199974
2778906185
168324905
2779138571
2780894687
88854302
2779028778
2776704433
529484175
2779771158
164270683
515933790
2780275279
2777139279
2777200938
70721018
2778452387
2779663992
2778694018
2779863501
130537919
116757783
21240300
2779285071
2778484989
2779724494
32797430
2780846639
2776835051
2778086653
2779241032
190703774
2776614145
2777614172
194105502
2779367833
2778119611
2780197538
2780120041
2781031646
2777939449
2777565287
178288346
2778467562
102726548
2779737534
2781305411
2776396257
2778157002
2780719456
2777690249
2779183467
2776386095
2777878340
2777867271
2778589357
2777387522
2779874283
16925332
108284194
74916050
13646594
503158894
2780462840
198202531
2780511789
2779997758
2775864398
82327399
2776303244
2776662206
2780004934
2780280372
2776756772
2780548374
75608658
2779036407
2778654458
2775899717
2781093879
2777755142
2779608364
2779244277
529099274
2776046050
36442339
2776009745
2780475561
190040717
76493375
2777973373
2778243190
2778041760
125447321
2781424425
2776030095
554736915
18135003
115642632
2780166525
2780571246
2781212303
516533161
2780101742
2776691879
2776367190
2780395800
195684317
2777425269
2780556216
2777730688
2780185105
2776085571
510893854
2779904503
2779027282
2776471039
2777821990
152137633
111633790
2777176204
2776471761
133050064
2781354122
2780270954
2776759131
2779527642
2776774086
2780800192
2779544890
73271178
2781153462
2776178687
2780444390
2776521394
2776041537
2780524238
2780641572
34670494
2777968757
2777268530
142428764
2779720616
2779066339
2779781055
2780591905
74219105
2777362836
150898382
2778328888
2777299185
2776006611
2779495325
509263881
2781083729
2781464183
2779741036
150608813
2779618155
2779563990
2775935561
121894898
2778596997
2781336691
2778239091
2776306927
2780384264
2777495896
2779871723
2777257828
2780572361
2776379546
2777734766
4856287
180491462
2779553203
2776933271
134535237
2777965305
135590562
2777233101
2781249640
2778179696
2780941884
2777352088
2778371040
2776851702
2781091120
2780699315
2781198647
2778864722
2779519735
2779734609
2781125926
2775983807
2780585260
72054179
2779930269
58149601
2780230390
2777222091
2779225839
2780702188
2776335402
2779126801
2777909108
165601484
121766906
2780967544
2776714164
2781026060
180221970
2781298115
515067334
122626543
2776521926
2781078310
2779012014
2776137443
2777251716
2780395927
17742781
2779580380
159469923
57525603
2776333966
2780764065
2779915942
2779790151
2779353889
2780202286
2778689996
27167748
4951490
11404073
83721509
2776395637
2780722643
2780518120
169105985
2778772032
161937551
155790721
2779242764
2776446391
2778866303
2777481506
2777339959
2776551393
32581785
2780204946
2779081528
2780164260
67901905
2780389204
2778172432
2779119658
501303744
2780272548
2780046802
2781074973
163286209
2775859317
2780813702
2776372613
2777004798
2781008207
65290094
520073198
2780922713
2778604454
2776870266
2777697339
2778176567
2779265331
64910545
113421121
105162683
118532733
515772544
198895044
2777819515
207953293
2780281444
2779719974
99485774
2779580342
2780728851
2777544415
2776807657
2778867453
161043075
158156245
2779790601
14712689
2777688646
2780878386
2779945475
2781247686
2780505581
2780942030
2776760863
2778935220
141630435
2776377561
170309218
2777072566
2777058724
2780493953
2779426774
2776474334
2775888409
2777298644
2780836928
2778251051
2781282392
2779591876
2776754329
178195510
135909481
68389820
2776666386
2778054405
2779285994
2781006178
2776688315
2776445417
2776506252
37139622
11192451
2779064603
2776185883
83859853
2777301503
26432204
2778781484
2776089418
2778365398
2780157099
78320373
102299578
2776953226
75947009
2778149154
537376119
2776164681
2778201438
2779473946
2779632146
2779196075
2779645844
2778681275
2777825635
133698118
13888819
2780792186
4518377
2776024583
2779545084
23185880
2781379532
2777963234
130160918
2779749291
2780478481
80509450
2777263573
2777097045
2777694317
2778986245
69531258
2778464370
2780865623
78997905
2781363790
2775918509
2780368870
2778400925
2776638254
147451266
2780328043
2779483846
2779436495
158954095
76197868
89017223
2780201545
2780686770
2776459417
2778643427
2777294762
60940604
2779759676
174365491
2778591123
2780576637
2781310025
2776145017
161921814
2778516001
2776305542
2778443999
2780283097
2776974305
2777909435
2780966802
2778730226
2777494970
2776132954
2777320248
2776453228
2779171371
2778063263
139015958
2776044262
90575768
2777321324
126017040
2779396622
528414297
2780304519
2779533707
207044243
2780613045
2780561719
2780108316
2780929599
81366925
175610750
2780966845
91802169
2777180732
2776224119
2776865758
44594196
2780030891
2776328359
2780029052
2780859677
206518492
173890291
2780287697
56608182
2776086947
81939152
2777757270
2780992775
2779910066
129454956
53084192
2780980127
2778841819
2778182169
2779303340
130470419
2780668135
2778079316
168772968
2777243469
2777830559
2780652304
2777546481
202542152
189469870
73520026
46853890
2777385679
2776971509
546175201
205724471
2781364391
505900562
2778780881
2780911369
195959119
2777637834
2778363165
179455192
2779279036
2778000173
2779784134
2777945366
2780775679
2779807656
2780019902
143230566
2778521100
52119013
2779556478
501911104
2780000184
2777985218
72633213
2777051285
98664755
2777967091
2777977891
2780550424
2778786881
2777567363
2780769148
2776968777
2776715740
2776678506
2778060005
2780972994
2776829547
110604844
2779968248
2778920091
141262573
196017715
2776636603
2779433408
2776889110
73354803
2779897807
2781212383
2780703805
81405235
2780057328
2777081293
2776630868
74103365
2779841212
2779687829
76019171
2779365802
2779317419
533369263
98015455
2781081723
160844653
2780433259
2777555899
177679114
2776858443
2779205769
2776913567
2779667233
2777814368
2777954650
2776590589
113366478
2777923706
2778150225
109661055
2778750949
135687623
2779471646
2776453491
2777820359
2776852484
2778824557
2778538500
2776898137
2775843773
154130900
2776830653
2779979142
2778666034
201949408
2777488801
141841376
2780281942
2780831121
2778091546
2779941602
2776426111
168725872
2778031346
96839415
2780335520
49637062
2777177307
2780260172
2776915840
2777620812
2776105637
2779318600
206688715
2778284734
2779663450
2776839577
2777049609
172352747
520712124
2779419272
28667232
2779164903
2778374610
524692358
2778520190
171533372
153653253
2778287207
2780959481
2777335034
2780041053
2778679518
2779929907
157056136
2779451696
2775994467
77368203
2781039233
2780892127
170074353
2779602147
2779738658
2778566998
2778021797
2778651408
122776584
2779986459
2780655343
2776827424
79274276
2777653619
2776653006
180820245
13721787
2780133303
150089670
2776713105
2777376058
2780891148
4278076
142316359
26000529
2778009772
2780670222
2779244840
67101536
91304198
2779039881
185257988
2780644320
2777063595
2778823786
2778045022
2779488957
180730796
114121747
190719290
2778311575
2776174102
2777812158
2776581075
86390407
21087458
2777006935
2779166035
514409498
2781198692
33799949
2776356376
2781279460
2781180186
2776183528
514301927
2781292093
2780463228
61525813
206477279
2779207742
2778649774
2780712738
134396925
76675376
2777073991
2776322710
2778822579
541520048
16555956
2779280630
2781442496
2776208879
2778257055
51247587
2780758313
540481872
2777978881
2776164555
2779980197
173021708
79541216
2780229938
2776427486
2781074996
105745669
130056557
2778666512
4729504
2776725785
2780302482
2781374353
58870171
17942118
2776332860
2779401564
150297149
2777986440
203889594
2778771583
2781301374
2779410761
2780470347
90464235
152095336
2777748111
205310680
2778305142
2776893760
2778949116
2781310913
2777458711
2776022134
2780551667
2776656446
17192189
16277566
2778376405
2776219385
2780081131
2779165312
2781454611
2779439602
2776132280
169773698
2780488204
128774023
2780383645
88514723
2780380463
67423336
203601557
159048943
2777365513
2780398099
2776052348
194276650
2780232594
502416277
2777767129
2779281139
2779791403
2776849373
2777967479
2779035134
2780607115
2779215236
29717899
166440990
2779664303
2777259454
2779892692
2780249654
2778467254
2777253291
533100261
2777311941
2781314755
2778638714
2780243899
199381693
2776658975
2780928724
2778307344
2778698498
2779124805
2780118192
2780533540
147052159
199353437
2779733908
2776786462
2776180799
2777242196
3305159
196366558
90664946
143254220
45114443
2781032127
2776589136
2776274875
2777454149
2778313662
2778520820
2777125575
2779546290
2777078857
2776619241
158128106
2779290080
550838152
111368368
2780161694
2780251801
2776228730
2778731757
2778473898
2777444744
2777936210
2781073295
88764529
2776536865
21442007
137010152
2781369933
2777953894
44370584
2780634401
558073901
2776269688
2779718183
2781459956
2778737971
2779782208
2776107512
2779135125
540743153
2780742912
2776251993
2777732361
7244186
2779723400
2776382586
2776844415
2778702457
2777756922
541850076
205252895
2917558
2778859161
129796310
2779173250
24253811
2780626319
2777214963
2777413946
144090359
2776734462
2780784300
2775957161
192541246
2778262452
2777069420
95334517
2780748028
3434980
2776394035
15606402
2781195997
2781189430
2780321768
2779168649
2778322791
504583287
2780842949
19665322
169203305
2776062863
2781138811
7991579
2777874358
82874727
2776993198
75971821
17057217
2777915743
2778758263
2781205800
114527435
503380767
2776688355
524244815
2777001087
15262923
2776166537
2779163060
2779643176
45326173
182873914
2776320642
2776903350
2779045248
2781179694
2779716118
12779971
2777736434
2780457830
2781059590
2780129543
2780536476
2776502453
105360689
2779204341
2777887772
2778737978
2776967102
2779190304
48815037
200675308
2779987982
19266351
109568592
96390635
2778213961
95570890
2781366716
76178041
2776858562
2776858511
2776986690
43803900
2778897741
2779556004
2777887775
62377043
200051551
2777434480
2779577034
2780462311
2776632102
170806853
2776068307
2776056051
2779461648
2779354267
181126627
2777439641
503314578
2780935663
2777226542
2779857780
2778737669
2778291171
2777687527
2778040306
2779084582
20842152
10511252
193307473
2777266780
172796168
28328592
2780439088
500621485
2779303654
2778742058
2781015682
2777432836
2781428741
2776308195
80445892
2781208289
2779235823
2778890569
2779104420
2777044902
2781033802
2778546925
2780734062
2776519999
170940885
2778944981
134559154
20102412
58268384
2776133261
69309466
2776048480
2778734383
2781165453
60866989
2777756795
2779970258
2776026147
2776571772
2779406126
40733740
23141339
2777026876
15697911
2781437521
124650155
2780652346
2778267534
84079672
2778281118
122179226
2779859823
2069299
2777895489
2780076902
2777832611
90301978
2777413171
44900524
537778559
2777767291
2777346430
71197132
2779064266
127529518
2777007368
2776860250
2776111252
2779780100
2777499854
503719559
57099999
2781471275
124086623
2778400880
149279245
83027933
2775977372
2780040055
143572714
2776168965
2776986238
2781255199
100148910
2776380637
20650522
2776697620
2779436669
2776929727
537433329
2781106009
2776093648
2776275044
2780510186
2779824986
2781235026
2778259840
2777844037
12113343
2777286401
2779388606
2780674276
2780983098
2781147457
2779406438
2776705819
2778507699
2776074449
545315313
2777284928
2778003140
2777262277
83646750
141685373
2778509408
2779495086
2777716289
2779198789
2778365599
2779987857
75425809
2778092521
2779852845
2777652109
2780430597
2780749053
2777149194
2779612425
2776379283
151783504
