2779930455
2779587817
193265955
89279210
2779699487
2777908217
10841079
2779154291
2781038479
91707119
2776088076
177929929
2778657360
2779152149
2776329381
101336846
136428324
2777491078
201267963
53460152
2781270196
2777000081
2777349546
2778432541
165720898
550623735
7694927
536799390
2775917329
2778983709
60448018
127732161
526903357
144729044
2780389456
2779269616
2775901815
176980610
61958391
9956237
182420344
2777732649
2779217394
61742228
2778492893
184304460
2779712921
2780105144
2778336440
14897174
2779523567
125155396
2777189468
2778078344
2777324053
2778932087
79261456
2778200771
2780009411
2778645564
2777731942
176166264
63578307
2777369547
2778497195
97850793
510052550
200198126
82975060
2776442516
2776902331
2778695977
2779429310
2780035975
2781189236
116296031
68550005
2776885127
2777879630
179961367
2779512387
2776086361
2779285877
2779674178
2781183918
42191138
87359718
159442368
137527057
2775835805
2778493146
141736933
2776008903
2775942830
27765311
86381522
175457265
2775924341
2776744947
173677008
2781420096
2779119599
2777740196
2781121064
83082321
2780754355
2779567267
82659022
2778597531
2776389303
2778461158
2777744666
11026015
149723765
2777908404
2779404932
2780249775
2779323715
2780677782
101082671
102013352
2776561723
2778870524
2778825863
2777817349
2777348551
2775856024
2780576733
2778760603
151943663
134123091
2776106465
198707218
2779123429
129809811
2780983398
136528926
90044865
2778299166
85296223
2780814968
187435122
108338728
2776572614
147584655
81862102
2777687567
2778481409
25136982
2777077875
2781233791
2776777199
46788351
2777218926
34455102
155908867
2777765022
203176296
2780443751
117100140
2777264938
2779173332
2778818224
2776066864
110445762
2777592110
29480096
2780440630
2781264928
33759916
80164806
2779255885
2776422314
201783931
2779940999
166951709
2777704615
206802598
2778455057
2779093316
2780528165
2779816964
2778077079
2778356852
2777728648
2778369215
20480867
2778575349
81595293
2780414845
2778650316
2777364119
2779773552
115253948
2781052401
2778338344
2778980135
2777584438
6556556
158418675
190540093
2779063765
135179061
2781355767
40693908
2777423494
2777547799
2777201227
2780863912
2776785125
96410337
2779096107
2776073808
2780523975
2780730041
2775971640
2779358013
2776126428
2776093513
2776777737
2778343803
2776008671
2776718805
2777955363
126511603
2779112895
2781429502
106657675
2780938118
2781102473
2777492985
18168003
38139870
111038815
188027245
149878695
2780423346
2520015
2776328080
172796168
2779806528
201416799
2776184289
2779181774
29302406
22947924
2781342694
95637102
2777642518
2776538399
2776883814
2779743592
2777041257
2776373620
2776243785
110050840
72832162
204826919
2777201101
2780694765
2778823387
2780693468
2780813489
2776825036
81726468
2775832600
2780787415
2779734090
2777275056
2780779463
2779133507
2775974018
2779084428
2778884060
2779775279
2776985070
149912024
2778432880
2776269561
2776290024
2779963198
2780377527
137161660
195058502
2779250161
2776758652
98150716
2779992071
4208123
2777728836
47767565
202974441
2777790030
2778501044
2780446910
538181303
2776704058
66960626
2780119967
2778402822
2777548727
207681016
546297234
125078647
110517317
16728422
34425451
2777619693
118732332
33178731
2778355491
2780945756
177150819
51456978
2777175714
2779445587
2780423959
2780114369
2780192203
2780232078
2778582501
2777016790
2776085470
57565779
2780603081
2779984612
2780659732
2781212842
2781333487
2777076862
54525549
2778240408
134496497
2779620936
2779028617
2779066612
2781274508
2778929721
128172907
26360006
2776405685
2778842137
2778932305
2780545059
2780728553
84883126
2778163515
161312837
2779867950
182437060
2781016859
159121823
2779954068
171874014
2777449259
178241237
578319
2777069866
134088382
110120631
2777709790
2780578090
20582795
2777259185
2777224424
2778702275
72435311
2780794841
2777012914
70673446
2776152135
2781281429
84907080
27019838
49097943
7300947
2781164565
48123060
2778288408
196553313
64287253
2776960995
2777227510
2780718992
2780196593
2779864855
505684108
2779297937
2781350826
2779642852
2780739234
2780973614
2777800518
2777049398
2781290227
2779856330
2775838418
2776641422
37696544
66018809
2780928993
29320194
2776275907
2776190049
16781607
113416973
52921618
2778066569
2777073802
2776283207
2781190067
2781349841
2781215314
2778436418
2779808372
2777435091
2779540759
190024692
2778103070
2779678679
15283870
97006071
2780696285
2775929531
7059664
130663733
2778214091
25081152
2778960328
2779495234
207290738
187999972
2778636046
2780838028
2781291830
2776372261
2781458780
2781431120
2780954419
75770526
2778848467
21395175
2777325870
2778258658
2777918961
68709404
2781187707
2778949148
2780057970
2779970430
181556327
2779668472
2777153267
2776580291
105583763
2778302957
2780108024
2776793449
2777814067
2776385024
2777882088
2779427235
118777515
87512125
15083742
2777085439
2781378415
163362911
2778484013
2780901251
2778266487
5335593
2780091738
2779006098
2779967523
2780551694
2781220295
2775860645
2781060942
2777742318
111155427
64564810
2776356365
77334096
57769158
63942097
145922259
2777390887
507968137
2777468847
65192284
4078722
2781130449
2777504703
2781101146
56856141
2780490245
2778940478
150835508
207469975
2776273238
2778649893
153553885
2776153678
38201244
2777400397
178270690
46293882
2775861983
2779201265
2776416690
2776247963
140635768
128964735
2778235200
2777660048
177207124
2778358126
2777983328
2779332230
22495355
2780291738
2781021212
159395582
2776827395
148602770
121785416
66743075
50997350
28317120
98375054
2781247397
2780027461
2777425228
146710177
2779751499
73550095
2777777706
2778451139
2780029314
2777526675
2776133404
2779304740
2776136241
2777827440
206701724
2778034974
2780680814
112439578
2780584845
100963093
165357019
2777780938
8583757
2778751113
2776827017
2776955585
2778810718
102587638
2780474767
93656029
2779325604
69031685
2780468628
2776471810
2777075361
2780076828
107816215
2776143536
2780159014
2778309289
2777918083
2778261649
2776069950
2777378146
2780229467
94786355
2780241637
119423029
40312155
2780644556
2779123554
46312889
38398224
2776014600
2779806815
69304541
169961218
2776892686
2780227895
2778461744
187530423
2776567738
2779357555
127404614
203635412
138331970
30884896
2778684775
138301425
141679112
2776718484
2780860087
2777367640
53524968
92371047
2777817576
139425391
2779279451
2776536451
2777730048
19456673
2780013451
2779229422
150377557
2779305437
100082104
2778011828
29823281
2781201450
2778920558
2776572312
6385141
2779028963
2777060723
2778619058
77288539
2776600018
2778684644
2775965316
2776806800
205372313
55359492
66908474
2780494709
2776645054
2776106733
36628996
2778679587
2779351475
41708705
125782030
2778925040
24968072
170262616
136591941
2777469401
2778439825
2779509896
2776993651
2777195266
22007738
34436041
165013422
2780574425
2780004001
201026875
2776412973
2780938620
2776775011
59839441
149363685
2778074291
2779370888
93563457
76344452
206394296
196316656
2779643017
139369640
2780621737
47566043
2780014956
2777676849
2776972973
2776893790
95480978
2780515621
2780625379
2779776945
187767449
2776212061
161679365
2779808852
2780847467
139700937
79324624
2777397159
2776664216
2780338950
2777894559
90641723
111998727
181710863
2780584462
117164266
230515
2778204441
2778484430
2779385273
2778350692
36118585
2779935973
110572138
116174643
2777994455
2776005719
2777303380
2779521331
2781288719
2776392920
2781060517
8744930
2779620998
2780247224
2780814765
44231203
2778756231
2780007011
2780019120
2777066362
169752599
2779666059
2779202306
20563779
504678139
174262327
110879396
2777519816
2781357946
2777625669
87282906
2779807280
2780873523
2781399227
2776925322
162882748
2779732766
2779193389
18747710
2780287790
104205377
2777989603
2779551338
158446291
38052585
2776443910
2777455906
53237295
60044698
206008964
52780932
2780069271
2778456624
127995812
2778114826
61656845
2778393666
2781114498
2776255022
112234648
2779752635
2780329968
2777286044
2780395129
138999460
164205550
2778982526
31625292
150724011
51936186
2778420591
2780532719
915527
2778339742
2781127931
2779397829
2779692689
2779297596
2778024142
90627668
200990466
2776184800
40241539
160875861
2781220013
2779019844
76737569
2779042163
2776748962
2780489938
26140837
2780781055
2776421394
2776853252
71039073
2776541481
173811203
93275456
158568599
2780588059
96709497
107365816
2781423065
175104383
2780365227
39442485
17435862
2776746037
2779020995
2777637995
125619702
2776976625
2778249304
2778851182
2776756641
2779506852
123057669
2780033417
2780435716
2778071519
37487178
35377427
131336679
2778434242
2777095683
2779937294
2776059658
2781241367
2779216213
2777257689
2777403436
2778443323
2776744844
2779015440
193483257
2776493241
2777096023
2778470731
2778720434
2777048928
2776916390
152785688
61039299
2779664699
120359367
2776998903
2778659083
2781327657
2777583952
64839514
2778589231
2779756029
2779372575
2778860312
2776063276
2777425756
172227984
2777345515
2780933944
2777204517
94869889
62377043
2778895813
2776376828
2779325788
34391658
142388331
2777606094
2778874844
2779823094
2776266710
117537405
2779454639
2777423856
185485555
72662328
29930090
2776421124
134132462
135986590
2781002795
74108042
160306043
2778668040
124728849
86305886
2780916973
2778894479
145514866
133267278
102560166
72735139
193261695
76687271
2776989763
2780870843
2778504605
2777364628
2777330688
2776833918
200233404
2780786784
2780332872
2780018685
2777358871
2779420644
57527310
2777712770
181748761
524769229
2779657171
2776290925
2780892449
2776061948
165932988
2776847223
9798290
2777703357
2777231892
2778162197
2780969506
2781019906
2778119552
2778640051
2776421670
2777624356
2780051523
9708629
2776466339
2780955318
2777618003
2776773837
2778418982
161987422
17592136
2779244999
109386097
2778697705
172302886
2778748185
2780019536
2780502068
2776261308
2777122950
146540541
2776825447
2777378478
2781247691
166726860
5077875
2775988521
2779241276
7478940
89760097
20564796
2778803073
2780716677
172852746
2780584874
84910104
2780634410
115333844
2778199549
2779344738
147302496
2780303881
139165739
2780302967
2779471666
2778828675
2778391529
91914117
2779881192
2780139874
2775991940
2777352748
2777136285
112904210
2777323739
2781373598
2779281663
2780288131
31785949
56673219
2778784078
2776219731
2778294040
2776727923
51858381
554616519
2779103668
2776778826
5475335
2776466931
2780856220
2779796343
56614897
2777346912
173913448
155672457
205539056
2777636834
43719734
2781202581
181276680
65604355
2775874411
94067537
2780722187
2776797983
2779856285
31831630
2778010489
2777596346
2778502358
2780389399
2776652806
50331138
74018784
71139939
2780016085
2777740398
2780899504
2779478037
87139677
107612470
6585489
76231477
2776797292
2781249183
2777892922
2777431650
2778966251
2777031710
69964188
129129829
2779230369
2776487334
2777373712
2776635012
2776288119
2775910734
2776652033
2778705278
2776444453
2780415864
2780315059
2777403321
2778959120
170642482
95770727
2777720501
2776762104
42815607
2781000313
15920480
203146411
2777742759
2778112902
2777986386
2776189445
55835564
91303045
2780963925
2780775966
2776419212
21799368
2781371449
150759737
178889773
2775846649
2780044954
2777148534
2780196066
96926464
84616759
174514076
126233035
513153333
2781042915
21141959
180674988
101518730
544956773
2780924562
160487672
2778632453
88299610
2779205973
2777637114
177564732
2779079558
2779641240
2780807304
2775953990
80609659
2777724302
2776293647
2779085966
2776734192
174855727
173696418
2778364684
2779085419
104117666
2778572730
2776912474
2778321575
2778234491
33163501
2776866349
132233512
2777973245
153692070
518456604
2779526359
156080657
84480008
2776365822
41858301
546638069
2778255930
132447387
2779123355
2778331157
38673314
2779462094
2777944598
166504685
133465062
2778492126
166487716
21593369
2779382120
2780712876
2776000941
2779688293
158117686
2778456004
2777091354
2779204078
2776404813
2779800572
184889134
2779843162
2777766348
74649582
143950194
132165134
2780603485
2780999006
2776342254
2779187350
2779327186
2777687858
5891036
2777223468
193228333
2778286393
2779221173
2778117898
2778555422
2777489994
126049285
2781002582
2776424019
2777987487
2779335376
2781065177
14621773
49326732
2781409005
2779848231
2780091936
28316944
156430615
117468950
112098571
195438328
128900784
43515706
169010117
2780667523
2776749767
2781101257
21023539
2778080387
67377204
2780576252
2778702403
2776521066
2780184401
2777430008
2777090975
42820424
5667319
207267971
2777089699
164843827
2776834258
2779072919
2778602707
2780327359
2778113138
2777484996
82776694
2778406598
157959818
2780606091
2777118752
29633239
2778211613
2780945657
53192549
68928338
51592368
137808972
2779256693
2776152967
47027709
2776449238
2775961981
118628717
174178034
2775930389
2778435939
54856674
18150654
2776439352
2775939985
2781078367
2779104543
2780420188
2779432158
2777933282
2777551883
2779467280
2780928107
105393829
2780907538
196029304
2780698125
2778078985
2779707712
2780644530
193137418
2780989764
2780501527
2775977635
88126587
2776902251
182087806
201845621
2777565601
2776642940
2776640444
2777369722
2778059047
116456004
2778407529
2780854628
2779583193
2776892207
2775986993
2779205644
2778076416
2777740517
17116066
2779477938
2780750752
2781143237
2777998628
2775842588
2776183862
2777779616
2779411693
2778548753
2779748816
2779226899
2781061223
32785018
78089569
2777848306
2780795211
2779041444
206744179
2778957970
124657808
2777488192
2779656079
2776095046
2777377465
164990259
2778568733
2780984351
2777865567
2778558400
2778925267
2778404011
2779070285
2781428715
98390173
2780347056
2776172835
2780234369
169003056
2779195799
131024122
2779818338
2777718049
2781017531
171017739
2778484201
31081114
156048824
111960058
2776550045
2777808281
147108130
57906812
138175969
505241676
168646106
187695313
126491274
90291627
2777229284
76965819
41075158
2777190317
2777821975
2776289028
2778171408
2775997151
2778485852
2780950554
2777498060
84967400
2776647949
51576277
2776266547
2781212967
2779225514
2778063525
2778266604
139321929
2779864497
2777528581
186658273
2780272755
2778384493
2777938268
2776333303
2779028185
16517697
185938868
2776407124
2779332806
2778452408
2776877925
2778794521
2780214193
176289848
2779267926
2781220375
2776567763
2776347636
2776385975
2776892968
68047255
2779014402
111106434
2779461545
93021684
159122135
169312260
2780740463
2776753582
2779580880
2780070916
2778798718
2778086548
185903656
102213580
2778177714
2780751237
3045981
2780004531
2523182
112123362
2777368791
192245399
2780965675
2780950489
2781314585
2779728058
2776317243
2779801355
2779673232
2777331914
2779235436
2777154235
97909452
2776247918
2777204901
107021485
2776660364
2777197808
2776410473
32568104
2778120697
2780941652
2780607504
2777243976
2775910067
2777604500
2777896086
2779327780
5260166
49241924
2780361394
2778364132
2780121543
55022723
100988078
2777015634
2780807700
2778431162
2781215361
2777352164
2779119184
2779831665
2776020425
2779151659
2778161503
2776494965
2777515222
2780794024
165292400
2779534790
2777467509
111582010
201769648
2779989194
2780181037
2777600705
2780629472
2776564395
96279464
169043833
2777768457
2781326009
2779722824
47463417
145991859
46280675
2776986828
2777588049
2777743164
2779070388
115537861
2779148722
126513998
2779164745
2775932068
2777277714
2778111025
88399724
2779546945
2777312997
2776024356
184593036
2778717465
2779177875
2776034555
2780705587
2781164220
2775964719
2779446143
195678695
34123561
98456152
2776565836
2777357669
2779961764
2779081904
2775974204
9484721
2779237271
2776984808
2778976282
2777231837
2779544780
2779713055
2851963
2781276815
2779301901
133495861
118592067
141597695
2779312473
2780534471
144818796
159551322
2780187802
2779113042
2777393519
118231568
2777955772
2776084161
2780709103
2780203773
2778661547
2779214877
48513530
94466241
2776698672
2777041732
2777378586
70490866
35020094
2779444788
2777885996
124568556
26854220
2775892002
2778933058
2777258473
528890316
2776369765
2780246997
184993883
2777200355
2776831590
2776147509
199839135
41627460
2777746282
2780709608
2776076239
2776050040
46465826
29478642
2780920646
157341997
2781372846
2780237300
97892325
182449842
2777932276
2781460079
2778063291
2776085500
2776621453
2780373089
2780385620
2775902320
2779044958
141400236
2779918299
2781155771
2777626593
2778207378
2780729431
2776519091
98214672
2776182900
2777724156
93365842
2779587474
2777815390
35264366
2780407700
29337255
2778210363
2777968448
129884502
2780209116
2778926437
194577767
75296557
2776166945
195684317
2781461822
106106332
2780795630
2781431781
2778043188
176903044
51176869
2777630317
2777354256
2781464419
56200935
2778221052
2775832776
2777153943
2778169641
2778025352
2779148738
2778150338
99554922
2779868350
134121241
140721634
10060692
108582448
165460524
71597924
95444581
2781182303
2781301374
2776720525
2776769379
45871372
2781155193
2781285474
2781232264
2776943263
2777152854
59972440
2781269880
2779550832
2778069414
117011727
138757512
2776318666
2779439521
5979764
68749617
2778019836
126572992
45206210
141290920
2776942135
2781098093
94232707
30322324
51480475
84403224
104304963
21423434
531131001
25051078
2776756158
33795026
138875322
121502170
2780814149
6840138
2780155820
2779687552
2780106841
2781380389
2780435113
2777817303
2777669881
2781325198
132798551
205560989
2779498867
2777663133
2780199684
2775873786
54420461
114564131
2779670337
139043946
173409883
80271746
100148910
206707181
2779303976
194191183
82455628
185012097
206713093
121882351
2777236356
2779650833
2778887955
2776491256
2780531490
2776635740
37210646
2776197042
2777009965
2779737434
44309054
2775991074
2777504052
19177301
8335304
172890474
2776346514
2775847402
2778773212
2779256626
82895050
2781425250
2779463939
2780261696
204217086
34682378
2111706
2778873001
203281640
60100273
46890581
2780575848
2780009176
43285564
2777143166
2777212830
2780148907
2776602830
2775929524
108284194
2776426851
2778306185
2776234408
155632674
2778289320
119947313
106000735
2781067965
2777390301
2780985583
2780323077
2779854078
2777145882
2776552891
2781342849
2777162668
112013804
2778449044
2778074455
2777872592
129308369
2779576593
2779768284
96149497
82225425
2780269488
17835432
195159397
138211643
14860423
2776561124
2778275233
206391251
2780597197
2780776245
2778041555
12338403
2781372697
2778062210
2776171763
2781207722
106507998
2780565752
2781281706
2778807991
2777379467
2776123490
2778523118
2777924482
2778790543
167310744
96035792
2779391296
206139338
149597833
2779704270
2780320863
2781431410
2780685173
2780033390
2780025963
184937117
2776647307
2779986606
2778437203
2779326471
2777635628
76147273
2779510086
92138994
28410024
104806805
2778525405
2778755222
2777851642
140327455
2776748203
26926545
2778347984
2778174322
2779117930
2778922442
2780329304
2777672199
111956724
2780711145
520515859
2779979586
2780340824
2781065791
167930297
2777239431
2777476560
2780599098
94734249
2778069798
2777587759
2777516041
2779609459
515602321
2777456717
2779018660
158334679
524170830
107048319
33134510
2778503265
153056533
2777047311
2777227959
2780500059
2779686237
49639426
2776742798
2780542936
182254935
2776176531
16115445
177473295
2776125036
40472508
192620033
117087868
2775966077
2780329122
65590680
12668873
2778651431
2779680939
45291354
2776895703
2780877344
79351526
137789957
2779178647
2776016734
2777570338
2776026524
2778870508
2781037878
2776321095
2779699238
2778797282
37584437
2779942307
2779179475
2777759342
172507893
2781288895
2776046291
2776758282
189441244
2777232896
2781421063
199310239
2777204259
7668573
2778612266
192541246
123380192
2778891929
1781132
58422136
2778323463
2779560685
148994519
205871581
2777434778
2780129296
131721965
2778068620
204861789
126355924
2777514341
65988749
2779071632
2781151301
119776642
5716244
2776752086
2776480573
2780041843
2779897417
2779027804
2780335855
2779219449
2776915535
202752663
2777524764
39718394
2780558583
2778927798
2780372979
79435741
2778370875
2776310959
192097918
2778110966
2780601136
2776477957
2775903532
2780734807
134255957
116156461
69378780
527607
2781056234
2781195732
2778254334
2777938049
2778160703
2780646309
2779987255
2777806882
2777968703
2778954151
2776815978
46585869
2776478648
2780363375
69743712
2778933366
2781400038
2777760869
2776453884
2781194970
2775961978
2777202750
2777882336
2781366682
2778891590
2778037044
2781133825
2776568885
2776011623
2778894143
2777807228
2778653940
2781397873
2776325313
2776241878
164487770
146667757
2778708713
2780751511
118143372
2778891822
2780524085
168056786
2777231864
2778637819
2781054558
2778537970
2778613546
2778780225
2779511240
105163801
2776052348
100454173
2781468121
2777006881
2778657852
2781213569
2777966008
68130449
2777450783
553329646
127893833
144883860
2781303877
2779391383
2779086746
2779815153
149987882
2781006310
2780750054
127560557
2778568664
2777697756
115484148
2780775929
195244775
105569014
2778645280
2779400406
2777549070
95627916
2780843106
154267886
66097969
18747287
135427090
2777629961
150042643
2777269210
40976572
2778596956
2780415002
2778990113
2776386095
2778268620
2780251868
2778054150
2781007617
2777693201
2776276667
181775810
2781468699
2777716106
50916996
2776809566
2778303857
2776003947
166838275
2775846816
31499863
2777453300
2778207620
2776550042
2780398430
45014336
2780300847
129531949
2779991630
2777828394
2776689863
33220542
2777457650
2775959318
82641374
55688453
2777012818
140722275
2776629872
2780707032
2781278155
2781433026
23347336
2780367710
2777965692
2779661162
140154773
193690875
2779114463
107043475
2777401618
121321346
2776690606
56743179
2781291849
69358794
179111330
2780701337
2777396359
20625102
2776255139
2779246515
2777339864
2776724526
2781441102
2776074547
2777129222
2777667250
2778005282
2780724099
2777685560
2776881343
53559285
186897533
2777038907
54237361
42222113
12703456
2781103652
510490043
2778160805
2778871202
2778190295
5322026
2781000512
2779478220
2777959984
2776814158
2779365627
2780465825
2777811205
90609464
2776046550
2780001839
2780762798
79019126
71271904
134605974
58968531
192797455
2779913466
2781062450
2778503069
2781191127
2775925447
136677479
2779494950
130884627
2779375441
198521651
20608485
2778977470
21472109
2780675216
2778093133
17097170
106486073
2779541450
92305853
2780797278
149669645
2778586769
2780496092
115545448
2775892464
2778754860
172438305
2780313912
144321100
132843635
2780424002
106306329
2779103519
2777580127
2779366253
2779760979
2777592938
2779538087
2778163720
2777900271
180223813
2775981422
141131685
2779212787
2779596453
157906377
62464604
34800285
197404232
2777505019
124455200
2779133538
2778775876
2777770276
126292034
2781017838
113024971
2778153913
26365718
2776258492
2781129822
2776459430
2780006606
2779663371
2778183363
196715460
159731653
37164438
2778955839
2778882764
2779745264
2778086310
37641323
2776776251
2776018385
2776628701
2776540687
93973069
2780913535
2777395736
2779499874
127630913
2776756980
136468024
55444226
2777214345
2779421047
155153292
2776106048
2779646470
27902612
2776192393
105873366
2779079301
165874922
2777478613
35974535
2780462553
2776725963
2777363203
158488214
2780538931
2779488532
2779002002
43486711
187921700
2781243139
45180347
2780762185
2776579772
2779881495
57693265
2779310008
170901245
2780737778
2777578362
2781335005
137637335
109880203
537181965
2781372787
2779762176
2778042985
92328351
38219076
2779207024
2779918948
2780839780
2776289019
2776793784
159875421
2779603464
68220174
2778802672
58916441
94263209
47116085
15703899
182953184
2781275134
2780897027
2776381056
21582691
2778648569
2775966716
198658476
103159348
2776538336
33819350
2777589081
41151612
2780228366
105618534
2779370197
82764429
2778506155
100460472
2780829809
2777721144
182537816
16955593
101271287
2777336036
2777742925
2780434698
2779438999
2778443999
202186503
2779259434
51321904
75799743
72178403
2777072085
58768586
2779948292
2776647329
25115569
2781010395
199051819
2777259680
2777684502
2780140678
18260009
2779463659
2779500169
2780634616
2780524081
204158828
2780020272
2780298346
2781008999
128280218
2777191245
2777106986
2775895354
2777729037
2778386843
2779905828
2777216800
2780300549
205286655
2780075077
143626388
555451288
2777495202
2780486145
2777962996
2781333061
158553322
2778995668
2777505154
183808158
2778125368
2780492291
2780692420
2778674800
2778556069
2778230297
2780912709
2775913940
2775917242
2775867885
123387304
2781254551
2778522599
158479217
2780303821
2777833522
2779203111
2781416453
191516044
2776654752
2780898304
2778472603
2780953369
2778586024
2777615784
537997061
197977467
2779046826
2777101559
2720162
135400555
2776630066
2776999414
107545201
2777213042
182508753
2776272578
2780016220
207003234
207184734
2778804075
2778664469
119001679
132828282
2780671246
98380375
58683137
101493165
186994386
170029824
2776011472
122006735
8034132
2780910110
66282033
62360432
506065880
14862824
2780666587
2777056678
2781047106
2776301902
2779717897
2779884093
2778937387
166085835
2775983189
2776767746
2776311199
198421469
2780656047
62394552
2776215560
9075218
180938184
2781357583
2776619094
83256855
2777424210
2776450708
2779077601
2781338735
78871886
2780663759
2778021179
2780136152
38535076
2780642802
2780349207
71094894
2779054714
102458011
2781371239
2779248352
58733880
2777262257
2779110666
139942382
2776631203
39258232
48736558
190743461
2779420016
2777717826
2779376387
118026978
2778188685
2778780679
146774560
74525527
2779572195
2779610058
2776177899
2777581572
132235601
2778262378
79148161
60225653
183281564
33425260
2776596069
2776994018
2781301199
2780973472
2775876309
2775981058
2775867742
2780120147
2779684419
2777168714
2776307169
2775947975
2780562265
2778866051
2779828556
2780237701
2779798683
2776741431
179319051
2778252770
2777051278
200657195
77993745
2777168092
2779784134
2781174606
2779026289
2780054715
58943365
2780357685
2777484682
2777398712
2777494519
2777087702
152006893
102217409
2779198362
2780643589
2777297173
2778004506
2776517170
37054046
2777555715
2777891954
77851909
2780641196
64379892
2779603172
2776702403
2779987982
2776873390
2779203663
2775856200
2776799484
2778171257
2775844064
2779555944
2780122328
2779206526
2780173937
79103008
101156304
2780407535
95659333
2780574033
46820840
82114994
2780178451
123932496
2778923211
2777507878
202954235
78434282
43678285
62232509
2779010658
2776066698
2778145997
2776812495
2777029855
172091270
178977402
140807948
108406538
2781340546
2776696244
2780104751
2779211220
165846633
167254587
2779206161
2777701225
170028559
162813971
2777999917
172658604
69953382
2776791112
153033020
2781104208
2776298621
2779530201
2780816298
159008231
2776722273
2778054104
2776782418
180541679
2779473921
2778464607
2780125874
2780424359
2781422308
2776409123
2779105228
751236
204799077
2780461450
2775891822
8489304
2779330965
135581772
2779870107
2778061989
155629002
2779833192
202970483
2777074724
22279266
2779438341
2778397773
74516598
2778155995
2778485085
2777392283
49304495
2776715399
2780989975
2778552925
2778483153
2777636508
2777955024
2776582434
2781333582
132509135
2777557940
2781217719
2781460167
25435620
2775941092
102232406
2778536302
176711861
2778572594
123213592
19752513
506198293
2777082418
2780337549
2780309318
2778412217
83858699
2776012656
2779265081
2777493527
2780338611
203311528
2778933680
2778618990
2779229922
2778713851
2780736895
92354476
2777390954
2776657173
46344189
2778758263
2777666793
30399818
53256841
2779616306
2781248345
2781026844
2781419268
2778558985
2781418735
2780435114
2780761190
62711739
2777253660
2780151546
5482869
98212276
2780842876
2781129354
2777348171
129145922
169515395
78533743
2778160531
2776544537
2781300940
2778939116
2780500176
2778718857
2776951411
2779965027
2776008099
2781263970
2776743539
115206981
163257088
2779092773
58115284
2780266537
2781078820
2778462057
113740112
2776179925
2776560697
128396106
2776135264
2778031728
47019982
2779539549
135693964
2775868795
2777070729
2778487134
2776252283
12820456
94126134
75302062
53414766
38473631
5408304
99148416
2777362526
2780100126
3182756
15777418
2780597675
43732023
2776164736
2777423641
2777148619
102701049
153609361
2778994018
2778168318
2780837998
2779832793
2781057562
2778145279
2780699147
119751540
178423520
2777448162
63733324
34381374
2780481536
2779781515
2776126330
2776952378
2781365268
113412085
2778285128
2776542697
2779394727
2778372069
2779367334
2779243372
2778699227
22140971
2779488908
2777757049
146441035
79477243
2780224188
2777646106
2779132455
2779502060
2779987757
45780264
2776347682
2776466648
2779584405
2779760920
2780513224
178405089
2780565262
2777999586
2778185027
2779951336
130961138
73125742
2780532009
2781067814
2778018862
2776750412
2779759332
2778704284
2780221408
11508846
16108499
138891687
59876492
38347018
137785655
2777108469
2780042925
2781425228
2776354018
2778376762
2777759229
2777842450
66344492
170053440
2777601342
118039452
106476929
2777162111
2779283303
2781097860
33652038
2777634390
4538516
2779945449
2776264970
2777509600
2777826014
44125496
19229882
2780659211
2779236243
145695476
2779578285
162184086
2776687304
60051492
2778208960
2776512755
2779341491
196827605
2776099939
2780115890
2776659363
194745084
2779715308
13530604
121524040
2779559744
2778478447
46776978
2777382002
148515719
2777845342
2777934748
2779201687
2777467174
2780723455
2778674009
2776337997
2781305114
70388272
33626725
152812720
2778485526
184102282
2777808485
2780459238
134514944
86072612
2778581257
2776643017
191061551
2776264082
2780366372
181279987
2779508657
2777754620
142122218
105698618
2778393934
2779444345
2777967664
134646822
2780868290
2779602228
2780290348
107235891
2781306821
2778687753
2776736150
57747581
2776058597
2776560790
2776705854
49932977
2778264142
44357349
2780834546
2780204815
2779847788
2780920938
2780301033
2780158840
2778093536
2776688448
2777078497
57864310
2781458991
53551116
86171150
57577195
128262354
2778111889
168630323
92809138
2777774202
2778922904
2777789594
175944049
2777496075
2779399933
2779782611
2776169855
2780834038
2777425764
36039786
2780844481
205318036
2778121291
147424627
194242075
2780409773
118442862
2779772335
2777352486
183866003
2777943752
2776773019
2777902008
2777071705
2778225233
152365676
2781114372
2775936867
2778194440
2777698385
2779301692
186698978
37977207
2779224556
54977803
2780581274
2776225369
140052944
148373340
2779995407
2777288060
78577261
2776527046
2776698168
205507967
2780786144
75669611
2781457838
2776339877
2781008963
2777464673
2781335544
2780522631
2776709349
29216876
57641907
156905965
116141437
193297759
2779471018
51999183
2777862942
2777682490
2776977220
43411465
2778312655
150199151
2776713282
21259091
46225477
107187091
2781148566
45632049
180705244
102599761
113688066
35535464
81420956
2777191746
131649739
2781358463
2777181606
2779969246
57087262
2779734286
77555107
2778827988
73412179
2779679906
2780232929
2779857867
54732535
2780985181
2778213206
141603559
2780874159
2777618503
2776974734
2780562010
2781229029
2778402190
85362591
2777443750
2777986479
78094638
132050475
2781419340
26304751
2778167656
2775894386
2776745500
2781005124
2779584173
189360488
2778145928
2777631912
2777516583
70734417
2779388741
99548652
2777059445
97346530
2778300050
2777288991
185191675
2778699023
2776469905
2776966321
2780196357
2776496271
182849566
157381318
2778478046
172816927
2779865747
2776186722
190399342
88893950
138224501
2778837011
31445381
92174037
186187911
171250308
2777755161
197417287
534791751
21800796
126182222
73605697
89802349
2776882920
144876296
30207505
23542758
2776386368
2779469143
2776305312
2777932109
48632124
2778249042
63401691
65083552
100843635
2778271112
2777026253
2777984106
2779386905
51665439
116705413
2779889937
2780916826
2779447343
510606860
2781260835
2780769866
2780942455
2776833575
2776698315
2780171611
2777954200
2777256985
61002172
2781138810
2779128731
2776569586
2780514876
2777013440
2781300407
55766333
2781113917
2777176033
136649699
2777941604
167635338
61097968
165682214
22372946
2779494916
163713842
2777557983
101990841
2778022881
2781391007
2781145502
2776320317
2777292513
2778095982
2779295841
2781012154
2775831784
2779474851
2779552059
76196390
2780709067
19067145
2778256532
2781441795
2776222295
85982484
149850967
87090992
2780494494
2777840564
2777493932
63034144
79186407
2778770807
2779410321
2780702141
150539798
2778242365
2781143009
2775860229
2776195189
2779502456
2776481364
2776802312
2779982333
2778796070
34807220
116067010
2780813330
56550808
2780581511
72918618
115974795
2776931302
2779324066
2778751226
2778823786
2780953396
33373654
202227348
144783951
192562407
15956567
2778194941
2776570565
43088074
2776249440
2780543792
2779493916
2777967292
2778894822
2777299487
2778914333
2780026712
156572847
2780803757
2780127768
2778596054
2776230335
2779749707
2780008023
2776831622
2777643663
2778207180
2780299837
2778555335
33574316
2779135161
2778197998
2780672802
175371373
2778451651
2781322932
2776033501
2778783732
2777582531
206767735
2780863525
2777127476
20965850
2777159690
2776278261
2777636475
2778382725
181361869
2778991865
2780780730
2779773823
134545062
120272013
108023678
121646663
2777000304
2777052712
39336286
2778089247
50314400
47519245
2778348969
2781154459
110132085
2777580120
2777181739
2781155523
2777855416
2778946378
2779353626
2777450185
2781110867
2781423844
2779850335
2777355164
2777104691
63655563
2780330708
2778326990
2778566657
2779159707
127445965
2778515548
2780212531
2780322344
2780343464
2781436864
181204875
2779280889
2776578615
2776344982
2779517043
2780526335
2776518276
2780431313
169820759
2776967294
525849907
2776979194
2778389360
192406513
2776227844
2777297109
2778071112
2780271887
2777261031
2780696196
524400119
4436150
2777148325
2781116941
2776431099
2779337792
2777210860
2777132198
2778910263
2778907694
2781305647
2778823112
2775942734
2779912968
2777986440
138942068
177755854
2777242013
200070095
2779079629
2780444390
2779510092
2776813687
523993062
2778931785
2779388046
162269090
2779989610
30407753
2776500110
125287762
19022509
2781243280
2780879891
192394166
2776056205
2778294166
2779278059
2776161997
2780952931
2777947244
2779821118
200274948
2780345374
2776005759
2780025763
2779529582
2780837839
2776419196
2776647411
2781201070
207521374
2778561566
2778156955
109542843
106925770
2780364300
2780133359
2781469034
2779524889
117880173
2778654171
2778662015
2777191299
44792698
2777606099
76022803
2776897204
2780416470
2780374918
2778828225
157992878
2780058168
2777811718
2777854025
2775858248
2778231333
2778992444
2780909291
2780488498
2776259411
114585288
2779828337
2777215787
2780143790
2778375109
205757953
2776912443
2776928027
2776961743
2778578935
2779564682
2780120461
2776443378
2778915168
94624221
2776031534
2776646685
2780012831
2777577357
2779286314
2775963197
2778030283
137905882
2776669466
80585372
2780821003
178650521
2779092725
5195052
129877065
203935347
2780647180
2780864669
102267420
192525933
2778083150
140013486
504595227
2777655175
2776682103
124665079
175299879
2776878354
24878016
2781013939
2776095524
2780969978
2781142714
2780791560
7204534
51646222
64208038
2777820655
2780106508
38169959
2775886361
2778518120
75528118
174920882
2780434155
130227185
2781093479
2780840896
2777729820
2780985458
2778473115
2777905996
2778267960
207647181
2780077769
2781004401
2778028969
18378139
108185170
2776023367
2777174110
2776929833
2778419755
72795940
2776629630
2776245368
173215773
104404889
2775996672
147191286
2779974686
2777539889
2779846593
2779252453
2778117448
2779688405
15792166
88731125
2779342359
69544855
2780356749
178669061
2778837070
2776336145
2778921432
2780360778
80592619
78956199
2777773037
2776218089
2777678870
32200034
2778156003
138260484
2779048899
51936796
87321777
2778893116
114874019
2779322729
2779245141
2777807490
2777527079
53361980
2777870708
2780968451
25197100
99595764
2775852690
2781119992
2781144760
2781145059
130948911
74775082
2776717213
47908070
2777700800
2779929519
2778939294
2780668125
91941580
2776896174
24463637
2779751980
2779340760
2776000514
66413320
2778990926
2776206260
2777197087
2781352390
32596075
2775994118
2779212583
2777195371
2780395612
2781204225
2779229104
2779513452
90621381
2780481140
2778852186
2777947051
2780634896
2780604668
2780773647
112987892
182606246
2779532274
2778824439
2781442341
2776024538
205474432
2777570183
177165082
2780568861
2779249216
2780530342
90523207
2777231999
154226666
2778493354
116017498
190771501
2777519835
2780789714
187911381
150593541
171543561
2775892915
2777593630
2779698126
2265751
165748777
2780415924
2776310844
62594274
2780100444
16470348
2779251873
51336717
2778803912
2780904741
2780378798
2777958113
2776850836
72939318
2781014668
118198166
28539199
2778843982
2778545225
152815550
2779225208
2779751237
44552347
2777925586
2779263046
2778345038
2776354307
2779960825
193258505
112633954
2779873734
32834411
2776710071
78371743
146617872
175665537
139166363
2776689096
2780514572
177611337
2776335941
169349017
191172559
2777959845
2776076461
2780287920
193274303
2780017307
2777190053
2778414469
2776621366
90610171
2778266051
128355301
2777965667
2776289411
46275449
24722842
2780594875
27267504
2775962983
2777694563
200852123
63000887
543292547
2778583532
199002037
166524527
2780766160
2776043527
2778952367
2779977313
2776803441
2781422231
2779154869
86194701
2778776584
2781144162
195799267
2780914109
2776828083
2779300250
2780302063
42217366
17049732
2779800410
2777890062
2781128956
2776129285
2776636156
148237231
2775926657
88463166
2779042414
2776137443
2777798139
2777735259
2775860924
2779797317
2778790146
65532661
2781143826
2778387590
2779695726
95031505
2780769633
2776724535
2777316251
2778046766
127416549
2780452852
2778985688
2777907698
44273521
2777264356
2776800160
110339231
169496751
184547230
2776315268
2779335244
199726164
130448587
2778131635
5903713
84838300
109679912
2780740971
2779294996
2780757361
178570572
2778248492
2779702950
2777699231
2780802716
2779388798
163938882
149764526
205167488
2779956072
130510225
152521382
2776241086
2779866714
2781393444
2776203237
185154738
20744434
144469835
2777264679
2777653664
2776656632
65646983
123302490
2778477291
82844589
2776901715
2780541193
2776508417
2780656212
2780121088
203220038
122558506
165150422
147401138
156904669
136206756
175097422
97956518
2776625048
2776398607
2776843555
2776584963
41753357
2779974221
2776626365
2779323417
2780126515
2780385392
154399059
148204187
69103154
2777591910
2777665048
2781429970
2780121589
161690185
134783832
79384920
87716614
68930688
2781018268
11839303
2776792881
32167293
2779477270
52104641
2776954299
149505630
2779826656
2776566198
2776248324
167678690
2776874604
2779351963
202132683
40042423
2778079475
73099012
2778770061
127205250
41794268
61427134
185885794
45889518
2780146601
2780043992
2775872866
2777342130
174211113
2780562418
2779832213
2781306241
166769369
166940927
16688734
2779952096
2776821282
2781333031
14737013
2776738034
44301573
2780113879
2775919492
162681261
8403980
203757434
2776243157
2776105273
72782756
161516986
2777604323
2777679929
2780994440
144028864
22406775
2775905830
2780356379
133282002
205294394
2779538594
2781273836
2780415532
2779084656
18085215
2781472400
115827552
2780989783
87946410
151286553
2781018886
2776368270
2780156452
2777279352
2778670816
2777837913
2780544493
2776965002
2779092679
150395946
170322944
2780665710
2779018052
2781297133
2779383928
2779771641
2781122014
2779729251
2780972385
193341735
544657597
2777006533
2777084958
199730722
2776061098
2777334950
2779684534
2781458444
2778883693
2780273362
149832277
2776100455
2777194660
2780390823
2778675770
2777387946
2776084082
2779412852
2777152129
178924924
2778321852
2780561719
2778889443
2781303961
92691475
2779424842
2778134865
2780373499
40948782
83496548
2778466691
38068354
2779379226
2779213740
2780392137
2776473871
2779039804
2777673350
119924469
2776227026
2777611049
2778166601
119394753
107975343
85128625
185653798
2777527944
96494537
2777874364
2780416589
2777482155
2777391622
104392178
163953579
2780918787
2780125811
2776507864
203897987
156893995
2780148512
41234517
2778607071
89742000
165435473
2777586705
2778284051
2776712485
2779722506
2779781744
2780929168
104308156
2778596626
2777059425
2778705119
2781082259
2780038442
2777235859
2780025414
178290832
2776850278
2781141306
2779023244
145804949
2778658851
129035937
2779794448
2777343023
2781274018
2781112085
2779858795
2777130033
62129180
114470037
2777542766
2781462773
2779802832
93356670
105782903
201385577
2779667129
2778980630
138865341
2778472851
2780132979
99752389
2778290864
2781036783
115081987
8072696
2776823093
2775993816
2775997066
66736438
2777940374
2777227563
2780146402
2775866351
2779089622
131814509
2780338983
2777670116
2779248251
2780713004
115534355
2776744436
2776025537
64469212
2779947613
2781455452
2778647292
46305533
2779171868
187535147
2777574428
2776633147
2776822038
2778538948
2777083131
50712719
2776044457
103219427
2780996376
72472464
204399865
45211672
2778205288
2778452117
131366148
2777006239
2776328935
2780579277
112124176
2779477216
162096220
2777532032
2778918809
2776395891
2777320644
51179264
126002925
2779087231
2776885980
2780953622
2781418162
2776642743
2777301536
2778597325
2776330431
1440607
109825930
136995159
2778134712
101360934
56657205
2776268638
2780994307
2776336996
29862799
106597312
4679612
2778261378
2777804694
2777310020
2776192864
2777835026
5166401
2778904306
2778187052
2777778916
90417339
163936134
32375409
2777902578
135125338
2779771780
2779192298
2776097996
2777210722
2778686191
2779530732
131396349
121285527
2779123245
2780126059
159927051
43700005
2781031896
125243883
110884469
2776944092
2776106130
2779534744
173118649
195762702
106033793
23895516
52359486
2778475573
154255144
2778037387
2778260187
2778591116
135451112
184384238
87275536
2776648687
2776706131
2779208749
172644405
47752232
2781203036
2777424093
2777882295
198340109
2777835823
2779667780
2779715471
2780358861
109647046
2778784695
2777215592
2776577893
2781105116
2776381887
79381805
2777026514
2777743099
2777145204
88378750
2776000872
551831248
2779562776
2776009460
2777466099
84199377
2781289256
2775979504
2775984895
2778994682
2779467005
2777695885
2778044973
2776214959
54539864
70520399
188109995
2778703219
192015692
2776342309
2780796051
2779073274
109217959
2775969133
61249042
2780720954
104493866
166996190
2776709905
2776502355
2776934380
2781019258
2777295773
2778112282
65371982
2778268879
2778247303
66128674
2776783118
2779849058
2781111393
200958910
2780028369
2780594301
2777583764
193361668
2778238020
2781415944
2781132323
2778169696
2776771149
2778248756
161916082
201414436
2776148414
134406635
2780284529
2780999251
2780379349
2776337203
20005978
135760203
2778406159
2778998614
79072407
2775887928
2775852181
32418499
2781344391
28961703
2777885612
2777571299
36490490
2776190172
2778028546
2778697530
2780893859
2779214348
544153396
2780242121
25249390
40814838
2781194171
2780107882
2780553288
2779687753
2779402677
145541858
2781454903
2779334558
83608634
46031947
2780511621
8673954
45083100
2780154838
2778433555
95333671
2780774944
2778155020
2778761393
24300590
18990747
2777781587
202947372
2777121347
37585053
2780831607
115635565
2779036171
174888497
2780960012
2780545010
2781087836
88484716
2780801859
2776592660
2778524098
65527045
2779000391
2779307293
2775858262
22922584
2778456106
2780761867
2777120387
2778398154
55143465
2777198474
2779902902
162743726
2780995725
2778175130
2778245759
2779207283
2778667928
2776190025
2778499088
2781259881
2777149187
2780452618
256373
2780672242
186966370
541310201
2776437261
2777620450
2777544482
2779971624
168896984
84111939
160756335
203519082
2775842438
2779632786
111404276
2777331346
87161607
2780769610
2776796996
85463006
2780902562
2779997910
2778750611
2776615558
2779077928
2779695195
44435123
2780588925
180478085
2780906424
2777301820
2781021390
2777720797
2780822103
175181221
192835768
2777102396
171736797
2778643509
2777466734
2780615817
2779943039
2780265585
5600680
2775928910
2777829037
97103648
185668508
2780253937
2780921831
2777731839
2776564940
2780192456
2778678206
2776316842
2780196472
40548847
2777728381
155761240
2779758585
2688345
2781073817
2779434601
2776528547
2777686893
186541917
2775881240
2779262620
135677250
2775940134
2778873021
2775905703
23523640
127066815
206442445
2778002562
159985019
199593288
2780673119
2776668124
2780021121
2776863243
100806243
2776865235
2779137386
2777881241
2780945121
2776908390
12624636
199559213
2777317475
2780259602
124511130
2777339728
194142204
27805521
2777596839
2779820397
102941518
81867268
186801447
680638
152977038
37167619
12321546
2776247392
152188745
6110044
77819783
2780961447
58156153
2777111015
2780911396
164767435
2779720881
41053456
2778508996
2777650036
37747153
32737372
2777821274
17127004
77624028
2779134149
90969469
2780030485
2778246756
2776198621
150486481
106774643
2780524238
2778773202
2777339502
2780734326
2778841376
2780914392
2777182582
2777217193
2777138857
22064058
160418067
2775952280
2776645986
201370411
51521564
199172669
2780434537
2776745487
175616097
2781201877
2779372316
2778245707
2776089322
2778427726
2779029100
2781211674
2775919159
2777218386
144631304
2777717174
89836073
2778262909
2777264590
2778364830
2776954854
775475
2779167346
29944414
2776462190
2776801726
71351571
2777355236
2778482940
2780077791
109037641
2781286497
2777009845
117206207
85686115
2781143241
2777405599
2778742111
2779666575
161935440
2781098347
2778496964
2779809399
2780541033
33019961
158816027
50296614
2777424967
2776778784
112950240
2775916975
28838541
2781119543
2780600023
2776288157
2780373914
2778551929
2777122791
158550234
2776192439
2780986776
123515950
63929147
2779527186
2778966165
2776196969
2780034618
2776445497
201988250
2776673497
2776271014
2779805667
57528182
177229083
2780837464
64355373
2778413121
131193917
198490522
2777996801
192757587
2779742217
5913796
2776704549
2776420906
2776951577
2776402199
189148282
2779418761
2777330829
2777165458
2779000793
2778860901
2780700187
2776305511
2779869380
2778226409
2777408758
2781274815
62352918
57420876
129212189
2777592267
197798132
2776106812
2777484837
116070441
2778958987
2776944184
2775881415
2779624211
2780753380
7897372
2781441874
2779508860
77828434
108437712
2780168253
2780139983
2776279909
88504338
2779756851
2780357957
2776137096
2776705725
2778479301
2776685532
2776884374
2776883282
185290089
2777502033
195839
2779359390
166675230
172057663
2780544068
50837382
2780190608
2777141053
2779814087
2779905650
2778353377
187059263
2778638305
2777980256
2776982767
68591047
37982897
204164866
2779992977
2776979432
2777779154
2780757262
90320867
2778070240
8567792
2778827576
2780801728
184498911
2778566039
2778028155
51488007
80086925
653597
74907780
47126899
3400440
43973154
28667232
2781045918
2776030449
2777499160
2778410265
93291783
2775978253
2776001022
2781313480
2777230088
2779666392
2779965084
205694506
175569601
2780653195
152853468
2778891482
2778082433
2779027715
126778423
81764414
2779019468
2780189389
2778120352
2781125937
129162502
2777568094
182360272
160798091
2776326885
48777230
145525745
2781024063
122865956
27289702
2776486069
2778600073
2778023688
2779813763
89344249
85761446
2776195523
75974155
2777115171
2779451429
2781398605
2777562840
2781085045
2778789668
31555180
2775870801
92869835
206100438
2778287609
2780460717
2777672576
2780910400
84889859
156413551
2312646
116372231
2780346740
2781087174
92444450
2781162124
155759531
2780444461
2780910605
2776380914
2776133764
145695310
2777979977
2777090377
2776693829
26593445
43388438
37208804
2779473651
2777355627
2779241959
49124011
2781110725
2777222904
7770020
43933239
2778805482
2779234882
135887793
2780730280
2777225065
2780783451
2776502212
28019102
2776951894
2779036840
2776987447
2781340500
68385635
93993388
2777973059
2780846697
2776827280
2777143679
170739118
809718
2778892628
99903730
2778422312
162585328
2051122
48421929
2779293928
155203727
2778207834
2779537142
2777844254
145889102
82509250
2777381272
2780443944
193987312
2778345807
8002213
2779901112
44692050
2777657240
2777903423
2778513945
2781449726
204335518
85172971
141361076
2777567927
2776575403
2780312600
80783014
2779686340
2778014876
2779750282
2778267616
2778414984
2778568124
182212863
2778339283
110004913
2778560533
90086362
120809312
2780049689
2776995166
2777668513
2777903624
114910700
2780644076
2780517434
91883011
2779809362
176931671
88105052
2776906145
2776210610
165181100
2779604006
37292000
5701217
170708305
2778477008
2780000962
153524861
194305327
2781069379
2777183080
2780008778
81626474
2776127238
2777325972
2780812456
58573819
2780909487
2781248078
2780231533
207027614
2781372954
140086010
111740278
2780034470
99056035
2778700688
2777207553
5869474
66264921
2776088982
2780870113
30445746
2777977549
16731899
2778987070
2781236578
2780244538
2778067163
2168841
128870014
2776994862
2777799131
2779780493
181857175
2778414691
2780585440
2778971884
2777103240
55144734
2777113771
135197289
2777823990
2779074865
75841233
150344060
197751951
2778098554
2776846933
2778894667
2780944548
2781345503
73492039
2776260797
2776230967
2779201410
57529544
2777715892
2777244243
2779715485
2775971305
2775999630
91129048
2776199061
83616695
2780917385
2778511298
2776760134
2778545085
114371198
2779863471
2778821358
2778285619
121469830
2781294072
2778703893
2780333853
73170135
184956849
2776023036
50735335
2779319988
204695899
44445679
2780864449
56948724
2779926508
2776481209
2781446746
2779229468
2779020791
2776314548
2778414698
2781147108
87525152
6775980
2776948285
2775836512
2780792754
2776232664
2778399638
2779240605
2777121994
2780280345
8340418
2780679280
2776686664
151004103
96455516
2779112055
119407590
2776912065
2776017619
56438407
2780577178
90130585
91311341
2776406526
2775960195
2775951435
2780507023
34975823
2780673698
2779952020
2779052751
2781304950
2776634624
2776755734
2779501808
2780816545
2779489910
2780165375
2779512323
2779881183
2778581689
2778991241
2776820801
2778506496
2777892344
2776400910
2777261278
2779213615
176840316
2780692025
94631461
2776678520
185324459
14039691
2777162931
2778221665
80432666
67154914
2780980577
2778886717
2780704455
2781465349
2777875550
2776139660
33036341
2780072515
195114451
2779769987
2776012143
2778979612
187404810
2775909188
2780015648
20290638
2780339098
2779560860
204622719
44229883
2778328087
198721007
2776097590
2777654461
2777109389
2779813863
2781353498
75527780
77887725
2779851234
2778803451
66573698
2777880760
2781411813
24763909
73862843
2778146478
2780451842
2778731777
2777718900
2777615668
2778011135
2777206082
2779248272
2776887466
2777310698
122251481
151857401
2779099914
42698342
2777759002
2779344007
48295401
2777707104
147380319
2780371645
2778258715
73187638
2779250976
2777267240
80640880
2778764699
128748764
2777075983
20946692
28369735
154954056
193867417
212702
2779638824
2777379044
2778859185
29587938
2780646010
2777850073
2776681686
184902954
33947775
83346483
2777167120
2776721035
2776266501
99725392
2780297344
2776515875
150533266
2781012627
118630614
179203168
7836503
2779730802
85476182
2779460016
2780904289
59203436
182664415
178017875
2779184486
2780118998
96369861
2779447642
113125285
128056066
91464221
138055206
2779292183
2776050855
2777315590
2778575667
2777815990
2780525007
2781029207
129564387
2778588537
2780558136
186490961
2780573196
80487327
2781294085
2780250386
2779770805
203539429
22799297
101650336
2776999685
26081457
2781022820
2777498554
13862629
2776536048
151895165
59891973
25479853
41004858
2776778800
2776914809
37990403
2780005510
2780721665
2778492774
2777419967
2780943443
83800877
2776579324
2780402983
2779970790
15319979
112867187
2781433566
199322603
2778717623
2779599274
2775899781
150510058
2780548022
2776040956
2777844968
2776910844
2776362741
197087271
2777590445
187324463
2776797291
2778256679
2776620851
1438631
79766335
2776265330
57373451
89298294
2779997389
2777869788
2779075844
2780330172
2780875612
2777792945
2776154142
2777154205
2780664916
2779126323
2776766527
2777236055
2775953293
38246216
152153745
150122244
2779769944
2780265304
2777665571
117075008
2775923857
2779183417
2778211989
2778718176
167773975
2780474837
63257944
2780744312
2781216501
2777081994
2778784701
8266171
163217030
2778912791
2777882603
2776758005
200026651
18293161
2780751712
62792017
2779506560
2779224084
2779906420
2780048137
2777525696
2777197210
2780008458
2779953493
2780332503
87343466
179708759
2776070761
2776222931
117954924
2780640020
2781023503
2779594309
2777544497
2777070228
2777295296
2777901862
204366326
2780226985
2776667976
65313323
2778471712
2778334255
2778776759
2779666033
135562815
2776155613
2780865642
56471417
2777440104
94709252
2777707263
174598085
2778727749
2780566776
2777919572
33406678
2776409459
2780199394
2776878729
2778894954
67862953
2778993590
2776239133
19643730
2780824416
2781407006
2776370535
2779422423
2778039392
2778102531
157247726
2775878101
204036174
2776318206
2779914886
145665481
2778211622
2777129735
2781445185
2776069129
2779198548
115770912
143904697
185698529
2776891592
2776772544
115244140
147021018
2778702582
2776522153
95277225
2778335614
2780938428
2778031743
2777169708
2778900748
2779499814
166112907
2781217156
2778325157
2780647193
87210426
2780715837
2779543008
2777426442
2781210833
194760766
2780916728
2776668440
2780378203
87602768
2779139691
2777967876
2778661956
162669086
2779625969
2777939895
2780954013
2776601736
157698070
2776002719
2777079338
2777000525
2778299934
2779417040
2780529995
2778055804
2781319752
2779736135
86060186
52236655
2778740019
111904281
2780308376
135377553
2780065568
50385759
44013972
130097428
2776301807
518881349
2777510880
2779011064
2778269684
105192709
2780746202
33704649
2775959040
27267402
2776339136
2779931592
155296804
167278422
2779960710
149610139
138782731
159727521
75937256
2777194046
2780046883
2778587910
2776154250
2780290399
2777003418
2776215421
2776755671
153005164
2780957350
2776193665
2778214238
25074200
192505815
2779164451
94293008
2777400902
2776895193
2776005048
2778205582
2779968089
2776821766
2777593239
48620588
2778869637
2778977993
155723203
2778440862
2778064566
2776137031
58289394
2780558749
2780387228
6953182
2777545050
188504312
2779182287
49996111
158716464
2778557003
67256764
2778827957
193705005
2780739054
2781384777
2776280435
2778288513
2776876965
2778815149
144444463
117268378
2780532233
114569116
2777508809
2779547129
2776775190
2778994573
2778906051
18635931
2779443701
2776236742
120001659
55148256
2778461681
2779568634
78500136
2780074272
76475535
60938931
2776673144
179185449
2781313963
2776942110
2778842338
2777571307
2779298542
2778689667
2781212230
112613896
104779481
200694646
207920362
157107126
2776503031
2778793536
2777020290
114520438
2776675470
2776042637
2778163119
2778578963
125820328
203417991
76493375
155757372
202374169
2776237227
2778675535
70136647
2779218604
33197981
107590332
90296322
2780243435
56822561
140167661
2777380809
2777111354
2780852136
51967427
45403924
2777582396
2778568670
17236751
517835270
2778157309
176423477
132941967
2781085280
2780969233
2780917743
2777881612
74130334
2777106384
202973686
2777631381
2778160795
2778220968
2777359373
2777599389
158457848
2780488742
84416704
2776389574
43664818
2778608814
131850400
2781283277
118227150
108489624
2779370188
169708809
2775999722
192560794
2776183942
2779218026
2780651059
135448224
2779219880
2779402815
17339967
2776801850
2777978628
2780466569
15921102
2781224415
38766315
2775851497
2781407631
2781150389
132374293
2778455573
2778668686
2776240734
2777632367
2776205647
135186321
2777932998
2778514358
78032018
87023908
140269135
2778685186
2777622987
156820238
91614233
47242236
2777598421
2778452215
2776870266
2777069470
2778087251
22352299
92880739
2777046567
33905818
2778676058
2779307456
2776210683
2777103064
193383173
2780411661
155025844
104635627
2777473788
2776096463
2777665221
2776597492
44038986
87443093
2776469863
2777488572
2778930494
2777451016
2780484430
2781429756
162713946
189278905
173736775
2776930187
504270822
147280077
166019022
2778432246
108729823
2776771855
2776873873
2778191085
2780198619
2777484618
32860805
139159486
2776390347
68080829
2780151556
2779025673
76461328
2776038219
2779554610
175845324
2776036976
535196362
2778208504
62467634
108458091
2777184658
2778451513
205059728
2778149895
2778529468
2778644468
2777435776
2780933169
2778522734
159096172
2777240487
2775849312
7131667
2778596968
2780774919
2781403532
121127069
138058376
27384368
2776964465
2778626634
2778133244
511782168
2777119461
51142988
198664488
2777734074
2776735967
2779322928
2778023962
2779890359
174992297
2776443575
74811661
2775924789
2778500112
2780020223
2781305699
2781147538
2778672429
2777096311
1147972
2775885271
176092969
182829757
191717309
2777352396
123671423
5684827
2778661063
2776623394
204432311
2780299038
111735763
2779602457
2780745817
2781037850
58059514
196445361
2781287369
2779224262
2780105897
2778684796
136478896
115900370
2778302498
183460092
2778647318
2779889824
130767629
2779045410
2781440739
87044793
2777350878
502230775
2776904355
95311098
2777481945
2776055945
16545007
2779549904
2780680799
194009513
2776704483
2776638734
122922312
2781148867
199146069
2777725092
2777278414
185250623
2779789132
2777299715
2779250073
2780674729
2775914722
2778502583
2779920269
2781284152
62960913
203582535
37819138
204402833
2779772702
2778174950
2780498815
2777350997
2778411109
2776735231
2779356357
2776342971
20542174
59838856
2781161111
2779255436
2780516044
53788299
2780446771
196379540
93263492
2778323603
2781355527
2778472021
2776952799
131435502
2780932148
2777709553
194258746
194163412
45708258
201865488
125025685
2778836790
82476175
2779405096
156011562
41279357
4464978
2780414217
2780151953
77959616
2778781511
2778954975
2780942932
2776256949
2777330397
39518161
2780036946
111643386
2777389744
2778516001
2778729300
2777051993
2777496076
200329591
2781183027
2778058511
2778978809
207365445
2777216192
2780145252
177418412
98664755
2779938282
183906286
187315354
92509507
2778818709
2777060788
2777742735
113816333
2776669719
2777719315
32243401
2779729902
2778246204
2778230219
2778865961
95360762
157090170
2776029434
2777880405
6202296
149071569
2780028911
2779141870
2781045606
2781147491
151340121
2778602974
2777686982
2776469178
2777425595
141795571
2779928228
2781405677
126989708
2778219899
2776447966
2776123543
95883656
2780446604
2777492770
173182743
2776778400
142236769
2776862929
189928594
2777033470
2777791291
2779664251
2778514583
81710450
2779130189
200397427
533668322
184439277
2780763056
2776497017
2779708156
2778091111
2776560362
3918897
39248633
2778328744
2778860978
2777689688
2777285977
29689760
2775943317
2776962427
157384629
2187297
2779331490
2777655119
2779155014
140277857
2859760
199406319
2778452465
59061564
161680532
2778179357
2776152557
2779874576
12157788
2777225708
2781379450
2780994223
1934278
519885992
2778132166
2781184804
2778926067
2779520095
2777160149
2777382014
2779603685
2779297704
2779945766
200769187
129958766
2776526335
2776134763
182207606
165733483
2777824530
2778864689
2778099572
2780662376
2777880356
99762115
2777732266
2776294288
2777942578
202707030
2776440693
2777511181
18041740
2777486477
2779681926
152106835
2776798993
2779159579
9761082
2778081499
2781090017
2775845044
17923525
2779556040
2776668680
94422084
2776782993
77525896
2776007700
110419238
2781288624
2780380328
2781343042
2776628375
134107529
2780952559
122999395
107766110
92966989
2776907800
2777055881
2779007315
2779902604
2778211437
118820876
2778845127
2778030502
2777843057
2780907784
2780145811
2780325491
2776422346
130085700
2775998064
178984774
2780395759
2778702135
2780901341
2776256347
2778692362
2780312654
2779903693
159951928
2776100724
2779880347
2781251486
2777170210
153015087
2778475754
2780015703
2781068077
160272327
152461351
2775942736
2777101320
2775990123
2780911319
2778397788
2778543005
2778133893
2779723377
121518397
140517558
2781206941
90104038
130670123
67443715
2777158706
2780971701
26276805
64004221
70929209
2775998389
2779133685
2776506052
201536653
150699568
2778990744
43592290
4157488
2777183298
2778611095
161064598
2778944269
2779024915
204322289
543218039
2779846685
23792430
2780993356
500666722
160368448
2779223583
2779214286
2775943645
2778916211
2778093655
58897442
197808020
2668921
2778630250
2775883587
111374284
115008941
2779833075
2777833361
520944329
2777039657
148328677
2776354700
191204318
2775985071
101722098
2779543378
125099081
2779571069
2779179798
178006949
2781213439
165330911
2781358709
2780263997
2779693715
146009133
2775978693
144796933
2776878496
2775898225
190818770
2777378291
2777432599
2779327051
2779177518
55510962
2781046538
2779339225
8020162
114932410
2776966318
117062915
2776567996
102592046
2778015987
25554088
140009343
2780739908
43089934
2780700473
2778382975
2777212416
2780810641
2776304140
2779730375
2779930716
2780639188
2778548315
2779738552
2777767772
152418109
65667505
2780387288
2781158076
2777769847
2779204621
2780092557
2780403647
2778569357
119803274
2778102792
2777127856
2776280201
61710460
2779674309
513720949
32209669
65423517
2777589630
2777977802
2781308654
139302045
99664258
2777072064
2780710336
2778811585
84396100
179133402
134104499
57032492
2780687442
2779955301
2781039668
2780334557
2779628427
2779222833
2780683474
2781457768
20788544
89702864
2777232700
181312439
2776300232
2778673457
2778859009
2776244425
2780386689
2780924660
2775888879
2778506307
2781312751
2779878667
29535455
2777878547
2779486302
3792809
2776340123
2779833257
2780088479
2781110987
2778891061
2780468667
7337653
2780820397
135876225
145319621
2777654893
2776794862
189955266
2778690484
135186712
2779264076
2777504538
2781299907
157596906
2778643248
2777720884
2776692089
2777659974
593368
153454851
110209231
102019270
2777039433
2779166854
126201875
59085676
20223655
2778461028
2777412760
24133336
66295139
2776818225
2776493898
2777753429
2775916161
2777261249
2777128398
177250429
2778358729
2778303786
2779532111
2776924177
2776242415
2779462205
85604662
153080966
30293662
2778789585
2777386959
2777460463
2776094756
75421697
106527120
2778144662
142708767
2777213344
2776846856
96606946
2778787235
2777265455
2779150030
148840360
2779513250
1291036
2776245150
2776894503
144176778
2780703525
2778792360
2780435736
2779982126
162611839
2777796414
2779438179
2779323749
2777710299
2778561511
108162862
12212862
2777220693
2780508755
13655849
2779984775
2781154054
2778489163
172271767
2776321517
2778087070
2778366757
63460653
2777922577
2780646311
2776058578
2778286648
2779860321
21538904
2780793984
2780719000
2776749022
97402662
2776501732
96009084
2780775144
2777070931
14955466
98943031
2776990094
2779418384
2776427868
2776540798
2776499711
11645699
2780572222
2778115343
2780537272
2778716493
2777936004
2776990277
2779222615
2780022566
2776408459
42057802
129446986
2779243624
106303946
11555568
2779745518
2780013681
163581340
26953177
30080830
151995515
168568712
2779217139
57410435
145761182
2777240490
2777583168
16777580
2780492805
97546620
166936260
53171030
50831002
2781013842
2778801609
2776323407
43907486
2780116919
2780244792
77001892
49040817
201999631
64368004
204933426
2775962643
2776704300
2777957142
2780192978
34594497
152938233
2780821207
127172972
101066485
2780708225
2778185544
2776251996
2781345225
2778593655
2779891621
178236886
2777897608
2776624666
2778987795
2780243010
172900135
2776832024
40208586
2778346663
2777918674
101440886
2780654602
2778378087
67443759
2779908449
2776127243
2781213431
97549433
2776167413
180651308
2776628673
2780977476
2776817302
514619126
110113834
14228908
29056588
2779416522
153865515
2778448536
2779929448
39420092
2779221955
2779267556
2779953005
2778290051
115958267
2778056023
2779515679
2780954148
2776013574
2781434444
2776194782
2777835896
57160762
148072409
175194140
166551341
2777619258
168032602
2776608006
2776158621
2777665855
2777171154
2778922668
2776263782
104818351
71245501
2777099831
2776161619
2781060686
2779476251
2776821908
2775945214
2778633583
2780097415
2779987999
101649071
2777566558
2781133310
5113473
103208741
2776462884
207948433
2780044792
144994191
2777849592
2781177031
2779362161
2775994019
103060789
2781355818
2781042210
35750839
2781104250
2780685174
2778772573
198184340
2780262163
2778262522
2780212536
2776601839
2780162792
142282041
2780350651
2776681846
23795335
2778412624
2778547858
2776268196
143087768
35391346
2776447137
185302217
2780052619
2780592244
2778286781
2780133096
2776050914
156496949
2780838151
2780169716
33374538
16635281
142983827
2780825137
2775868397
2776754475
2777630397
15962011
2776937000
159151202
104559278
2781404839
2778643788
2779837674
2778005183
2778485330
2777698675
111532827
2780780826
2780865700
2776847854
2779430886
194715058
2778055978
2779627943
184085187
74826761
2781460259
188963109
118518216
141946252
550074936
115415945
2781367917
144488692
48826512
2781033940
2781393217
68410995
101386981
2780246868
2778383842
2780346661
130230600
2780289805
2778633955
2779445123
185887113
2776609970
2778991075
2778143305
103862110
2781377813
2776414232
133392424
151662813
2779370546
47028792
174398352
2776575233
183300977
2780403493
2776582574
2778564403
2779430579
2776668771
2780260560
2781387320
6193685
2779032374
164292776
2779535045
2777709435
2780601734
2776727694
97482285
2777063198
85527476
2778705978
172507514
148402106
2780531292
2779653504
171359207
2777441664
2779570065
2775991599
203299862
2781317428
170760906
2776689366
85040856
2778464051
2777655483
2775947057
2778232637
2780532186
79858098
2776483902
2777464112
2780525919
2778817049
2779318243
2778024958
2779418218
2775863688
2779762857
120816423
190840664
2777535307
2778858786
2778298008
2777336476
96288455
113556839
162015975
2779899129
2779488458
33505924
2781354140
2780694232
198046988
2779769603
2778717003
2777494295
15466294
2777176389
120114934
2778572344
103753734
2776895337
2779614792
73859625
151459598
48937544
2778163807
174493833
2776185030
2780027663
68679149
131584629
2779282724
24478899
2779261148
2779784217
2781219709
57204622
2780124275
16865406
2777194015
2781072879
123609680
2778419454
83469408
2776018380
2780557906
535899295
2778301048
2781211247
89478067
2780374823
2775858036
12501140
55805847
2776245643
2778133012
2779651719
50901932
2780213384
946207
2775880870
2780282147
2776573745
2778911907
2776339817
544778455
2779801237
2776494691
2780372087
2776631189
167696016
2780343448
2778488525
58625266
144423054
2777216053
2781028509
2776776764
3910719
2779643248
79127381
2776893280
2780788825
2778688070
2780269377
2781181059
50859868
2777925982
2779726537
2778756042
182608380
2776998901
2779031874
2776688628
18391792
2777528738
2777346111
2779511419
159554100
120024216
2776153470
2778183610
7082614
2775879734
2781404978
2778939432
2779646695
2777308949
42016506
56677355
56800676
2777409741
69978110
2779747408
199106506
2777459713
2777683982
2778201294
166841482
146812750
146904657
75512024
2778815925
159393523
2780857574
2776046340
3866505
2780416900
158248908
2780943824
198865614
2776534516
175783084
2777006094
7794659
188752437
172208191
2777590866
2781292038
2777709985
2779855979
2777899904
2776062316
2778372188
77133410
2779829710
2780533033
2778682534
5214515
2779079363
177367955
84467127
2777781039
54517805
517785266
2781255744
111963520
2777297648
2776892847
2778276378
2776192455
91721477
132186339
113203233
165394855
4942663
2779590256
91689777
2780284856
28845197
2777452695
2777776055
2779784324
123537908
2778723958
2776922620
2779786595
2776034557
29536763
2780528706
51830879
162117346
2777530735
104663316
527038400
2780101641
2776535559
142757542
2780185105
2781339703
176637632
2776949262
2778456161
2776583247
15340255
2780221547
2779390414
2781218748
2781420519
199026850
113078167
2776287279
2777161027
2779875456
2778525775
182873914
2779224258
2778624257
147980115
2781225467
2777773367
2777591104
2778254914
2780355934
66825105
2777943741
2779260511
54303661
2777183381
70619704
188855776
2776459954
2779710469
2776127752
2778192153
2781376145
152279782
69173865
2777549781
2781204484
140604960
2781260433
2777269415
2779570869
125189844
87976508
2779594980
2776265881
150657023
2780273575
2777284820
14380042
26888787
2778862267
2779773115
39588626
2776641543
26716395
2779088225
2779416747
2780712683
2779845682
2777383481
2778260969
123135521
2778890703
42492530
19474535
2777942558
2776784628
2779762840
55342973
18109118
2778771800
2778090791
2779849746
2780417977
104819515
2776377731
146880297
2778241072
203419942
2780955776
69232855
7070889
2779523552
2777234119
2775926494
2779823673
134449239
162602672
2779969980
188930364
2780524819
2779259705
2776593100
2776962885
2779540738
2777563384
76110504
42951209
159423730
134492146
2778649594
2779143500
2778159270
185051836
136021498
2777686656
113058184
2777091106
98009336
99895341
2778289140
2779720300
2779236522
27501479
2778801929
2776074780
2778589270
205688572
53105671
176563613
2776921476
2779899235
2777050911
2776330762
2777581544
2781337862
134554998
2779086802
2777419168
2780244461
2776651908
118621715
86666499
2777716144
131847037
62773188
165841219
183504628
27703432
2780503832
2776853575
176136854
2778597625
151208924
85111493
2779745869
190719290
2779732178
2781118231
2777803738
85255121
18172820
52713845
2775903819
16313285
2780525851
2777061824
2778409146
100155856
2779978038
2778658185
3450827
2776474159
2779245414
111548154
2777704403
2777711580
24342353
2780289051
2781063764
58137535
144447476
100944820
172688022
2777057815
2780796466
71952513
2779833865
2780252472
2777705964
2776489772
170418008
2777828204
2777479337
112607629
125298279
2780153259
2780874131
2776361488
2777360315
76804077
2779831428
526406351
184977646
205231534
75497556
22144681
2775972973
2778460333
2778245067
2779451698
130929614
156778055
94296324
2775841517
2778984895
118524077
2776256236
2779041537
160408235
96170274
2780412358
2780383046
2776714626
2779901424
2778608962
2778225262
2778302343
2777019922
2778121141
2777441301
2780997931
2780334934
2778372710
2776045893
2780853383
2779465847
2780367339
2776360541
206175624
2780553432
2778291118
2776937619
53689896
2776374941
2781390248
169924432
77301326
2776165127
147990551
51795115
2781222194
2778226065
168307741
185004128
32236832
2778140322
2779661778
2776392364
2781269765
2778996794
24037580
36456112
2779860228
2780027375
53033327
179498184
2776495512
2780525829
71053439
2778365788
58041110
2777107361
2777828254
2775951321
2778280706
2779716027
2777346684
158890734
2777777420
116134602
508816927
2776581189
82852577
2779978432
2775950637
2780514543
16540199
2777563242
2778354101
2777270379
2779972038
2781249499
183418187
2780556683
2776762749
2780137704
176666156
125387068
2777264276
2780433579
2779554542
2781083372
170371478
2777495188
52793086
8724959
2779643427
2779402903
114850418
162387780
2777380481
2779380293
60110979
2779703160
2780178376
71246147
200863790
83822299
2776952290
2781309428
37423430
2780618172
2779856503
2776878849
2780120335
63441156
521977710
2780700022
197424675
2779771547
69482862
2776898485
2781287153
52373747
2778613875
2780423182
2781165777
160671074
2778612336
2776402856
74835685
2780690803
2779055265
542576722
2777703923
2778026218
2781053045
2776419971
166816511
21973733
2778346535
2779227969
137681847
2776821209
117911374
2780973767
2781227248
193227599
2780477611
2778259102
56202766
2781013024
121598971
2780686197
2776562418
207055975
74793105
2781441816
2778156880
135959358
2776153231
77590175
2777682263
70816921
165983687
2779990138
2778818755
2776202446
2776006139
77066764
127298686
83604417
2778420536
2778006210
188658663
2778292313
27618995
2778758504
2776521311
2778956892
2781440565
2780449398
162068509
2776245594
2776688182
515177012
2777771907
2778973965
2777989653
2777316601
2780102324
2778082244
2780024068
36003996
180971627
191463272
2780526360
2778258023
2779598460
2777131250
2776568225
2776024560
2776826892
15046436
134728086
2777441419
150603412
181549934
2777244176
88027402
67656411
2779559663
2778952012
2778579903
2775837239
2775884134
2780413796
97947650
2779978421
10248492
2779325702
7660682
2781065226
549387045
2777315644
2779150534
75268469
2779440640
72045907
56918372
111737628
2781462351
2776103279
2778885320
28719098
2779820283
2779715934
2780496650
2780499573
194844320
125575482
2780445987
191322670
2777945817
2780343009
2776384107
2780568864
2777956651
2776131062
2781312896
166194698
109560049
184510560
2775909774
2776797782
2780750399
74884574
49376097
161523335
202097299
145405568
35288751
2781267209
2779784757
2781017179
2778699569
2776472086
2776718083
48045935
169739964
148954389
2775926702
2780430920
2776411116
2778800587
187619609
17470697
2778026756
185211754
2779006324
2777129401
2778349738
8846229
2780774983
2776254723
51985424
2778709795
192191005
2780012869
2776187311
2779232337
2780061162
2777496208
2780374670
140075996
2781434637
144352136
2776777499
2778851261
2778436608
94703739
2780372140
2781187433
2778519171
2776717387
2778940472
2777953894
2780654260
2778435720
65029150
2778527123
44849182
2778258611
2779960683
2780435325
2780483431
82077477
2781079776
48087442
186815749
2778828970
2779952689
2777927046
2776601208
72746482
2777581374
2780398199
2780597617
2777177559
2776820632
2777767291
2778811450
2780576639
2775875387
54965259
72404758
2779184570
2781461476
2776812455
550372918
70324355
154815118
2778477904
2779406126
2781113870
2780173676
93389723
531263036
53175947
2777966427
2779117831
2779041018
2779660642
2781061872
163210376
2780757526
14623404
2781431810
2776431788
101021046
2776403694
2777818404
2777366718
2776379997
1715860
2777161297
2781171952
2779226724
107706546
97699211
20615193
2778461905
2779156942
60584519
2776286668
2780928391
184788189
2777803857
2780097046
166757326
2780946553
2780661145
2780649403
2778374714
133116355
46516522
2777937549
202873439
2778026306
2777558913
2781379448
2777814597
542268612
2779729494
2780708161
43425539
39448570
2779188514
2777312818
2777002593
2781176837
2777279961
2780922426
2778355883
2777046484
2778122077
9624258
2776492347
2780880136
2777053607
2777019924
146429850
2778334807
26940781
2778977255
2780605227
197434694
2778936924
2780158643
2780878432
61948691
2780533970
70472052
2776906716
2776156886
13145725
2779685798
2778079734
75124607
97619854
2780047760
2780728851
2776653761
2778644228
2778660577
2777896384
559099789
2778705885
2776867085
2780320816
134721988
191621567
2780764681
2780988156
2780327700
54016721
2776565880
2777658060
2780997237
143895478
158351645
2779716520
110367647
2781448156
175918764
205318045
30467622
2780576843
2779294184
2777682213
2778163579
2776085739
42003148
165076064
151662897
13544384
49270330
2779192215
2778405505
164443322
89448479
2777520000
2779193552
2776685776
2777862630
2780408328
2777095908
2780105360
177964011
2779502138
2779838810
2779960274
2776959353
2778982299
2776096353
179975769
2779797321
2778373661
7055690
2779130971
184706178
48940184
2781462099
2777170363
2780751087
2781156216
2780260773
38431148
2777170801
2777510241
20192703
2776478683
2778434098
190894226
2776161269
2776700394
2777801330
11432220
75632239
2776974604
2778711780
2776693117
58018886
2779341883
2778833434
2775901611
2780186992
34349720
165823086
2779773664
2780941038
2780687485
2779942774
2776363543
2778281048
199772157
2779933021
135405054
2778585578
2778894557
2779627239
2775916571
2778855922
56919463
2778993215
191281628
2777617207
2778475448
19128256
2778201100
2777232898
3380946
2780571448
79794019
2779738209
94406020
2780064767
2779638820
2779822130
88743660
2780571843
2778606738
199164860
2779709463
53836784
2780633264
2778014379
2780993342
84185955
2776980752
166239940
2776201797
2777687098
2780346059
74691360
45218561
127094628
2779479751
2777541497
2781321696
2776853894
191940595
148609254
2781224000
188079319
28413391
2776335861
2779940164
148324677
196757783
2778317432
147230242
183442339
143401881
2777414220
2781357665
2781174450
2780175459
2776878711
2779664454
43096290
18787249
2780583298
2779436495
2776636772
79268525
2780343222
2777771575
2779628546
2781336174
2776017014
2776457440
2777158159
2778522843
158984594
76038727
2779964741
2777935641
2777658436
85166962
2777013779
2781089209
2780490779
2781370395
2776477544
2779936157
2778024649
2778736785
2778169132
2776122628
2780447682
203215006
2781054216
2777864475
152253639
83730648
2779272887
2778164292
129955480
2781058295
2781201857
2780643059
2779316991
2778522400
39173455
55288847
2776814326
43826995
79970914
26856880
61686872
2779685397
192194790
2781272187
90721138
2777661988
162802515
2780321768
2780376378
2780039118
2778137661
2778015847
2777499298
2779408585
2777810173
2777215697
2778237561
2779921683
2780391921
2780492920
2776776789
2775882194
180088628
2776842196
2777958824
2780634030
2777385008
2780886957
2779529265
2777252963
2779121625
2778450782
2777282215
95341827
2779650698
123504826
2779194328
2779617294
26079021
2778639612
2781189404
2776099620
180235531
2777742228
2777508355
2778541283
2780927105
131458283
46258781
2778984792
2779386990
176177977
76960860
2778172261
2778889047
2781386778
2776749543
2777271545
73965672
2780198632
63268274
2781114777
2778965693
2777223142
151660556
2776090368
207048217
138113353
2780006188
102640327
2777542675
2779749242
154366045
2780534861
2776942435
2778505808
2776111599
2779846332
2776444459
18337273
168068576
2776391541
94236395
161043075
65473313
2776146637
2777944981
2776226143
2780932666
2779904504
2775873096
2780101302
165062768
2778010039
2779947509
114138010
2775983767
2778571141
2779766694
51413319
2778712220
2777136402
3231350
47332860
2778373014
2779794384
2777664457
2778918656
2777905682
81513962
2781426162
2777322498
2780413705
43049491
2780178555
207921521
2778856520
2777134816
2780768045
2776962410
2779241145
155847435
2778882857
206615322
203111315
92458943
31671831
11407166
2779707106
2777049959
2779670919
10134942
171675602
2781173356
2780372701
2780485245
146868986
2779951649
134424308
42338107
2776986499
148556722
2779285046
2778374746
2779511931
2781246833
66098623
2781320432
2781185984
8708552
193733630
42568472
2778626679
889416
2779162005
2778209479
2780768318
2776924797
2777233683
2779670605
187956444
2777952753
2777764067
92856932
2776290372
2777072910
2781162966
2777567797
2780017171
2780752539
2777198848
2781325802
2779107608
2779005526
126457475
9271920
2776398393
2781099003
85582831
2779437378
2780463424
2781287312
2778218555
200921483
2777820910
2776347887
2777487068
46750920
2779603747
105236789
39519442
2777883228
2777288305
134066672
2781279000
2776301907
176097265
523214423
2777423668
2777482401
26083155
2778205819
2775926321
2779876808
151054161
2781229730
154581048
2778417280
181139813
2778160256
2777294202
2780399034
2781184570
176864760
2778231169
2778240362
2778685439
2778208022
166379557
2779868314
2778635520
2777700205
2775914634
2779703644
140676511
2776874528
2777773378
2777663435
2780062045
2776752363
2775935553
61082081
2778180954
44142451
2778544182
2781112072
39271989
2778285946
2778407474
2777887233
125904026
2778781264
2780942344
2779162500
2778017088
2778816382
2777941838
2779161643
85597727
2776090372
205200001
2777342388
72869437
104839240
65381582
2776808846
97920829
2778136102
2780517051
34564958
2779594418
2775839163
2777006500
2776258540
2776671061
126348684
2776699167
161126747
93655579
2778598369
9715291
122302759
3705319
119767615
2779998203
2778453277
43766710
180016635
2778496027
2775936455
2777503765
2776050534
184608416
2776201760
2777584022
157332803
2777297030
10777958
120920059
2778208485
2777128403
2778459211
160220925
37282123
16644385
443022
2778042692
2778074453
539932907
180145272
2780046386
2776187617
2775962994
2780239520
199948506
103742611
59616599
2776568710
2777429527
166595027
59288772
2780267516
2780857162
190561783
2780055456
2780300285
2778435127
2779405210
2780617287
2776935635
2777733785
59361812
2776599979
2779172934
2778853614
72104268
102336505
2776944775
2775838644
2776489436
72935655
60515610
171792154
50587689
154634170
2778885645
176933379
2516683
2776828714
2779016933
2781218482
63123586
2780584775
162169563
2776955867
2780657402
2776112454
555048382
2777843002
2781033174
168260895
2781253804
63662990
2777421745
2776817968
2777203442
2779552401
81763847
14600163
2778182573
2777919135
2776685891
2775864707
2775920383
2777126586
2777395515
134829625
2778844388
44255700
2776213133
2781458201
2778779052
2778485729
7943809
40367268
2780471824
2781006497
2779405206
2776543665
160128029
2778516210
2781196123
2778501838
26917659
2776392700
2777433738
2778312416
2777019720
2777552503
139629719
2778399494
121020257
183287310
186937647
2780775225
2779193456
201289731
2779685838
172905872
187937830
135372503
22423302
2779171517
2777031059
2780569895
29152607
2780301883
2776331258
2777587929
2776368741
2777818393
2777097761
2778022349
2777264210
2777586470
127748767
37054187
2780058565
17104167
2781140900
2777465997
87396502
110530677
2777787535
31511573
6834376
66606449
2776176906
47681835
2777874648
2776272080
122612314
2780096503
2776435704
161899059
2776644728
2780563564
2776584680
125025251
2778197717
2776071651
2776507858
108684189
23125352
9268382
2778969670
94870803
2778493415
2779054797
7363328
2780695946
89549042
86759815
13430689
189956118
2776523803
2777521567
72331950
159048435
154238967
2779314564
2777014561
2780665800
51762684
151957376
2776586616
2778509087
80031482
2779171751
2781294515
2777930285
2778462525
2778120042
9424324
2776436638
195058189
2776875465
2778842615
114873805
152236973
2775942912
2779986797
2780236557
201968930
2778671415
2777998589
2776779769
2776426909
90596186
132976073
2781065072
68256804
2777752589
2776224884
2780067846
2781430800
38349280
2777427991
2779476209
2777635239
2779938274
2779586609
112040339
2781338159
22016385
2780428143
156150401
2777726884
2779045732
2777245477
2777300386
2780438806
2776377214
117283582
2778305745
2776568364
85187216
2780500442
2779845233
2777138333
2779284282
20257897
2776711584
74389443
2779582854
207145673
175997439
57343191
2779562077
2775898421
2778111491
54663543
2776123539
79956572
2777595770
2781139676
2780135135
2778644350
105487726
2779848963
74214498
2779994618
2779477466
2779194537
191661376
2780634384
2779099287
2776697972
15796042
2780380148
2777102136
77835500
2778344485
2777859621
88611116
2776221354
180936280
125574357
67558686
2778235169
124194741
126859111
2776130715
83281155
2778737968
2779114547
2778695967
2780302036
18140158
29169072
2777276840
2777336604
2781188489
173886181
2779735823
2777919170
2778567600
2778048437
2778798582
2779593279
128226362
149342994
66733458
48941259
16826683
141813653
2778580451
2780821528
2780105594
2779887276
133074676
2776875871
179909247
138758517
2779698641
2776847092
2776858909
201267125
2777774243
2780569836
2778596170
2778403444
167939200
2776201968
159127631
141112555
2776866176
2781444154
2779178026
6054058
2777788927
2776146319
64904818
32243926
138631740
141354745
33355508
2776455902
2779556085
160894760
126559737
181907745
128421294
36681992
44514898
2776376559
2781175153
2778255597
156127346
2778563803
2781201595
15014883
12334850
165955148
2780872007
2776549489
2780078503
2778877074
2776775114
2777730514
138973236
60162840
2778672287
2778462265
2777482282
2777457474
117198864
87494017
16387964
2778243560
57341113
2780194935
2778625445
2777089012
2779700826
2778088881
200985825
2778242978
67052621
2780633513
2776326907
131862276
2775941781
194997853
108196121
2778392234
2776725785
2776371708
2779414816
186897216
162996421
2778799466
2780959160
2780504940
2775952522
2776440700
8038842
2781194242
2780995637
147334340
51807945
2776159313
143421232
2780985135
2780592183
2779093127
146988125
2778329844
156887251
2778537444
84643079
2779282880
2776276653
2780596425
2778916869
167520053
2779415737
2779587246
2779150755
2779430256
2781192844
2777577269
2778038440
2777530833
2780431358
166440990
2777620179
2780254325
2777583979
2778816149
79584836
12534583
2776052592
2780157099
185319081
128061329
2777153885
2779304216
168314062
23400741
2779877657
2776668525
2778821660
2776904851
2779658867
204125404
2776275212
121854251
2779364643
2780883591
2777196273
2780662836
2776171505
2779271837
2776177134
79082820
192014759
2776437514
2780629955
124634506
2777293870
2776586418
2781438650
523597863
17686752
99272414
2777900704
2776853067
2776107940
58102789
2777642663
163283067
2780162846
2776723582
2778136061
2781410585
2780900119
2780170542
113824597
2777261536
143503458
2777760848
171010702
31913068
27958593
2778353533
2780052225
116642361
2781227537
144738411
2779869087
2779280270
2776804299
1745452
2775977032
84566556
2780583242
2776082056
6518042
107031643
48255552
90180122
13782962
113976765
2781190202
2780282516
2775958158
2778029744
2781184554
64295470
152068911
2779388182
143890572
2776926435
2776575801
2777882294
2776453213
167429731
2778571861
2777949781
2779358059
2778796009
2776559632
2780842007
2780550712
2780687127
2777847747
2781312005
2779379911
2777658367
2779431391
2777393391
2777889317
2778675139
102866865
2775833367
6648577
152327431
120168410
2780016429
2779361174
2776692462
2779044851
2775994776
191846251
2777853498
124961601
175854130
201784641
47570274
2777264867
2780787725
6831451
2781273878
2779817621
196119124
136520611
11447148
2778668344
2776076120
89416777
2778372958
541565711
84131730
72013791
125853085
2780793747
2781290547
169744489
116696211
2780924002
2778886308
2778265030
2777379650
151150687
2780681029
2779868906
2780339695
10165471
2776176653
28185617
2780860854
174045372
2781071224
2781236901
45519348
2778710781
2779080135
2777637522
125450124
2780602200
186867162
2776976221
2780784275
163892269
2778483752
51044723
132953024
164369957
2778832859
2090710
125718131
115196108
59819305
2781177072
2778551180
28181429
2780142705
176215080
2776134240
2777652059
2777461930
144898412
2780841468
164374781
2777063312
2780043152
64603857
69809600
2781260622
68619714
146427324
2777718760
7547333
2781378038
2778640455
2780236671
11847115
2778796765
163114375
2777541362
2780828901
72490741
117718488
2776572306
2777802413
2779684013
27647281
82930556
2780347548
2776032469
185770841
2777121468
2780355175
27684931
51836059
2776381363
160861463
2779277256
2779486868
2777764464
2778723715
2779543465
2779693399
84871922
2781129526
2779065213
2776479971
40433371
2781433569
2777625401
2779736651
2776445615
2780633047
2778613005
2776989157
2775994159
2780011033
2777386870
191897082
8953137
2776300531
2779676157
2778698705
