2776061189
2780981187
2780347797
23506324
2779302524
2778616369
2779028214
137912672
2775990263
2777248054
157399126
2777564123
114290370
2781048719
2781157681
141526699
140146324
13646594
85085810
557196412
2779335917
2777272372
52930066
199640358
2781338086
2777256812
2781334924
2780844674
103830011
2779337326
2779385240
2778432050
2777029972
2780056149
31264824
2779011319
2780834176
122196380
2777451423
2778116729
2776496881
2777062290
2777385954
2777540739
2779851983
82673840
2779588477
204331481
2779091180
2781444413
530405149
2776331648
536930464
2779855309
2778613316
32241873
2777356593
2777636157
150506046
2776603922
2781304845
2777512701
2779135125
2776282251
67833407
2778273822
2778943500
2779732569
2776651982
207868868
2780402326
2776862525
62696597
2780134383
129641553
2778169291
9299288
81007515
165135050
536286131
2780891288
2777177680
2778924908
542774811
522434184
526338395
2779614193
2776327931
2780573756
2779145959
191616025
2776567229
2778882171
66284574
2778957071
2779681987
150152722
2781337469
2777435780
2777720660
2780871468
2777352838
2778913110
2779715310
2780652304
2778824577
2778125582
2776555720
22376905
61577278
64365476
2778843977
2779750976
163286209
50128347
2779153035
2777537627
2780400498
39728382
2777340450
2776059084
2780280384
165548995
14919245
2777346333
2777774191
2781048585
84389358
2778395448
151670969
2776907874
81717268
2780970685
2777056302
2776561280
2777662824
2779581858
2779303340
159254197
2779148373
2781311255
2781279460
148761745
2778781893
2778243841
152894026
2779441642
197644857
2777964881
2778241341
3794599
2779422249
2778736251
2779556804
18246116
2780865100
171190658
105318019
2778281746
2777626755
203523406
39462953
2779025956
2780283097
149106765
2778508979
2781280609
2778482319
2776325419
2780494430
2776825360
2780124745
167595553
2780275751
24457497
2781004082
119026595
556127362
2776592526
2777863067
2779178296
2778580687
2777409619
2780746433
2777582546
2780048185
2776156254
18552078
2779207338
126008705
2780450374
2777232535
191070533
2780867425
2779467591
2779737589
2780234003
2776491508
2780381690
2775924837
2780639890
2781106820
119359676
2776520548
2776844482
2778952541
2780254386
2777028640
63502638
2779386606
6377922
2778543877
2781280300
2779980747
2780233049
2779091665
2778287244
2779518469
40731981
2777693075
2778866101
2776620497
2776398316
128706718
2775973543
2780543474
123162216
13019672
526906502
2778362486
551624427
2777400948
2780239667
2778578585
6835196
2780645811
2779954242
2777884663
2776451042
2780636718
2776536210
193235544
2778771019
2777567363
15295969
2776724512
150670947
2780482802
2777951391
2779271146
47587797
113220239
2777598289
158890734
160129348
166586474
2776830937
2776229528
148863701
162334176
2779644093
2779616765
2776432138
190467664
9992130
135546597
2781260014
2777570682
2779334331
48815037
2779706070
2780774576
2778237139
2778718642
2777611551
2779307852
158142155
2780136137
2779840706
2778431009
39599222
2775923457
2781197665
2781047666
189712251
2777077779
2780019555
2780877810
2780985302
2779316378
558102812
2780183385
2777785535
2778714934
2775857965
149275034
13721787
2781437790
2780075898
2779235283
2777223336
2778552337
2781319883
2780540333
2778380219
130727458
2780121858
2779162601
83091593
2779691090
2777283953
2780352820
2780940892
2779973846
2780171372
2778323908
2779850570
132165367
2778149229
22432085
2778356054
2775909375
109459677
196048820
2779103191
2779097935
2776549467
2779045295
2777826289
2778297286
555955024
2779904150
206671385
2781344122
2781401690
2778962883
2776614137
2778551484
2778770952
2777699731
2781122768
2776642110
2779032637
2776950477
139997677
2777200330
2777707856
188126858
2778668247
2780576637
2776259324
2781102046
136936797
2781137105
2775850303
148821158
130310547
145290120
2780845071
2776945150
2780295020
17743292
2780508347
2780493734
2776752855
2775877427
2776097407
2779056149
2777651656
2778631258
2779185499
2780433923
2781395554
508940853
2777684593
2776144845
2775989151
2776812371
2779107377
184123194
2777083192
2777931520
2779482559
2778203169
2780374423
2777216056
2777509900
2778576901
83751277
2776499295
2780639957
2779912346
2780974468
2779837132
73529369
2779447612
2778721728
2779749002
2780102630
19352297
2780595988
2779388744
2780101742
2778418921
2781260555
2775888760
2781441032
2779005484
2778850153
116665190
2776125401
2781124941
2777483519
2781191336
29155451
2776938624
182430985
2779252575
2777457170
179030216
2776966669
2778733526
44211194
138379479
2778360250
160101092
2778576353
2777361352
2776590019
509543766
2779234423
22478109
86827895
195244775
27723759
2779679713
2779665638
2780241829
2779525943
2780733377
2775941823
2775907360
2781379226
2779462176
2776650087
2779307921
2777745021
99236670
2777019708
2779509173
2778924833
2781008207
2776671057
2779367526
2780532876
2776879149
45279840
57008531
2778966699
2780386497
2780031656
12084979
2777849587
2779406593
27587315
2780672046
113421121
2779599859
2780633128
2780427923
103050880
2780944772
115902826
2780005381
183634100
50335755
2780028039
90007246
2780290310
2779880101
144534769
21931767
2779204341
2781177037
2504510
2777134584
2776162649
2781019082
45357846
22580236
2778554567
2776327520
2778205511
69309466
2777253113
2780233719
2780105918
2779350616
2776942078
2778550719
2778252265
2776942721
53409545
2780474594
2778947767
2779230211
89000251
2779004888
2775998517
2778902022
2777472644
506908784
2779621018
2778105164
96659820
2779444277
2779337042
2780256237
2777481093
54707276
2780310901
2482559
553400784
2779252700
2779745677
2781184175
2777426649
2779975665
2778730168
512135269
2777087348
549778364
2779781055
2776032675
2776790461
50159415
100142294
520073198
2776244521
2778521100
2777474433
2780562284
60545746
2781190971
2777294762
205268084
2776841676
2779703888
2776947856
2780876960
2776964827
105064832
2776495148
2777911195
2778564409
107551265
2777006878
2779614064
147230732
2781325341
2778182931
2775968911
165844195
2780616603
2777667448
2776842182
18750672
2778383464
2776085293
26255453
2780275664
34863106
55453578
2776214924
2777869876
2780055719
182964821
2779001344
2779803044
2776364013
2777284928
190243275
2777349968
2778480462
2779166035
2780333676
101981779
2779286833
2779627504
147771686
165297611
2781419168
2776907103
136738937
160253069
2776816198
164105321
27105406
2777661211
2779286901
2778503049
68435242
2779420854
2777447528
2777343712
128482177
2777402642
2778396250
2779942049
2779280014
2777323732
2779745760
2777853033
2776247349
2776274413
7244186
2777947260
2779439697
2776993492
502286902
76499713
2779281934
44736063
2780375031
2780197414
807232
117909514
48525820
21435835
2779877381
2776580373
2781161186
130440534
2776346838
2781449240
1966632
2777852955
2781289507
144170203
202889954
2780219285
2781061245
2776162184
2780560975
2777068528
2777875560
2781204929
2778274250
72280650
2776879547
59462968
2776270521
2779091805
2781246048
140816007
2780000930
2777019801
2777704027
2776896416
2776436406
2779802296
2781437521
2777236872
2775982546
57099999
2777398700
2781152196
2779571134
2780503167
84986440
2777730981
2777198272
2776638254
2780223854
555789112
2776204677
2777250853
2776487040
2779035792
2780229392
2781077285
2776929644
2778424488
2776044456
67277372
2780314925
2776899143
2780195008
2777011589
2779930653
2778740521
184196243
2776746679
174878446
2778385464
2781391197
2777808870
2780915470
2779665455
2775992745
42248794
2780376700
2776921798
118694481
2778417581
144236052
2779669244
2778808534
2776671715
111855789
2780180410
2777267155
547169164
2776395223
2777152325
39608478
26486553
2779494437
84177234
2776802314
2776242844
2776063526
2776170451
2775937052
179139399
2779608219
118109098
156387681
2775907739
2775890316
2777872491
2777613292
202493439
60066950
2776862454
160172597
501758582
2776471734
2777965090
196498040
3502112
2778602550
2779374923
2778396982
32506930
2778320930
2779723876
2778131556
2779597210
2776273178
2780676692
2778396943
2779509574
2778828589
2778828732
2779338814
2780171320
2780586395
2775881052
2779837852
195241713
81698637
2776520846
2778153482
2778005422
2777823356
2780292708
2780422510
61845947
177275741
141679102
2776139644
2780878174
2780807600
2780151612
2778340584
2777879942
2778126042
2778807011
2776968534
2776696866
2777359235
2780045039
2779526086
2776017580
2776962812
2776132280
24847416
2777589236
2780659089
2776046822
2781366284
27101514
35766210
2776158645
195776649
2778744299
2780321849
23213167
139838865
2780500402
206134035
2778551981
60048249
64417998
2779980032
2780857252
2780044276
2781330165
2778371040
2778504306
2777344480
2775937711
2779755066
159977948
2776774430
2777482865
37174832
62923972
2776868879
2780948448
2781071619
2781329482
2776085322
2781249640
2780839415
2780769345
2777477448
2780083227
2779890816
2776494563
2778339800
2777926746
2777882137
205383810
207873717
2781336436
2780634144
2780302482
2776944801
179047225
2777321303
2777985153
2779162535
2779076125
2779156740
133050064
2779028527
2779701973
2777270591
2781357586
165087160
2779658105
2780419917
548263834
2776720770
2777839399
2776461207
2779526795
2781374369
149208669
2778187809
157312058
87608573
2779651520
2779399755
2778529586
198293453
2778726998
101883679
127353061
44370584
2781332925
2777462071
2777325723
2777851437
2781077823
505175697
2778354389
149568634
203470589
2778737669
2775957009
196188918
166550669
162490982
37754750
2781293548
2777831224
2779561232
2778421426
2776164555
155614148
2781418413
2778222939
2779181959
2776164681
2781467878
2779819967
2776747637
2777765873
2776380637
2776091903
2781227721
100304991
2781226209
2778441954
2776394854
2780803968
2776915657
2776595583
2778005650
2776446391
154735087
145156650
2777146953
2778553641
177969768
2776962981
175475021
2778316478
2777128562
2777872441
2777048827
2778832215
2778727549
2779793196
2779673803
60295015
2779412303
2780125290
2776519223
2779916870
2780450758
516449090
2780817588
2778191241
2777207438
80364944
2777453737
2779066339
2781100196
2777002316
163395494
204602622
2777129800
2776906717
95667121
90464235
135924530
2776237637
66974007
2780447174
198626708
21036866
2775856921
43192147
2779518340
2779697243
2779608074
2776542307
500858565
44681071
2780704213
2778786118
111883286
153578388
2777847667
2778979739
8484796
2778441844
2776882485
2778931113
2777678268
2775941730
84220965
99361443
2776504891
2777794200
2780971556
66071079
2780127403
2777173703
2776823044
2779083378
2777104766
170282758
2780811172
2779054071
513722997
2779842457
2778678636
554736915
2779330268
2780244961
137606083
2775995333
2777989541
191021860
2776551393
2777714589
93766343
2781249900
2778872656
2776244116
2779018934
2776206973
120960492
2777063932
121818473
2776831955
2780273121
2778382412
161941745
174734529
163415756
164463730
191845665
2775964045
2779166344
2780427927
2776364399
2779800195
537640818
2777392385
2780729830
2778346622
2780308851
2778439045
164218810
2778619095
2781360559
2780563798
2775992006
175154166
2780352040
2778372879
2780383645
128536511
102805184
2778049042
27206212
2780831315
154847795
2776645009
2777362797
2779737220
2778056448
2776357469
511535766
102650607
2776203320
97751919
2778408831
2776573203
38035415
165120109
2778243190
2780330636
2781111114
2776857291
2778582230
2779243875
2780575433
49336041
2777004342
2776753575
170143251
2777225942
2779868873
2780378275
2780661727
2776658688
27559647
524692358
2778924889
2777323237
2777619574
2780082069
2775980384
2781094005
2779543069
2776705085
2779591919
202021427
2779506084
76217610
2780004934
534054578
2781274486
168967151
41243935
3368049
2779560072
2780600232
2778943297
39614282
2777332560
60579805
2779089611
2778074464
2777987809
2778086857
52058223
30439744
29185921
64625908
2777426370
2778363285
2779677344
2779784881
2781254463
2780137866
2780521934
61525813
2777742628
2777978881
158299639
2777180550
2779137160
2779030433
107806365
2777819180
2778041728
88854302
2779070351
2780346111
2779471680
2777361623
2780759579
2777070815
2777350258
2776321766
2779180516
2776567310
51646954
2779056712
2780430987
2780034847
2776175695
173083238
2777330110
2776025053
2780240594
2777803662
510221238
2778447627
110537644
517292913
2780966873
2781184710
2779124805
2779495325
2781307008
2776641992
2780814344
2779476429
2779178101
2779150400
2778233515
133139065
80877019
2776145017
2780967089
517936585
2779016726
2779741799
158876426
83559648
2780110860
71009995
2776021498
129792486
2775972300
95570890
2780459394
190029008
2776409293
137323160
2776232852
2776046173
2778400572
2778641721
2777613776
2777147485
2778782433
2779448048
26826806
2781010970
2781426379
2780242740
2779656411
550607084
2778341736
2779563356
2779469432
2778088424
193151033
2777453505
2776225730
2781284107
2780534116
82558509
544075446
18195418
2779644411
18135003
2778160605
2780900699
2780011095
37327127
2776048411
2781416789
2776520917
2778679766
106852984
2779831704
524757792
34969588
2780221220
2776925463
512195291
2778634605
2780980194
2777449346
2778391317
55091264
86626386
2780757498
2778273748
2779296024
93062035
2780929415
22711170
2777922990
7220189
2778996815
2781268878
2778773126
2781277344
2777595271
2779715961
121977515
2776161335
2780426501
2779867701
188468808
124257508
56734278
2776548248
2776601132
2778395617
2778791376
2776170658
2780002014
58646249
2777636371
2779779742
2778045981
2776485328
2779076573
2778329249
2780373612
2778338203
2777905299
2777434727
2777165205
2779028768
2780556724
506584322
119455331
177002383
2778203577
510206254
153107464
2781417352
2781344866
2777447324
2780084478
2777716289
31173074
2779470777
2778844448
103785112
129360009
17235551
33192633
2777119486
2780857552
113366478
2775978356
127028365
2776517272
102523778
198777802
2778698498
537433329
2780095094
2778555616
2778964265
184513011
2776566807
2778886782
2780443852
141145911
76423833
2777317180
2779674903
2776379283
2776787863
2779759067
2776149291
2778267534
107445335
2779466451
130276794
2780203904
2777433879
2777230368
2777088900
543847140
2778663463
36686422
166365349
2777319359
67463725
2779443239
2779337550
2777209383
19266351
2776211108
2776084958
2776700212
102125574
134017395
2780645745
544031030
3156200
106045638
2777326070
22704820
2780539366
2775855290
2779457680
2777168331
2777188262
93379132
4278076
2776352122
2777838361
64280408
2776204456
8034284
14523651
2780281770
2778431546
2778045611
132153213
2780313236
2781260717
2779696024
2778969159
2777502116
2777934722
2780894794
2776229180
2778768606
14527384
2777802600
2780534141
2777991514
179034447
100694443
142062867
130537919
189778938
2779484474
102944935
2775908813
2776860498
60843010
2778979200
2779953128
128361363
2779072074
2781078809
2776911728
2781446942
2780915417
2778518635
2776034039
2780650641
2778312799
2781007129
173801870
136968873
2781436119
179335157
2775915280
144370353
2781145534
2778386837
2780082133
540664810
44906045
2779522855
2779656538
2776834135
15686315
199723944
156270389
114425635
2776020014
2777469701
83721509
58393919
2780984760
68389820
99377836
2780190543
94893769
2779455488
2781142357
2781438958
2780664568
86855894
2776816632
2781062137
42272654
2780583180
170334801
2780313006
2776943931
19607057
2778356013
168199936
74727942
164663123
2778262452
2781350264
2778811335
2780172096
2779311055
2779443383
2779103253
2776432533
2776251254
2776695676
51195566
2780895891
2779256226
138090074
2775958585
2779281986
72196577
2776321126
2776886183
2776158396
136815107
2778712815
2778872060
2776211767
2777897616
2779869726
2779182760
2777189582
2776956736
2780209813
519441137
2775922594
2776324554
2780983098
2779474161
29417503
2775923902
2780226652
2778387276
2779645042
2776523975
2779139534
2776710367
2779767759
2780638393
2781076393
201757107
2780712702
47487560
2778626973
515282520
540372491
2781232849
2780896131
2779558578
59196918
115359074
139793654
2777643469
2779123229
197914299
68938100
2776219385
39323472
2780395927
2776097802
2779280508
551154717
2780488204
2780863715
9593695
2779420664
2778681275
2776578477
2779099440
2781441795
170086007
8985132
24076586
107553210
48314727
2777069022
2778521459
2778302256
2776745519
2779957330
2777608769
2777479993
2779942846
2776089501
2779726722
2776980752
2778903291
148427055
2778778704
516687495
2779062361
115505562
2779520775
2780903642
2780630330
2779615782
542602560
2777465805
29219342
2777418159
2778309144
2777509023
2777489351
2778316262
2777072566
123406163
2780484516
2776645158
2781203887
2778850991
2776764481
2780277863
2781374135
199376244
2780033766
2780450902
2778683187
137863202
2777646522
2779887085
2776170092
6794603
2780294334
2776519548
2780105190
4661594
2778282256
2777180732
2776804687
2780481977
2779071002
43236755
2780581671
2779505693
45848440
2776241738
2781219379
170074353
2776145493
127653795
2778879760
92782776
153962237
193375719
79425541
2980749
2779165312
2776210911
2780361948
206568015
128061179
2779904397
2779543469
2775860164
2777256151
2779519410
2185349
2780059494
2776321614
2776350774
2781075042
2776425127
45079736
2776643683
106624574
2776141551
2777847424
2778117406
21362590
2781100447
2777996184
2776471039
2778959069
97508593
552089266
2776026147
2779923358
2776745099
2778790839
122284175
206477279
2776420598
2777959749
195041187
2775849836
2778722701
2779473644
2779194530
2781430542
2776893716
196465476
135532731
2780068402
49848784
2777932768
2777467851
71345851
2775933798
24351657
2778561925
2778084181
2780703233
2777605698
53936288
193427332
112976587
2776503567
519857247
9354725
49409089
2778498553
2779861158
2776435913
2780913964
147446459
2778311575
2776639334
2778327244
2776957253
2778967420
2779851739
2781281093
2781281135
55520419
2775985169
20864712
2779767996
2781039233
2778000759
2780443222
2780277889
2776932986
2777333407
177413521
176580416
195030796
548014348
68041774
2778882374
2778387619
2776003752
2777992590
2776027032
2780327460
2778534049
2779323506
2781299702
558475949
2776058509
96627749
2780644044
2777221448
35387230
2779719974
127385683
2780472517
2779676146
2778712580
2779613044
16153069
2779194152
2780770963
75553542
2777725844
87349256
2777632677
54073932
2780225958
2780900835
2776817388
2781438039
200065993
94389720
68274095
2780764785
2779569290
2778548054
2778157002
2779397069
123570468
2777592495
2778835137
2780306963
2777414335
2777918777
126763645
2780114222
98004246
2779904503
2778077733
3171199
2780168281
2777102477
2777709427
2778064259
75368989
2779022589
2779085507
128774023
2780097958
2778570067
2780381704
2775894908
140205497
2776580495
2776361515
2777421848
2778069506
2779581471
2779687425
24668966
135875078
2778729956
2777803258
2776273238
2780156244
512796611
2779606090
2779519395
35314555
28191535
2777532019
2777591851
2776264592
2780407018
80976798
2777770037
2781371259
2780816527
184048983
2779642007
2780173968
2778146951
2781302003
2778107863
2776463702
2780643794
2781314934
2777520412
16020263
2779271263
2776550342
83535845
2777970837
2778265151
2780135877
2778998377
2781035203
2779540760
2778234256
158573231
2779967430
2780169715
175932403
2776744675
76744394
172766045
2779510284
544962043
2776632102
2780925606
2777816766
522606818
2775932471
2780843094
2779696365
2779007428
2776734019
2776507013
528670733
2777107807
193035329
2775864159
2778529532
526316498
2776289542
2779307256
53369545
2775989791
2779192927
2779290534
2780607864
2780550836
154264026
2778558714
134752490
2779335328
60866989
2779882095
183971270
2780109999
2777601683
161913894
2778072133
2779891390
2777623308
2777494970
2776643563
26839282
2779210248
2779418494
20155586
2778395377
2779144391
500070807
2778048810
2780926489
2779879116
2777314410
95975521
103057564
2778220742
2777939340
2781047374
2781472016
2779599150
163737698
138438393
2780500518
553267028
187689010
2777387632
9270016
2778112063
79713644
128712008
24457124
122980154
2778103892
531726610
125226830
2780362399
501040674
205252895
2778419184
2777809852
1102183
2778212523
41831101
171560490
502018517
2780644172
2779902636
2779471033
2781158661
2779423414
2777160890
2777075476
2777065571
2778941175
90255175
183195422
2777897319
2781420246
2780118495
2775964697
2780738959
2776922824
2777523778
2780011867
2775954513
70115070
206497026
140531710
2777781133
2778539211
2777317959
2778455806
2777481004
2780839462
2779164840
2780554537
2778199407
2776615268
100609095
122372697
2780036689
2780682032
2777283828
2778090031
41154696
103060772
2779451645
41417386
2779280244
2780599629
189712489
19235068
132989642
2777070465
2776145366
111633790
2778505831
89611455
2779913364
2780385574
2779835924
2778278459
2777972315
2778866299
2776227842
2778036738
195711298
2777880019
2776900668
73471858
2779559259
2779655408
2779545450
2778875440
2779259174
2777506528
2779667832
2776976421
2777920822
2777421509
2778105672
2778201228
2777470744
2779704891
2778911927
26760741
2780239933
79865314
29554801
2777103701
2779676416
2777066023
202027166
2776780978
2779304518
2779312767
595400
47324335
2780974652
2779649027
2779531509
138253771
2779192918
2775976049
158608255
2777846304
160670121
2779766864
2778412534
141603448
2778161125
2778687026
2778889365
2779947254
2778498358
2779266480
2780333586
2781089925
2776694571
2776739411
2777849352
2781309825
2776079361
169402843
2776437324
2779972366
2779462638
2777808479
2780491211
164041254
2776423441
2778592720
2776385094
2776888105
2776899900
165696491
178083044
2780655796
199557435
2776204942
2778134539
61341680
126808245
35534250
2780636063
173988693
2776092703
110830959
188540687
2776854287
2778561960
2776170449
2777109615
175522831
150889026
2781093310
113494165
25479525
2776635450
169272836
2780521959
2779823557
11903924
111936747
2778020476
2776450372
2776178687
76978605
2778241766
2780019902
2776828318
2776014701
24929129
2777504626
17742781
128228544
201805950
2779534081
2780037505
2779488553
2781343478
2778957787
2776480297
2779634551
190601123
2777223847
2778025463
26871567
50363770
88313723
2777886772
101678225
35213543
2777203999
2780264535
2778812158
2781149319
2776379701
2777098013
2779125852
2776626899
106930687
2776095079
2777315239
2779447941
2777184203
2778004928
2779709662
139132820
58318971
2779913925
2779049299
2778897741
2779450596
124042286
2780481500
2778638608
547328371
119867837
110046852
2779480298
207460243
89721942
2776575250
2779082022
197792726
2776092919
2780308253
122247490
116346337
2776753334
2776507420
2778435836
2778716650
58166
2780491143
134589348
2776702934
2777430835
2780136987
2777952455
2781128744
2778780117
2778424895
2778798543
2780725083
14606030
2780197538
2778659691
2779514404
62196375
2777553437
114408938
2777736792
2779350303
2779641024
2779282386
2781207030
2777291475
2778757102
2776262161
2776758949
2779296951
2781070649
206020734
2777641132
82896369
2778816618
2779589923
102704950
2779902937
73659462
97364631
141633740
2779524815
13271976
2776322710
2779135664
2778732403
2781341000
2779556734
2775917442
2777124222
2780204946
2780299593
120936955
2776808784
162626560
2776456692
160284661
2781328080
2777257895
121939617
2776593540
2777733773
2779813621
2776422902
2778143727
2779036407
2779282026
2776696124
2781210430
2779577034
2777381814
142075640
108081315
2776447319
154233639
44523748
2776152459
42653909
2777024071
172081034
2778520190
2779342568
14539177
2780221862
2777767467
2776231391
166356396
2776970440
132593773
2777488801
2776477906
2778375133
2780631329
156737912
2775895778
2778346344
2780859220
2777884181
2778576665
2778879645
2780054728
4988305
2778373580
2777348472
2777953117
163228426
2779850248
2777878301
70530581
2778578115
2779229674
2781201115
2780493953
2780402292
50747851
2778072728
115076146
70789860
2779550246
129353971
2777761740
48575856
2778726489
2780573878
2780907231
2780629789
202886960
185305159
109424252
2780782221
193125573
2776577756
40238689
539724014
2781299476
2777566824
2780788528
201377581
503719559
20032530
2780134748
2778072359
500551929
2779168923
2777484922
2779942698
2776201972
2780794961
2780621212
2777350767
2779965156
2779034323
2780854224
2778047888
123556308
2780964034
2776082378
64802038
2781350177
2777230909
2779145032
2775902952
200839419
37834803
2779859823
108426073
96310857
176657323
74672266
177652605
190553849
141794441
2780058330
20109537
2779070825
2776278014
2779684095
71197132
100484023
175285421
2776326907
2776976576
2780712738
2781446837
2776931063
138885662
169756158
2779819642
63428231
171267040
142998047
2779095396
2778904007
2777701204
2781210019
2777841990
522192633
166765160
2776241507
2781366626
125893350
2777914208
2779251028
2778377308
2776002751
2777055467
2779232674
2778617377
2777199703
2779025105
2780462360
2779356876
2779545585
2779190448
2778147775
2777914927
2777350291
2779074408
2781221556
2777098004
2776256101
2778073708
2780268315
161197567
2781448998
2780155532
2776182749
43971567
500888818
2779467372
2777448206
2778911856
2781031115
167388122
83081985
2778222446
171041071
542929976
2779876135
111459926
2779921989
2777802567
136172866
91394840
2777971975
2778661193
2779845536
2777794154
2777176108
524601802
2775965316
2780304519
2780254896
2781028124
2776743677
2777724115
2778525882
2777258089
2777126661
2776804965
2779829227
2779349179
2777793089
165775339
201328131
2780903042
2777933852
2777268530
2778674353
2780770203
2778710645
2779081687
2776258986
2777454710
2780590386
2780674291
2777392089
2776889928
2779789676
2777136542
2779461643
164323289
2778460569
124067751
149155187
2777791814
2775988552
2779446402
2779663672
2779800219
2777150336
2780671182
2778528135
2780087920
2778286895
2776515203
2775914345
2776126399
2781277794
2779019865
123960582
21714901
20253421
93491739
202101335
2779261835
2778568292
2780851314
2778612188
161831844
2777768939
2776708368
2779298765
2780859766
2780153534
2781335502
2779764472
2777397271
36391188
2776297396
2780705574
2780759288
2778419473
2777358779
2776764944
2778545983
2776382365
2776874820
2778907141
111476811
95201565
89051679
2779990611
120324620
138621196
117893075
79550985
12472996
24570573
2778806665
2776465715
2777007368
77038442
2779575090
2780834244
2779666593
185754541
2777983431
170260401
2780110701
2778213961
2776133261
2777146217
2779225860
2777266780
2780583484
2777091757
2780077492
2778463170
2776346706
2776735383
2780595226
2776853841
2779503815
2777445446
32270936
203273236
83392588
2779231070
112799922
2780695315
2779530713
47044818
2777351055
2779483239
2777887075
10864753
2778472255
91713390
30896174
2781278839
2777429538
2779186868
2778695440
117593281
2776133848
2780797393
12455157
129824826
2781017023
170912199
2781064372
2776858443
2776513225
116466831
76772093
2778598582
2781438983
110921888
97692439
2778999702
2776217137
2779250880
2780431207
2778496695
2779980412
83479923
2778200066
103138315
2777431973
47152248
2777595806
195547243
136919709
161279122
2779700040
2780438044
106381910
170008513
2776693405
17935101
2780218435
12113343
2777603531
2776374651
508421377
2780762663
2781033998
82874727
2780836928
124943114
2776121707
2778125378
2777652109
2778021490
2775907854
2775849904
2775914651
34862557
2777361425
2778845403
2776468924
102792161
2777003379
2781095167
146902061
2777753043
2776935376
79449165
62456351
2777876972
554814386
114611597
2781058061
2777439352
2780731332
2781243853
2779314070
2777953289
2778265923
2781144840
85522863
2778416831
57869631
2778599504
74007976
191608143
2777571349
2777925277
2777812769
131469274
2779478803
26819560
2777110745
2781429540
2779522259
2775970010
2779832935
2777354810
2776756809
2781127458
2776881294
2780532252
2778274666
2776700586
128481406
2779367816
2780449680
2781183675
2779328108
146153142
2778522537
2777828623
2779448944
165332651
2779384018
2777262277
2778578616
2777534467
2775972156
24676838
2779719891
2780801052
41173378
2779967330
89096908
2776146396
121662710
2777211616
2779514573
2781142233
2778707713
2780805216
2776122732
117769092
2777076221
2778052875
2776850143
2775925831
2778471013
21240300
2778261992
2780447037
551968917
2778940323
55565365
2778872588
78320373
2779686501
55449502
2776793201
2780836495
173676486
2778353830
2781352227
2776190738
2780761118
2777130654
2779121694
130086777
2780067268
19992482
2779807656
2776913151
35511919
2778361255
80191660
2778011528
2778084537
2781280686
2778959349
128377436
2775892961
2776526244
2780835433
2778444269
2780512189
163594724
139970467
2777840804
2779526976
44909352
2776869629
37692320
2776441465
158602613
7493553
2780443641
2781359315
2776545096
2780926748
2778150225
38855882
2779780698
163999200
2779057926
195287771
126706616
165705269
2781126588
2778602103
2780742583
176982825
2779990869
2776183528
2779032602
2780630068
94928942
2777996765
2777794750
2781139135
2780638404
2780518247
2776349023
2779019902
131042201
80189280
205534843
2779194897
120926249
2778687126
94164615
2777190179
69975804
117374575
2780645741
2777168162
2781106498
2776084322
2779575362
2778077086
86903471
2777337681
2780869000
2776443352
2776849373
2780733378
2779137862
545315313
2777561716
2780760573
2777708469
130160918
3305159
2777931691
2780262914
43242481
2778190056
2779230497
90805937
2779081115
2779150173
114150445
2778200981
2777091648
2780895305
2778205783
2780095187
2780536208
2779748590
2775831982
2779261767
2781199799
2780650091
2775878560
2775923790
2779442034
2777268402
2780268261
2778629746
2777589721
2776083694
2776449539
100143864
178992907
2776121285
2777621808
2779538753
2777021280
2777061066
2780985703
2775884927
2775939573
173862282
547143044
2781439777
2778524796
180334944
2777396330
2779589973
2779115170
2779149517
2775954050
2779581591
2777940867
2777579265
2780665292
2775966685
2776715740
85413616
2780512302
190795041
2780662501
521449643
2780381560
2776183866
2776489920
155785087
2777508843
2777642804
180533847
2776613631
147897422
133335984
71702399
2778728295
2778761753
2780179078
192906763
2775846840
2776484498
2779052643
2776594863
49654349
2777578687
2779390615
2779357855
2780433993
2779739161
176547610
197159352
2779646093
2781329722
2778868225
2780292884
2779518991
2778352789
2781301867
2778692119
2779864741
2779519507
2778705344
2779950134
49637062
2780547287
2779443639
2780917480
2781338277
2779086853
2776384928
146079980
158156997
2778734383
2776077504
533369263
52929581
104148171
2777845270
2777723048
45859991
2778772032
2780806395
2780970581
2777484510
555095267
80038905
2778817621
2780375861
119249546
155176297
2779377737
197816023
2780494484
76283291
2779045064
2776406294
2776934962
136800757
2776462727
2780097078
2780167023
34392881
2775854836
2780190461
2777249580
2778102795
2780412351
24687705
158438010
2781167251
197819799
95425872
204342414
2778323131
2776746529
24253811
2777844820
188474700
2779563254
76091853
2776158535
2777491029
2779287300
2775905575
2777055271
35219183
2775994467
2776801235
2778318755
2777795832
2778041995
34441624
30539005
520017518
2778675762
2776175851
2777963039
2779607372
2777916351
2779267332
2777724838
2776305810
2779887153
2778524050
2776761020
2778690816
2777443393
114799590
526111622
2777412325
2781351148
131503682
2780570235
90734943
2776630830
2778727940
136100166
2779770946
197568419
2777039461
36410445
2776761399
2779227060
2781158874
77368203
98954769
2778473407
163877629
2779235823
2778448453
2778054445
71478820
2778346872
515353922
2777714996
74453508
2779058104
15145288
2779262922
2778423214
2776284100
2780227991
2777348774
2778271243
2780086909
128396971
2776564096
2778524649
2776914424
2776182337
2779138855
2777735833
2776265386
2780247496
2777745099
66344194
2776176097
155827045
2776907558
2781397314
2776010242
2780428685
2780688755
2781449124
2776414451
2780735188
2778133645
2778755563
126213133
2779120113
155092808
207489910
2776954719
2779645016
148526163
2778692574
2779157386
2780054446
2780121417
135303038
2776010447
2778364177
2779809482
2777179283
2779142143
30186851
2780369711
2779641600
2776548234
65645524
207144339
165637977
4555651
2780216358
2779077917
2779854577
2776063293
2776539907
2777348171
2778028897
2776915840
2779074149
18724013
2779244277
58694771
2776095024
169081014
2776648866
61435691
2779917300
2778328717
2776439401
2777174375
2777776507
2777532361
2776105288
2781118685
2776243640
2781121862
2778927050
2776493517
25609815
2776950877
2780108932
2778220143
2777778260
2779971786
2779665676
108170787
169175208
24667770
2776902496
2779333229
166911120
2778996069
2776633366
2779805908
2781419390
2778971758
2778475889
2780539468
170676055
2779665613
2777617010
2776546199
191925411
9893847
2776235168
2778598016
2780245990
173699873
2776707044
33407051
2778008194
2775943793
2781041973
2779814899
39306711
38022665
537455786
130597682
2779443564
2781033809
2777346430
2779751656
46182478
2776835130
2781059032
2777867792
528591960
2780539869
2777167590
145097170
2778074205
2780714713
2780778659
140713313
2777169145
2775892541
157789430
2780829485
2776694986
101755528
2780992775
2780925944
2779289519
2781399855
2780243950
2776109956
2779282823
2780301000
2777693936
532480735
2779824158
2780248554
2780453749
2779795400
2777645883
2777407701
2779599585
2779862413
2778092521
2777483942
2780471006
188183453
2779279129
2781412459
2776096205
2779375076
2776509104
165657284
2777669631
124395171
2777945184
2781105689
183533564
2777203912
30202826
2778090688
2777368094
57098296
2780113194
2779150620
131319358
2777204566
2777555720
2777718049
2779595473
2779374079
2778177425
2778857866
25330387
513894596
2778078544
2777690249
164270683
185518584
2777713680
2780888442
2780891148
40586070
2781310025
2778155670
107677393
2778021828
186720457
2776011495
192183473
2779214707
2776224158
2776231311
133533777
2781426576
2778379657
2778231298
192327766
2778555101
2781141329
2779289518
2780042040
2778356427
2776375278
2781116534
521332185
2777306608
547288984
50759314
2777042112
92122570
2776552296
534859617
2776497474
2776743436
2776170623
2778913958
2778086653
2778046522
2779872026
2780699315
125477330
2778364182
2779119418
43803900
2779887941
2779592587
23401460
2778048464
193856179
2778121359
2777749391
2781225786
2780513372
64001112
2778424507
175167371
2780182494
2776639230
2778624327
2781316224
2776169436
2778869082
132095690
2776972819
2780380991
2776137439
2777304002
2779242764
2779750938
2777247162
2779682097
115740575
2778892245
2780536476
2776448696
756385
77788172
92709136
2779304623
40477301
2776024401
2777793023
2781224700
140553585
2781210924
105072915
70555351
2777233546
2776767356
2778077293
2777110924
2776960393
96839415
2778989428
2778323758
124056412
2779944561
2775957711
2777377653
100486739
2780556057
2778530255
508278066
2776717531
2781291722
2776705840
2780399500
2779282376
2779039804
2779331765
92573830
2777963100
49926397
2777525625
200418224
2778333599
2781011940
537216564
108494575
2779272877
97787645
2779800287
185705657
2780326160
2780016798
2780145447
2780364048
2779776051
2780174114
56518471
2778724333
2775838009
2776275106
2777301032
2777395276
2779021219
2780573083
2781151317
2777683214
526210280
2777340831
2776248855
2777957228
2778979248
147447157
101747707
2778259098
23466111
2779208798
2779128587
2775974303
2780744219
2780200697
2778587353
2776691681
2778890966
2778553681
2776014081
48580701
2780027275
2776399287
17618745
2780375301
119344672
2780894477
2779303138
542413139
189265371
2779502544
2779114464
2775927023
2776622967
2776493592
2780664716
2779624206
2779944825
166116840
2776613079
2780466848
2776867432
133378560
2780522230
2777769977
2778800166
2780407017
26124595
127882523
198313034
31846948
2779546548
2780303154
2778722963
2777805188
2781292093
22020750
2777961915
2779688443
2776437934
125965892
117015117
88695199
2780873982
10128374
2775854416
2777682634
116444002
2776918333
179701269
537778559
114260180
2776982690
2776863379
2780444219
2777738375
540679656
2778446063
2776868186
128081465
2778433951
2776012085
164913051
2779382953
2776995467
2779344115
84204460
139961314
26663822
100122410
2779808748
2780105396
2775917601
2777617465
529484175
71889745
142786338
164239147
2776602268
2781398598
2778491294
2779975920
2777364972
150321799
2778870364
63075964
2778339319
79990160
2777788171
160697094
2778850762
2780583177
2777547098
520968082
2778119740
2777039924
134559154
2778638050
168702047
2777055758
2778971194
2781353600
61169475
2780806142
2779960602
2776482350
129979053
2778166635
2777279593
2778895300
2781167272
180903884
51755988
2777199698
137433627
88880766
108867877
2778074345
2779631033
2780544349
2781026612
2778926858
2777539295
126398093
2778692686
52091035
2778216920
173308498
2781421699
2779897807
2777466844
18350560
2777237582
2777433734
2780604372
2776159695
182744844
196368558
2776768071
2781222830
144938489
60115397
2779007002
2780830361
2776437587
23230815
2780506305
195853774
17122024
2776674846
2777419017
2777499854
2778242525
2779398514
2776120456
513452062
2776034426
2777237875
2776939270
2776354646
2780850588
2776438266
2781448692
2779780100
2778370415
5021161
2781300151
161691468
148071080
14812997
500013137
2781033166
2776786462
2779891598
2780543141
106098040
2776934026
98239658
2776936143
2778515254
87126552
205924839
506058694
173729757
5469714
509905926
2780957164
2778150081
2780789378
2779557191
2776467761
65812774
142437206
2780818421
2781012185
2777912949
135646171
553614217
2779355006
2778551263
2777269911
2776464722
2776347870
2775852435
2781300146
137010152
2778120544
154524226
3771009
2778671342
2776127325
2780197774
2778240290
2777644968
2779201857
14303386
2778971835
2780194258
111452379
60570559
133559463
2779614658
2779481059
2781321262
2780755409
74481535
510062453
2780062345
11357383
2780158507
87633849
522585224
2780012443
2779952331
2781145374
2779677196
2776680799
2780817299
2776313053
2777001439
2779252274
64249296
2778096252
2778238591
2776743668
2781130093
2780789448
2777836306
2780046773
2779794640
2778555184
2777819226
2778240651
2776602581
2778145386
21178851
2778240358
2778713422
2777136396
2776216033
2777611950
506520463
36680457
25642318
2777752130
2779821563
2776827361
2777277448
144279594
2776766291
2778347800
2776566421
2779737936
2778679604
2778927825
191297826
2779245040
2775992297
2780388551
2781065286
161142639
2780206684
2776001163
2779515377
2777744975
2778811855
114252324
544874408
2780362431
2781153677
168725872
49876356
2777752344
60986609
2780001159
514763279
2776308195
2780040600
2775923970
2778429863
2777426325
2778250421
135343436
515067334
155362674
125496544
164426380
2780703793
2777742833
2778576866
2779303974
2780758313
2775887613
2776518909
32558975
2781187356
559590911
2780620123
2777517280
2781177941
2780960742
2778611534
2779394831
2776232650
2781065012
2780038053
2779794685
2780149446
2777797312
2777560498
70845037
2777935214
2781193355
53096200
2777207601
2780529412
2778877925
2777122596
2778516230
2779412668
2776889888
159403335
2776043500
49280892
2778154602
2779511622
2780510276
131100506
2778911302
543460222
149271030
2777233160
2776691199
2776707408
2776671347
2778779869
2781198692
549802220
104182661
2781062354
2779588740
73440236
2777933211
2778911322
2777679415
2780957178
60212765
2779549247
2780029788
2776590589
2779401564
2777622222
2777003233
2777208606
2780879856
2777169466
2776358358
544747889
2778061687
2776618157
35730967
2780294061
69298649
2778599904
174836191
2776639550
2778806283
2779723108
521411410
71832604
2777739043
2780056224
2778024263
2778313740
526460871
2775880612
2777503534
2779881858
556248259
2776174102
548253320
2779901982
140443740
2781183175
176757462
21214244
2776874911
2779090059
2780989244
2781384534
2781070134
2781222102
2780800662
2776111211
18906423
143128703
2777114183
2779981619
2776415100
2779619758
2779948103
2780148229
122295659
558004440
2779913323
2780128953
198353973
205467448
2779127199
2779359390
2775901332
2779456343
2778065120
46633255
40162229
76916086
2781173472
36334577
519982507
2779005351
74454705
92812299
2779744971
163933246
514133184
4951490
2777981974
2776521926
2776997332
2778892047
2779529718
2777693680
2778914653
2777884558
2779589403
150104678
2775946201
2778271914
2778028075
32763512
125553218
2779920969
2777411058
2781050159
2776546322
2778991295
192127991
2781433648
2781010172
18787441
2777420705
2775840558
2776019970
2778552452
2777626756
162130032
2777528792
10411345
2780226828
2777566452
2778127928
2781415005
2776554654
2776605036
56956801
2780941884
2779787998
2777407727
122139361
123645730
2776527824
2778092966
543192267
2780024415
99652429
2779553547
31370731
557305775
65487801
2776352735
2779899686
2779253945
197549326
2780641572
2779712399
2778091546
2777077772
191417653
2777325433
2780054868
2776986238
2779274976
2777968036
2780547138
2778773596
120548695
2780386191
116281135
25593224
109089402
2776595359
2778712901
2777124988
20842152
2776429300
85363599
198009544
2779867676
79078291
2781004380
47397547
29470771
2777094076
2778262033
2777326955
128268270
632258
2778897322
2777181701
2780526449
534595448
2777231075
179926584
66592048
2778505631
2778884123
2776619629
56283660
2781308425
2776893760
2778707766
170435036
11697080
2776881495
2778291827
51620047
2776228073
2778466055
2781174373
2775995831
98199350
2778899999
159149137
2721081
2781384028
2780583198
129112558
2776932993
2776373749
64970193
2776928091
2780967544
2779557605
2776232900
2778706821
2779879646
2779970246
2779296396
2777607977
2779026395
2781095679
2776277238
2781064995
178511065
2776398381
2775994064
86013566
2776727279
207062185
2780726598
2779290153
2779343041
512323141
2778444181
29188022
2777693933
2781451979
2776463537
509535802
2778117818
2778703183
2777546481
2779535490
2777128691
2778088060
101512455
2778189862
2779247141
522901763
2781269069
2778883600
2778610521
2779928869
2777544610
2779168585
2781315037
129131279
2777359053
44819458
2779147769
2775863160
2776641289
117013964
2780890765
2779592271
2779387294
2776749680
2779264956
519517224
2780910390
36933642
2779769539
2777920266
2781310500
2779957096
2780388984
2779057980
531301366
2775959250
2776190264
2776332366
170309218
2780666971
2780384159
2777073489
40738166
2777404261
2780430936
36933989
73301696
2779708768
2779178843
108568712
2778963803
7149132
2776134716
2780020537
145761501
2780350589
2779436669
83711947
24659117
2777904174
2781146156
50367650
2781150589
2779881977
2778369366
2779541067
2777860245
2780253024
2776997720
160106267
67463919
2781354786
36327016
162100613
510816226
2780789626
2776523936
2778365599
2780496212
2780840750
2778538240
2781367900
64626740
2781166596
111021475
138327631
2780128094
122015872
199962425
2778084974
2778349746
161431488
199168358
2779808665
2780310539
2779012014
507015567
2779478810
2780493273
133782158
2780585260
73520026
2780972671
2778363165
20650522
2776527387
4445939
137187873
516783827
2777885928
160443082
129915516
46274116
2780825757
2776898137
16796852
2781373082
2780929948
2776922486
2780872652
63169774
2779781431
2780331565
2776061557
2777761643
2779702343
2778905185
2780827403
2777193575
2777738169
2776407881
2776009745
2777399201
2778498596
2778889814
2780854612
11293438
74731656
60567360
87479252
2776277621
2777199835
2778377616
2778510817
2776812122
43334683
145261411
2776090536
2777201447
181925144
2778238477
2779555700
2779321744
2777033558
2778091162
88653118
2778285552
2778997479
547519392
2778577175
2780744108
2781245243
2780590446
2779346366
206655939
143678939
2780076791
17601614
91304198
551921570
2779915942
2777661538
61563769
47602998
15708023
28322926
2778573450
2776074554
139872427
2778977391
7443425
2780404785
2778977669
197589188
2069299
2777112757
2778398978
94109646
2779232725
2777670035
2778602140
2780790391
2779606261
2780388253
141388940
2778002216
2780325733
2781374020
2777034277
2778509224
2780472265
2777003289
2777200877
2777018476
2778796999
176913898
2780115896
72590504
2781244116
2779360750
2780146897
172438850
2775955998
2779655241
32772713
2779985889
2779904151
62603613
2777152263
2778428490
2777743140
124246873
2779673497
169105985
58041660
2777058724
2776777511
2779008918
2780510269
2779281236
2780844864
2776817669
2779968886
2779859330
2781316733
31632488
53691452
2779206921
41554136
2777392667
2779362447
2780011437
2780493685
521751864
124667768
116930293
2778869050
2779680255
2779417135
2780397367
123909841
2780238192
2776228430
2777019345
153327018
12779971
2780181444
2778815957
2776772862
2777842544
2776561767
2780815733
2780885024
2778622061
2776942943
510893854
550829397
2776244152
2780419225
2778061587
162147138
67597806
2780929574
2777823014
547724660
109332905
75971821
2779720229
89267518
2779407556
159349004
2778357294
2780041860
99209842
2777769664
84269361
2776602711
2777182889
2779197124
2778760868
518528333
2777805881
38129911
42011625
2781188760
2776846871
2780173862
2775836275
2777772685
77779232
2779557606
2778493430
2778236678
2780314959
2776989068
2780005682
2779585997
124469403
2777090766
2777958570
107038049
2779877568
2781033979
2778931608
2780967398
2776998772
2776852484
2775992936
12772571
2781165795
2781296696
2780377493
2779746095
527412718
2777784223
2780227657
2777344014
1883856
2780446828
2779494657
16592111
138634970
2780476997
2778350903
2779566564
64032095
2781236525
15606402
2780857318
2780680736
105297191
2777724831
29275185
2776808766
2776323813
54531595
2780460762
2779562292
19638222
119478370
2777692947
2779054243
2778322451
2776673491
19694107
151645161
2777239683
2776167199
88382959
500809662
2776199458
2777831522
2780408887
2780053448
529099274
2776615057
2777919865
2781314025
2777477151
140082398
113202934
140024503
2777815480
2779481305
512209198
110732118
2776168180
2780867188
2776268818
2780286540
2778001978
2779385190
554936623
2779903344
2780990060
2776429423
2777336594
515810507
2781276816
559671405
2781149521
2778212587
2776578593
2777407363
2110046
2779415537
2780056763
2777291390
2777606521
51316612
2776288340
2777176204
2777852585
2778209124
2776170221
174478892
537575062
2780976186
2779365802
153563614
2779875129
2780409546
41930186
2781052904
2776118803
157572991
514793146
2779855358
35779624
2776519999
103631927
2780430683
2777914118
2781184030
2776190261
2776084321
199855361
17898014
2781179429
2779384089
109740594
2775880071
2776046745
531368461
2779803580
94922259
2779938172
2779695039
196459178
2776136082
2779225839
2779450441
2778440437
2776995346
125897455
29912816
20264512
2776168965
113706210
2776612332
2780500608
2776679848
2779113339
2775979203
507480362
2776879347
2776129765
2776769304
2780626637
192596820
2776571071
2779074486
89882409
9418649
2776645574
2775985010
2781200990
115286129
2777566476
191532456
2781042326
92936396
2778623158
529016102
2778734905
2778047466
2781359185
2779250424
59926129
2781202465
2781312946
2780551212
2777405647
118324347
2778012055
2780587734
2778808923
2776847045
2777817979
2776020796
43261797
2778035315
2780311055
2780851867
2779935029
2780614353
510560551
197099058
118739214
2779560394
2777626654
14224292
2779645844
2777042297
6791728
525065189
2777712261
2779236577
2779931409
2780284638
2781116046
2776844415
20182410
2780131337
2776329221
2777909449
2777131075
170752166
2780762088
2779529657
2778919644
2777540198
101411860
2777939231
2779837607
56949724
2776837537
116860108
2776057137
2776753589
2779734356
2780541107
101874905
39229457
177148314
2777985527
2781418004
111731309
2776543326
2779852992
37300365
9570540
2779755727
2781053281
2778882890
49718054
93109420
2781228963
76960060
2776502140
2779647382
2780689377
2780287773
2777661734
136708841
2780188709
2779702084
508168626
512779448
16393274
2780928465
2776299128
2777931850
2779550943
2776235519
2776139661
2778232521
2778983272
2778067023
18020764
2781447300
2776148049
2777407988
2777122794
203601557
2779313563
23185880
93258239
2780961426
164488363
2776120337
2776051586
2778766858
2778456462
2776254625
101097943
74992188
2780901477
2781095461
2777870855
32035068
2779900252
2776491101
2781246243
2781189430
2775890777
172421307
2777029439
2776140204
2780957015
2779255536
15055613
2777329182
2781021373
518381681
2781370049
2777037455
2781248968
2780723622
2779496140
2780113545
2776953226
2777773040
2780228044
2778848902
144225025
2778101275
2777757839
2778694018
115334453
2781149807
2781125926
2778198090
102314930
2777940294
174468945
8169947
2776580510
132083164
2779394299
154775046
2776648845
2780442303
2777629044
2777140190
2778188111
2777156737
2780015253
2778475498
2779061752
2801541
2780973413
2777056012
2778930673
2776299771
2778624985
2778572365
2776802018
2781369809
2776332860
2780730321
175610750
2780482670
2776300987
2776373665
534340690
95121780
2778233208
2778715165
86221900
2779343166
110437012
2781440703
2777396366
2776649282
158075948
141262573
2778322852
511561118
2778564397
4768521
2781338700
2777771008
2780386526
2779259811
177076380
2778172041
147174317
2779582209
2775938507
2781251240
2777898063
509904864
2779221097
2779464998
2780423516
2777168899
2777060639
29808475
2779549840
2778199974
80316690
2778145329
2777425089
2780275279
95124753
2778243475
2776620972
545245610
2780748902
2776968777
207467116
2776718200
115786838
2779305256
72342774
2776888883
131323648
4166729
2776401086
159019668
2781318388
92027692
2778176567
2780276110
2777056800
2779500993
75693778
2780387095
2776826785
2777762811
2776010186
2781067378
174594037
2777473763
2780446582
35512512
2779354859
2778873465
63808242
50852807
111360854
102687321
2777883949
2776864486
2777965449
7655384
145197507
2777572282
129400051
2777939226
121766906
36493902
2781254388
2776170846
2777200299
2778631398
2781069710
2777347909
152777036
2777034729
2780186531
2779497498
2777084841
2777090968
2780565189
2775956726
2778582995
176087127
2776212041
2777153620
2778644356
2776233626
2776786559
120504487
2778628071
2780588134
2781078277
2780487337
2780903217
2778457416
2781303978
46578663
1305866
2779968657
122979100
2781297163
2781087949
522180918
24726157
2778232030
177542618
183731113
2776567534
2781043087
2779398211
2777901650
2777708276
178350558
2778697353
2777199550
206721299
2779783953
94726928
161082625
2779445704
2780222536
2780330499
2778248259
104808273
29717899
2778983090
2777331624
143038113
2778321163
2778423519
2780057328
2781448962
26668531
2775952022
71447646
2781168864
2778207081
2776788908
2777755142
140688305
2776540068
2781307814
2776036464
2780243367
2777814307
95918357
134724905
2777371020
2780730585
2777826306
2776644810
2779793825
61123122
2780374007
2778078963
144806165
97421014
2777438244
2777890989
71008984
2777831286
185954173
2780366702
2776171021
2776459377
152862876
2775901983
2780671571
2777397688
2778092134
127547588
2779862634
2779912225
190795008
2777052131
2780815279
2776862001
2778991448
2781093997
2781169822
2779278500
13077596
522019977
134258482
2780680991
2779251273
2778628905
105195695
75291252
2779454909
2776086947
2777874935
5747526
179455192
124196974
2777114223
31005864
51064922
2776212696
2779388692
2776210022
2779041367
2777635046
2777001051
2779799767
153436346
2777516924
2777430649
168374168
2776007405
515933790
2776272578
2780054887
2777129907
53824489
2778538098
2778718127
2778734615
29152147
2780340372
2780211513
2777316413
71067952
2777154642
171607693
2776019780
512218843
107574306
2778511991
71301784
2779448473
2776752900
2781271515
46687263
2779505551
2777380788
2779758792
2778120384
2777535389
2778567816
60537178
2781390083
162996019
120079624
2779693441
2779652326
183521366
55507652
2777679379
2780726030
2780962609
2778278546
83725634
2779543132
92218134
2780816474
195237285
2780555155
2777185723
2779748569
2777400898
60083737
2777812360
2778672885
29441845
147052159
2778242568
65264089
2776093559
2776908351
2780470347
2779601809
2778274320
2778958804
2777710121
2778853817
2777063859
2779123455
2776324656
168668099
63985673
2777376925
2777075199
51530146
2776739561
2776546358
99055596
2780139471
2778744693
85476533
2776075471
2778895743
106002050
156998186
205531365
2777111664
44779857
2780276656
2780720250
2780127958
2779745191
2776380269
2778041145
2776453518
2780820193
59612404
2777263694
2778261701
2778767570
3962253
2778070443
535889608
79897977
519736861
2779361090
2778262499
2778854177
141036103
2778317241
2779449744
2781320900
32717103
8651855
2776828431
2777089865
2779657711
2777988929
2776714164
2776784638
2778609238
2781336309
53893814
2776990417
94817283
513568399
2776557979
2779996830
48220719
2779713159
2780642385
52572940
2780243202
2776100306
2780801025
2780000307
556447560
2777380843
2778459489
2776173031
2780293182
2776820695
2776836382
116856471
2780179555
2780282229
2776591672
2780906307
2779663205
2779302622
151110159
2777216529
2776807975
509334281
108305163
2778081389
11047344
2780446902
2776207921
2779144114
40231798
141685373
2778785217
2777299206
2778443833
2777673319
2776291888
2778325513
31084985
54990835
2776166456
2777604966
2781093879
206225690
2779471601
2775834536
2781094086
558624504
2776747129
2779706140
2777918744
2779824986
2778119357
2781320050
2779732322
2776138924
2778194018
2776967191
2781103023
2780810141
2775855419
101208852
74279204
2776864814
2776023356
2780437627
529988629
13417543
2777377808
2777605255
698414
147600691
86390407
2779715129
2776532966
2778014560
2780690037
2777822361
2776038954
2777409889
39045501
2777511649
29555322
4729504
2777095365
2778426761
2781405648
84933800
2778756302
2776401088
203945071
132983000
26252120
2779744715
129330568
2778539184
2777112379
65361004
2776601355
2778467380
2780398099
194105502
154951115
2780288882
2776397901
2778933124
48621419
2776327626
2776348924
192562157
2778496214
2779000539
2776876571
2778120921
135349781
558987187
2779198789
2778316158
2780497243
532629269
2777272215
12183850
2775831178
2778935963
2778660456
173871420
108247444
158077475
2779674459
2779192225
2776459770
2777616296
146990685
2779184760
2778782608
2781106240
158886217
2776898123
2779377209
2780296941
2778625166
2779770443
2778558389
2781381781
2778340769
2777855862
2776839619
2776161807
50971956
2779275786
526099995
555901321
2780609821
2780320707
2781334886
2777149944
2777094305
2778133830
2780715294
2780824634
2777776291
2777641780
103176879
207700645
56082419
12374801
2777789070
199176802
2780603611
196565101
19827469
2780510141
2780026432
2781374353
2778040306
168311149
2777559092
107269508
206000857
840598
2781228805
2779156863
2779075750
2780687700
2778083550
105162683
2780669880
538439097
2778900534
204017024
2776326467
2779447942
2778228885
2778585467
25867981
529934853
2778670972
2777521882
537492667
2779456401
2777202960
2778983345
2778550343
154130900
2779307410
516976414
2781185765
2781428741
2775864364
2779616014
2777195602
552366608
2778008530
198677607
66068277
2780982124
2780235999
53631395
95941614
2778575526
2778975239
2780901880
4016074
2780243899
2780981613
2781129162
2777854462
192083241
2777499333
2779934063
2780102774
40808061
2775968134
538221381
2779594674
2776309133
2779582884
2781258938
90133813
2779029129
2780892127
2780087215
2781082442
2781037632
2776699917
2781385575
2776779415
2779155215
2779077324
2780372667
174613046
2779873701
2780172922
540220403
2778674068
2779507581
504650975
2776992865
2780732126
556714606
185257988
131232501
2776553787
2776254896
2778422592
2780922921
506406654
2778225548
2777023888
184916712
2779049281
2779704627
2778617226
2778748047
2779060425
2780615203
33619721
198951751
4843237
40354285
508846811
2780495086
2778540133
2775903466
2779043514
2779388436
50227651
2777928497
2779361384
2776777688
2778410420
522210863
2776792762
2776757873
2779915796
2781418458
503380767
198942812
2776962759
42475264
142694845
2780755296
2778031415
91359706
2778171255
2775836239
2778177712
2777553293
171878848
2778115199
2778887610
2779526149
90293357
2776725116
2776469571
2778512971
2778672757
521822307
59650362
2778699820
2777390033
2779488262
2777836239
111330293
2781176392
2778906185
2778782238
540743153
2780826385
2779191449
2777633432
2779520441
2775976092
2779969473
2779376186
2778073399
2777923706
2777023729
2779826689
2781213977
2776871336
2776405206
15739087
20832175
2780980127
2780264097
17350324
2781221683
2778924419
107330924
2780968560
2776978643
2780995540
171120643
2776889054
2779762310
121242521
2776934568
2776476641
2780993137
54606885
59430087
1014953
188175952
2779017958
2780855081
150993337
2777047479
2777639046
536407677
2776939715
2775842373
39296692
2781403456
2779281555
2776563008
2778651087
111472728
2776841923
2776888216
2778632338
2779637460
64357122
2779514185
2778287207
2777887135
2776405528
2778476486
2779624425
104453602
2778306725
2776609569
557599240
2776230583
2781111822
532726627
2776000738
179380773
202221450
2776132588
2775841638
2779921726
2779674743
46327701
2780536436
2780178242
2780046917
2778129898
195975749
2779298289
2778063957
2778171436
2776815562
2779563990
2776139115
2778498683
2780590873
2781111875
2780566098
201717286
2776106356
2776387689
137155000
61305367
2779289577
549564607
2776893402
2777864693
2778109090
2780868508
43540301
504113918
2779185416
112546961
2778037279
2780134312
8137504
2780656849
1403809
2776442084
2776207355
552233415
2780109701
2780282689
2780135946
2780634401
2778179030
2781351940
160840059
2777022947
2778202490
2780699622
2776244963
2779804580
2780536577
99878080
2779602548
2780633498
2777764317
26921437
177818626
2777883992
69562738
2776556288
2780245921
121649496
2776508292
205647998
2779664303
2780967928
60048801
2777268458
74086019
2776550850
2777339959
2779437392
166088908
167355981
183322885
2778552413
2777845548
2776385950
2780038261
64999355
2778113424
2776254921
2776452449
2780458543
2779501967
2776596289
96810749
2776675088
2780882916
2778869455
2780059077
36790819
204034006
2778999998
2780127627
2780691155
153924320
2776377561
2779264503
2780744900
2779841392
2776827202
2780648864
2776433771
119279833
2781197407
2779356726
2776776404
7477976
2776346913
2780586714
622187
42997797
114777539
2778219340
128913409
2778061669
2775918448
2778079640
2780708138
145710725
95012187
2780759446
2781140148
129004444
82996870
2776374080
2781462180
36629368
2776576672
186172952
2776987054
2777149381
2780928242
534091647
2780423466
2781315948
2776037135
2778324240
2779729529
2780927682
2780845164
144588120
2780564088
2779271964
527923745
2778374610
2776602811
147451266
2781171224
2781358793
2776160466
2776517288
2776279631
158324025
2780303468
2775837122
2777967091
2776489847
37734731
2776179120
2775944970
2779714900
2779651178
2779761823
2775948669
183920142
2779513322
2781424814
2780838449
2779779913
2776821010
166374712
27508121
2779759676
2779055115
38736683
2778412241
2779009331
196384479
92859348
2775912260
2780945393
2778364576
2776672455
2776551656
546175201
23567780
46544778
2779791403
2777415597
45412869
94124525
2779499895
187412358
2776166835
2777546891
514433928
2779388314
2776691882
2778514057
2778750669
188191115
2780895195
2780954995
39308869
2778099469
2777612208
4947315
77452539
2781084795
2775966095
2778033013
118562606
2778153632
2780561399
2780362631
2778509408
49423321
2779355935
89726949
2780580791
97352617
131598440
2780031578
2780409804
482391
195732255
2780112918
2778522002
135756266
559951472
2779699366
2777151695
2780611873
2780628796
93173128
153668287
2777248294
2776053703
68027328
2777364442
2781415766
2780054298
2776154140
2779025620
2777841019
120926136
2778906372
2776912207
2775903386
2778473192
2781256833
2776767288
2779357210
2780926645
2778582107
2780403423
2779815430
154438410
170879859
109901321
2778689934
2777129697
2777470859
2777069134
2776935111
31416570
2778619401
205310680
2781074996
110217133
2780023588
135909387
2778516662
2780080868
2778724153
189807693
2780434303
2776275044
2777147903
2777762164
2780239891
100234860
2776765754
2778953673
74551802
2778894027
2781100315
2776182290
2781287664
2780208442
2780910867
2781331189
2776885079
2780833856
2776702112
555463525
2776250625
54794346
2781014113
2779353889
11693617
2780793853
553403698
2776208238
2781357542
2777598908
194735353
2778000619
2775922123
2778750675
2776188517
43211506
185994504
100384552
2776802951
2780518500
2778674018
82773504
2780803345
2781354396
2776940344
7044111
2780804105
2777801307
2777717190
550972600
2780196889
2776988655
2778815305
2776814498
2779271205
2776718132
2781055451
2780112241
2778826398
2780832261
2779089604
84515081
2776021637
2778566998
2775911240
2780834931
2777853878
2776180966
2779550666
2777168503
85543514
2779173250
2781006178
32577734
2779321184
129671850
2778963634
2777524225
2780886089
2779120887
10869588
2777937531
69682942
2780249654
2776597576
2779810391
154317770
2780887180
2775883487
514301927
2776304521
32303920
195959119
2780440048
2777417228
2779352693
2779841105
2780332307
164622146
2781294033
2777954218
2776063187
2780328043
2780276568
552651612
2779353718
2777412828
2777958245
2780949617
200113983
47355124
206518492
2776068307
2778223852
2779691959
2780323112
2781126536
79807453
2777135964
2777009329
524244815
2779021329
38593612
2780746060
2776742946
125468537
150969830
57040075
41555743
2781017021
2780847895
2777584219
2779289843
2780400221
2779052413
2776215361
152385842
2780567853
2780686234
2776041365
2779609600
2780556622
2779625045
2777345323
2777582232
2776006967
2776813860
2777175534
22536674
100342038
2780070762
145333580
30038468
2778828898
80864568
2777918670
546869992
2781443781
2778435302
166052673
171525899
2780328347
143857728
161687759
2780531730
2779190273
2779889077
2779841928
2779332461
2776412729
32795567
193307473
2779825639
2776306927
2778996222
2779264209
2781455923
193139828
21784828
2780263535
2776581236
2776516833
2778330892
190529437
2778131206
2776051142
10180917
2779388489
2779162460
2778114852
2778340383
2777916050
159719751
2778610777
2777543607
147280399
2776748440
2780216246
131113695
139764802
2780620541
7707877
2777425269
2780795154
2777949881
2780498816
2777862771
2775945889
2779136130
97785843
44975151
2776111965
15625315
2780480999
2779997758
200281595
2778832681
62291451
2781104887
2778219744
2777516667
32276052
2778082380
164602246
2781397288
16626279
2777516513
123850451
2779991137
2776835344
2779194740
2777000646
69460902
2776069381
120114455
2781352654
2780844005
47572514
2777548963
163467637
2779874056
2779211743
121017423
103621254
2778525397
2778015845
2777841619
160289920
520798596
72144286
34670494
2778983918
102940268
109934786
2780178530
2780132990
25764329
504744487
2780401259
2781001097
2776256747
24001782
101472996
2776084483
201089411
105153381
2776041663
2776400333
101039331
28740681
2781122314
2780903044
2779251642
2779726349
2778682666
2776391222
2777080838
73686799
6621654
2776901406
2780004948
2780862232
2776740804
59420728
2780099533
172656115
2781018942
2779566859
2779575534
2778846185
34660941
2778569360
2778650244
115148765
2779787761
2778098723
538467412
2780359275
2776113305
165816108
2778844969
2777666131
2776661183
1066422
2778700574
2778902156
2779599092
2780292757
2781123563
193739287
139053684
2780009769
116836812
136197465
2776285913
2777255418
2778561936
2779242393
2778511840
2781192220
2776218373
2779286777
2781217062
2779298893
2777973669
2781064219
2779618155
22203049
2781179430
2777344117
58268384
2779785697
2776788928
2780228883
2777617186
161726879
2777694277
2779775911
2778057503
2780731790
101199243
2777796450
2776906247
183703185
15664550
51003651
77816175
2779452734
2778758649
2779517560
33300578
2781032008
2780765524
27549733
87155989
2777016846
2776465043
2776251291
2778256404
2777620812
66332616
2776228482
122179226
118130439
2778296460
2775843408
528214714
2778169107
2777855571
2778000800
145038440
2778690056
187745722
2778184401
2778849394
134470054
190136086
2780573377
2780285658
500391681
2778423399
2776500886
32459647
2777073172
523419034
114429787
2776373572
2777556174
23749462
2779503449
2779259431
2779082660
113898173
2776794492
2778167336
2780359414
46087187
124040477
67354355
2776579649
534663127
543632318
2777944355
2778526969
2776974305
2775989689
514839276
2776321735
2778107746
2781411466
541501130
2776150903
2778081120
101268889
23564883
2779533196
2778898678
2779906361
2778636038
2776786135
2777274928
2776376964
2780382092
2779098083
2776343082
13184196
2781471440
2777070667
2779104992
2779546290
2780726924
177734295
108812129
2778771583
2781328660
2777309497
133051740
2778509916
2777765729
516765717
2778757785
2777237636
2778982543
2776134746
2779859641
2777682547
89924895
122424190
2779930064
2778024085
2776568922
2779807398
2777132994
2778505004
2779308406
2777669526
90301978
182268663
2777913237
2778119611
2779522701
2777189716
55520563
2779106128
2776574911
2779352702
161394823
2777383430
66110749
712527
182548165
142456435
2778323964
164856342
2781300170
2777306931
173561787
505529905
2778236433
2778400803
2778900764
2780224610
2777054061
2777685122
2779751686
2779320286
2777750946
2777046971
22457304
75263164
43617652
2777649052
2778895375
2778949450
2779937246
2779682715
2776725575
2781411076
2778144432
2775871296
2777970470
2777865778
26000529
2777996248
2776761784
116631538
2779290080
74985258
2778070021
2777950299
2779877383
193150349
2778836913
2777834912
2776264569
2780569718
2775896093
2778251051
62485664
116757783
2779621813
2779599078
2780016159
197267174
44900524
2779887746
2780295577
2779084794
2780138783
2777387522
2781460901
2776844748
2776904630
2777252292
2780079959
2780537764
2779271020
2775857385
2775933656
10756025
154949211
2776120441
2777432744
2778107049
2779256710
2780238770
123998060
95334517
2780857698
2780273408
2780279293
2779421831
2780393728
2780488706
186528591
175226303
2778452634
181418163
2780363377
2776299749
2778429257
2779926162
41132520
2780770327
2778386079
2780843457
2777613132
2778902082
2776633304
2779474568
2780927497
2780922713
109821676
2778486338
2781196605
2778070585
2779001188
28076734
2777844037
2780319176
2778701750
147725549
2776385180
32063984
2780911997
81868936
2776132995
2780353743
137584468
152903377
199800338
2779852845
9114305
2778364228
2777348812
134606029
2780403164
2780124746
187268509
41895202
2777772617
2778254521
2779737182
19891933
82807822
176954437
35797730
2779870438
192742923
155549522
2781420969
2777518490
2776061906
2776188103
2778430885
164483853
2778662435
2776611523
85175973
2779140378
2779871620
83160066
50842394
2781177898
2778547233
189135316
2781445333
2777249218
2780712492
2777468714
2780016070
2779997395
2781418482
2776343595
2776923984
2776690004
2780811188
2776060503
2779190543
2776651053
2780654526
2780769407
2776477918
2778370464
169160829
2776842099
38784014
2777520949
2779180332
55343584
2780799095
176637204
168772968
2779190349
73313187
2780855385
80540423
2780796305
40455488
2778809613
2780127507
2775982285
2777688926
102740695
2780818035
2780826586
2781413104
2779648490
2780522320
4856287
2779630429
2778884160
2778091789
2781383708
82591158
2778671185
2778986595
181598458
2778544142
143025027
2781051154
2780455572
17756789
62028735
51022771
2777204889
2775872102
2779403371
2778787505
2779370587
2777726600
2778525515
2776948336
2777075061
29598333
138465053
2778216609
2776540116
2781458711
2776373646
543933250
2777657286
159608614
2776616971
193656293
77034820
2780906257
2777852159
2779416491
66659418
176832844
2778643427
2779783995
20881042
2776728070
23924245
46610780
2780945533
2778878645
93285893
2780252168
2776379546
541257376
2779576792
2779540903
2776425324
58250639
16566560
102793881
193409952
2780846639
2778174759
2780462612
2781196857
2779581660
2776324051
2777121106
2778336558
130470419
2780653059
2778007780
169655244
2780120261
2778035285
2780130129
2776400542
2776460941
2781228114
559265119
5468625
2777997173
2779576378
4165620
2780883212
113194728
2781166333
2781282552
2776308226
2777146290
2778873829
2780865844
24924255
2778047618
141630435
2776105995
2779241122
2781301813
2780638030
521304379
2777299946
2775918947
2777745013
91802169
191530213
2776995859
25414623
2778981078
39305048
114527435
2780340563
2776332422
2781051092
2781316544
2778884925
2777930830
2777204853
2778851091
2776107512
2776187405
2778803570
2779814391
2781016793
2781334305
2777016375
31890783
2779628607
2779035134
2776553115
122552755
74256435
2780014369
2779643390
2777927769
2777327839
2777363107
2777523189
2780727272
2776252233
2777154350
159032367
63830546
2776155558
162492402
2777420091
2776253930
43443148
2776931966
2779961049
23222343
199837984
2780782946
2781448352
102213258
159619879
2776926597
2777465203
2776812111
2780633957
2778367287
2780670222
176658682
2779570750
2780328332
2778313425
2776016491
77243148
2778128925
2776951763
2776352001
2780797712
2780935663
2776394193
2779039680
2779337493
2779173956
2779923487
191026983
2781403703
2776253539
2777034458
191485041
2780512113
2778399128
31740491
2780787355
2780062392
104696221
115163371
150801385
2780910195
2778360479
202087621
141611573
59415355
2778574215
2779227343
2778725880
2778741333
2777516012
2776320324
2777332535
2778346408
2775972357
13553968
2778324560
2779700719
190177333
2777296318
202225747
15123163
2777603413
2781180856
2776758234
2779123260
2776802312
2778208293
2780816311
192979151
62388275
2776933227
2778012584
2778741246
70721018
2776091731
2776475466
2781153986
2777037408
2779186368
2779251866
2777961210
2775854327
2779645074
200242193
2778880570
2779346198
192935236
2779379655
159493777
11044772
2777505030
82775222
200610012
2779368008
2780090376
2776475922
2776341074
2777518852
2778661947
2780720776
2778912397
158885319
127529518
2777937073
32620420
2777878979
36193161
2778167880
2780997955
206321295
2778232320
2776937228
114860340
2778077470
83694076
2778357065
2780964838
47188148
74761481
2781404914
2779289685
2777996484
2778581931
73333073
43487242
2776986906
2779038673
2781123207
2776795254
2779100555
2764733
2780755209
86602344
2781192436
2779685156
2778901235
2778475361
2778875743
2780684714
2778099277
521468368
2778950361
2776029888
39896673
2777190244
2780482755
2780049643
2777812021
533356498
2776620684
2777288969
2780540808
2778472048
2780493184
190839978
2777899809
2775936316
2777588599
2779120313
192177671
2776516570
86031905
2780993501
2779789707
2780346273
2781163239
194926167
559283250
68333046
2779820079
2780607115
2779519440
167055898
163979832
2780763722
547514534
2776218795
2779442584
2780195813
142502113
2780709138
517673595
2775838615
2777452564
2780934502
2776452132
2780378701
2775987403
2778710450
2775935561
101997407
2779439875
2778708901
2776676360
2776228585
183931641
2778463583
177164792
2780693112
2779927648
201020558
2781132184
2776541330
158203
2781185075
169160293
2776685072
166007726
2779324643
2777613382
21847791
2779415299
2777168241
2780995451
2776082902
2776712755
62623612
2777125295
552871202
158589558
2777202898
2777744967
2777672694
8786535
203801776
2778894481
2775866664
79500916
2781009872
2780741963
2779782945
2777688565
76050143
2776769935
60485416
2777062546
2776051209
196749747
49906088
2781430991
2779608938
2779754692
542772349
2778203740
2776612492
2781035248
2776639931
2779703769
2780549715
2780165033
172902620
2780305481
2781129577
2776024573
9095661
2781357290
2778628947
2777310945
2776438060
2777814119
2777354637
2778384578
2777274200
2778802753
2777621585
2776417252
2780139175
31969896
2776298643
2780386941
2779052005
2778044448
2776291646
98369314
2778681481
2776711916
154257082
2781296219
2777310278
2779034553
2780448505
194583477
2775860122
2780246571
110361221
2779279327
26022165
2780632572
2777853084
2778789064
205484029
174252522
2776761408
29434407
2780380463
547195049
2776269449
2776217446
2780386320
2776401104
28063669
2780712339
2781222467
110441575
2779280630
2779449792
516295512
2780781643
2779375070
2779588288
2776771430
101083039
2780193669
119003275
2776538412
72633213
2780685902
2779425070
2777555135
2780024959
34584499
207390915
2780339230
2779484273
2776018766
2777803938
133979268
2776755732
2776752954
2780160509
2779167357
2780506094
199170498
168072608
2776252759
2779867537
2777271285
2778643841
2777653619
2778917582
199353437
2780539099
2775954983
2777328091
104727339
2776981583
2777713127
117139592
2777393896
76675376
917703
2781220732
106180697
2776456211
61783943
185325338
2776656446
2777581119
161167727
2781306815
4891637
2780623531
2775929912
2778043050
24214604
2776326447
122554437
577917
2776618805
2779017730
2776086038
2778428488
155721353
40733740
2776390454
2780025005
164940777
536953338
2778216058
170494952
1813318
132916221
2780332588
191563868
2780842949
2777064852
2779364818
2780156346
2776222752
2778000110
2776737515
2780097608
2778004804
2779899106
25376699
2780029045
2780749254
2776152737
518489957
2779091070
2775842952
2780024548
2781220505
155643123
500621485
6434929
2778822394
2776962670
176739142
131897575
9765240
174714178
2780045284
2777886134
64136018
2775847123
5959244
2776707394
2781347791
2777227123
2777252154
2780951463
2778586271
2780173731
63760244
2781030298
2776722139
35101386
2776222570
2779881370
2778464370
2778262255
2776007265
2775921401
146956069
515636220
2777903466
2780009483
2778589607
38312388
2778170955
144455579
2778412125
2780112663
23189370
2776413842
2780351553
2778006492
2779163945
2777748543
152212766
2778411557
2780695790
2776239738
45825650
60961049
2779466056
2778473161
2777421782
2775932868
2780312168
2780273979
2778350325
2776875260
2776268615
2780013079
165386060
2778961321
2776455348
123079801
99172554
2780879313
2779039943
2779269891
2780030549
2779877585
2779561316
2777065082
2779877455
2777041938
81205273
2778470007
145521091
2776866485
2778803491
2779912630
2778120072
2777288448
2776183884
137683994
2779459907
139058780
2779549386
2779408481
157888661
2780051243
2780942030
2778524293
181126627
2777147381
2780463767
2780589076
182325601
2776110084
2776294082
2780749805
2777246787
2779065236
2779818758
2777084529
149997363
2778741388
2776728590
2778187311
2780254760
2777280073
2776868495
2781350402
2776002388
2781396147
2781244666
2779015675
544040105
163336983
2779926658
101943168
63882131
118406814
2779768198
2778594752
107364680
2779470443
123307717
2777853303
2779673319
2780606411
2778249265
48918747
96885535
2779169209
534701709
2781089876
2776839577
2781256046
2779310571
2780558819
2780904753
2781199925
6178322
2779746502
2776900844
2779916678
2779728314
2777744735
69118069
2780112879
2779882884
2778035492
2779684384
2777938576
65059942
2777723712
2778404752
2775927501
92928450
2776143220
2779373379
2781395576
2779481255
2778981946
2778033127
2778747078
2778802261
34399555
18296254
171078966
2777114313
123353603
2781008639
2777387315
25810664
2777157058
198912144
94155965
2780965658
134510687
2777721258
172205122
27706067
100516043
2779517871
2777043574
34849589
3790590
2780641156
518409739
2778364766
2776563106
2777730888
957247
2775920085
18563106
2778209750
2779038801
70668095
2778789863
2777866547
144448551
2780916297
10559278
2779394864
2779732132
2778738376
2781163068
2776196174
2776469307
2780498935
2777706694
180642779
548047175
172173919
160843493
3954026
2779922089
531092299
2779485191
2780120184
2779192642
2778173332
2778467047
2776169825
2779627614
2781026342
2777374296
2780477042
70821258
2779353431
2777957826
38721330
2781106009
141121606
125123772
190539079
2779396250
2780371621
2778515327
2781177100
2776729707
173890291
2779514881
104460796
2779874283
127640147
2781096109
2777062324
2778606982
2776114601
2780886549
21190884
2778970230
122675076
2775898829
100625263
2778679993
2777879166
2779035016
2778602936
2777361172
2776273917
2778239320
533960469
2780443449
4280144
2778495382
72603227
2778095458
51764019
2776879112
2777708924
88764529
2776481267
2780733217
2780748028
2776972809
140067609
106111739
167924933
2777018559
2779702417
2775876935
2779231712
2781090501
10038465
2778253002
2776173241
2778273856
2777525546
153899047
38706069
81939152
2778467562
2776180613
2777967642
2778072041
2777237084
45457892
2781323275
2776190567
2778959255
2781071268
43026620
34924758
2777312711
2776505859
504828331
2777694342
188370112
2778759611
51802942
2778256192
24184978
160131679
145224894
2779129560
116081451
37725368
2778484765
2781338808
199159893
72054179
19876963
2776342287
2779095079
18998212
2776479628
2778154381
131053937
2778511110
2776704213
2778518554
2778052178
512173164
23929507
2776146041
2780416511
2776285448
2778400535
2779378784
2779181267
151034481
2781063710
2776402256
2779854325
2776945622
525925914
2781301407
67448173
2776224119
191920559
2776363751
2778867958
2780324931
126420284
2437467
2778488155
2779962950
2781199281
2778426433
2781467983
2776971825
52682767
2775830893
37586779
2779857780
172265290
2775877237
2777173616
46947095
108963864
2781107918
2777172451
2779553412
28999903
158156245
2776851415
2776934517
39982344
2776040727
2780814911
154866265
10437098
2776451536
2777975361
2777852031
2776026243
190040717
2779325935
2780854173
2777067858
2778356655
2780638523
2777630123
2778962823
11594533
2780958955
2776989080
158525013
2777977159
2780755776
148934300
2778649594
199368145
2776787332
2777615756
2777961806
509263881
2778314206
200103564
2777257904
2781447436
2777642646
2777472192
34048319
2780583685
186393131
2781371907
2779459371
2778474486
12124837
2778494365
61090570
194715964
2778329345
2781181273
2778189549
104319648
2781161205
2777630397
2779580342
2778419774
123184418
2779841415
2778591524
153251951
102912713
139614842
2779651770
2775892739
2779172666
31889863
18280738
2779527812
2778249045
149702081
2778754165
2775888883
2781082764
552218604
2778611045
2776038179
64780953
162811338
2776675046
7280424
200578983
2778113812
144218379
2776696832
2777970557
2779352558
2779779717
2777625896
20434021
2779790919
2781009399
135584619
150898382
2778832884
2780779852
2776734462
2779858362
2777842347
2781271322
2777766008
2780144314
25224130
2779066517
2777269513
2779249667
2778120531
2777914595
2778993365
2777514567
2776097506
23536024
147666452
2777629440
2776601221
195223493
58486684
2777464443
2777030201
2779577889
2778811309
2780177606
2780798557
2776242167
2780487744
2778387676
2778831545
2780242068
2780687861
46808490
2776650110
2778946309
2777572146
2776015606
2777628758
2780387112
21695614
2779997400
2781225605
10187730
2776800370
47401133
2776527531
14156362
2776557202
125392659
85884249
2781003183
2780544568
2779660204
2777255658
2780653189
2777925058
2776701069
187062135
121934690
108650721
2779724534
186701620
198018305
133451454
2781442432
28213024
94599405
502338164
2781167124
96089941
2778106890
2776636798
2777570220
2777140566
2776506085
2779683550
2777365542
103683099
2776735564
2777063521
40305131
2780267349
2776385799
121784555
2777264335
2778526241
2777350397
2778390873
2781167053
2778099038
2778470301
2781374229
2776830445
2779933813
2776381358
2776423364
2778746772
43252294
102299578
2781145358
2779062471
184766320
2780309096
2777213999
173366509
2781455918
2778657113
2779996121
2781126507
2780210503
2780757555
75923793
2778628490
2780355671
2778727098
2780752199
2777464261
2776220353
2778459804
2777747462
2776665727
2780822299
2776710417
53764606
2776910264
2779872940
138954614
2778178463
189523977
127573956
73059102
2776419643
198087647
2777485578
2778811078
2777133687
2778748359
178985255
79585631
92797178
200349312
2777314847
2778714702
2778492088
2778160854
22033958
2779049554
2474386
2781063479
2778274715
2780662992
127447990
2775899499
2777674429
127982929
2780648184
2777282623
2779786121
2780200193
2776232099
2775968391
120012220
2781343547
112700740
2780285414
2779737780
2777810175
13606891
2781358778
2779658151
159789966
2780867221
74039378
2776871655
125917372
70817611
194571859
2777001911
2778783387
2777634866
2777931149
116190364
2781098859
2780150113
2780151220
2781345874
2779085260
2776280420
69098903
2779973357
2781313142
54369085
2780947585
11681689
2777222677
543223122
2775955634
59985594
2777805785
2778871930
2780557487
2780824593
39387531
2775966193
2778945725
2780306242
2779936901
2776636416
2779521115
511723319
2776848616
2780982493
82991006
2781417400
2777343490
2779935494
2778541215
2777206022
104636517
2777490171
2778362845
2779133954
28519872
2780720425
2776140350
2780759499
2780231029
2778951003
2776166716
2780619189
120357204
2779965458
2781197829
2779078659
17859611
72923350
2776813195
59204639
2777622425
97160269
2780638938
2779863501
2778463278
2776117504
2776975511
2779730394
114010052
55123268
2779563453
95648434
2777693082
1370556
2777708092
125482301
2778667932
79053195
65316654
2777568999
2775893709
2779830402
2780089664
25597596
175737817
2779629836
2778529423
2780038714
2776679631
2781228064
2779967845
2781078310
2776600242
135784402
45705982
95930697
2778570934
2779558830
2780035587
2775874066
179428456
2779736302
2777613908
556340858
2777129364
503158894
2776775267
2776746660
2779127450
2777898490
2780663778
2780213992
109568592
2780836777
2781439214
2777508679
2780565519
147844941
2776670338
511192102
183390716
2780787791
2778687783
2780400262
33640556
2776782905
2777429195
1220278
2776499003
2778486474
2777736365
128979739
2777125852
2776469841
170001528
2780556216
2780827812
2778284071
2780889181
36597679
135493535
2780702060
92997655
9299846
2778744346
2779881430
2781001019
95407459
2779962487
29438290
2780634069
12575696
2776002634
2776676889
2778423080
2780112839
5263885
2776784864
2777070252
2780096555
2780819805
2779817285
2778546925
2778788540
2779545191
193088012
2776403107
2780565504
2780839723
2775914083
2776272297
2779159755
2778664903
2776507951
2777752992
2780784436
116658454
131377753
2781179008
12761454
158215666
2674912
2781388218
78148190
2776942909
132751094
2776225655
2778264238
2778203348
6143354
56814567
2777616528
112113923
25613136
2779728303
108004873
2780907072
2778059182
2777602745
153683151
2780582139
2779219072
2776542101
2777776784
2775884164
33395809
2780957641
2780553669
2778079678
62901249
2778325511
2775852101
117412055
2776038400
2778945044
2779918152
2776187449
2781061370
2779299062
2778181339
138388338
2777662235
2781176680
504583287
2776156003
2776234421
2778312391
2776269894
2776254715
168342798
2776325113
120599106
2780427888
2778679518
98717390
2781023794
42445733
2779798657
2777522546
2778462216
2778035467
2776365606
2777176972
2776929558
2779343323
114234335
2779129024
42608841
2868805
2776327955
85549752
207513788
179913589
167928373
2777606730
2778588394
2781057107
2777025665
2778030047
114121747
144516242
2776460414
2780788663
2777783167
2779932852
2779608884
2779939431
554519600
49044703
2776315932
2776574749
2781195209
2780829048
112813540
2781068009
112758219
2775921472
2777200700
178195510
2779754051
2780169266
2777808739
19617505
2778738651
2777890816
2779807078
2779901738
139007053
2778991499
2776445417
100065037
2777931748
2778110283
2780917552
2777571490
510557631
2780015519
2775860695
134400042
2777692818
2780001233
2776300105
2776204046
186855751
197199266
2777887772
2779973243
2778802680
2776041644
141728528
2781410470
23235847
2781088896
2780527955
78015137
2775909067
2781369933
21344062
2781109436
138456396
2778578247
2777003509
2777504394
2776912170
2779921731
2780039872
2779536161
76600211
46444599
2778071621
2776955628
115292632
2781289639
123596811
2778343357
2777061557
51247587
2778988046
2777637652
1807295
55949136
143254220
2781272001
2780553776
2780161310
2778142960
2776003610
541385259
2777362836
2778678603
155726013
100607858
2781439949
550838152
67479305
2780251801
2776426022
2776760863
2777805798
2780687005
2780667438
2778253778
2777038827
2777438675
2780183065
51566761
2776863037
2776053217
92004151
2781333471
171553443
2780210949
2778196033
2781267070
121375916
2777018631
2776012112
2779820166
116222747
2779260231
2777233101
2778563069
40359594
4875532
2779232459
42332840
2778773755
2779611485
504331141
2781049143
2778802812
2778236135
2780774126
2776528105
2779932918
5041914
2780117210
2779680435
142932270
559751720
2781168175
2777197409
2780145862
2780747901
2777666720
22833228
2776028218
550951025
2776618492
2779036369
2777094616
144090359
2779309722
2780008468
2776751804
553683147
2776659316
13888819
540481872
2778033633
2779240156
2777877833
2781064276
2776452283
44725695
2777828232
2779283976
107614084
2777792316
98224912
2781062125
200363104
2781147180
2776549542
198036527
2780746572
2779969485
2777740017
134141054
2778100348
2777830718
2780539865
2775866704
541956065
2780643076
2775970339
2778284500
77621944
29110201
2780708794
2780480986
2779768813
72848699
2780989915
13622073
54727825
143572714
2777239462
2779583322
121676032
2778133402
124304363
14977645
2779209813
2778418656
2781384814
2779311032
99747519
181641781
2775881490
2778894218
2779934976
142129184
90575768
2776809875
72392544
2780026211
2779739912
2780959481
146246686
541865764
2777761400
21174103
80875076
44885626
2775969488
4181513
2778177030
2780356890
2779983390
2776129495
2776277316
122581418
2780994620
141421991
2780280372
151714948
2781281779
26961564
2779858776
2776083423
2779443221
2776895363
2777693100
2777819028
2778453237
2781190774
2777947506
2781092145
2776759994
22060866
2777648981
2778292712
2779452199
78359825
2777009523
2780548151
115642632
187714233
2780343019
184066805
2778930008
2780259992
2781312538
2777311941
2776782937
2776591992
2780374381
96305231
37762161
2776732328
2776421488
83416667
183440507
2777987269
95167961
2779562685
2778537702
2776428249
2777107957
109043474
133743681
80457461
2776052105
2779222859
2780925777
2776428914
17039732
2776284039
2780970925
207096701
2778438982
118532733
136491662
2781133741
2778410806
2777668682
76728937
2776786040
2777154536
2776307055
2780702141
200928527
135687623
2777206034
2781101014
2780000184
2776377510
141715002
2777715432
2779768297
39095165
2775946569
2777062240
2779808786
161657702
87314876
193897990
2776034548
2776157080
2779050188
2776813965
2777560669
2780060247
2778152855
2776778218
79274276
60317766
2779025792
2781347044
51653766
2778604463
2780789983
3680456
2781275713
88706889
2781193659
521975472
2778097261
62931288
2780519453
2778307225
2778473816
193308744
529767740
2781232794
2778972770
23493016
2776810335
2781174339
192420165
2775895009
2780928219
2780787372
2777018564
2778081167
2777417680
57097763
2778418838
2777401951
84983115
2776475733
149122453
2777257829
140890884
2777431485
99802516
2776180358
2775961736
2781183223
2780080749
2779952481
2776509809
89656585
2776795620
2781314755
194146651
50718005
2776195157
2777198177
2778822153
2778823303
27668615
2781114768
2776564248
2781443236
2779740529
2779646766
2776242310
2777878725
2780555970
2777799862
511227900
2779575424
2780673583
2779212291
21563000
2781279446
71043370
2777696440
2776391406
2779509376
2776799296
2778287980
2779975672
2777672088
2776620057
2779342366
2777183392
32143645
16298940
2777628204
2780589868
2780154990
2779998662
2775950227
2776210398
2778133537
2780225986
2777275882
2776950111
196595271
2776802349
2778255315
2781271242
2780672667
2780803974
2781139793
2776591371
2780309578
503559017
2779115751
2776147494
2780507562
2776470791
2781049303
2780873359
195324797
2777343698
2779360518
2776209071
186072125
2777878340
2780939345
2777780553
2778228593
186108316
117866178
2780710577
2780230390
2780463753
2780687832
2778128915
2776576562
2779793952
2780960081
2780614097
2778508895
109168655
2776183910
2777599814
2779989315
2778543330
2777233796
2780011685
2778972612
85659524
2778974482
2777184882
2778764708
2778686955
182181037
113522999
10570548
2780581637
70777604
206133553
2776957530
93212258
2780248640
2779784295
82327399
2778197078
206977991
93422811
2776184052
2781391728
2777119176
125885647
30503445
2778937988
2777206158
174631178
2780401539
2777297391
2779364308
2776560929
192349290
2780296926
2778849158
2776171500
2778222686
2779022145
514254568
2779546984
63926552
2777353265
94805786
2778653666
2780032753
2778880076
170350167
2779123114
2776416421
201722593
2778827407
16925332
2778059708
110099512
2781118917
542647869
2776398200
2780120953
33174543
2781017103
2777733870
2776101359
126693752
2777139279
2778573578
2777505234
2779419272
2780108891
2776605952
34117410
95232854
2777040690
2778840072
505900562
2780358164
2778917851
200873422
104588195
2780796481
2776230180
2777293324
200738314
2779047912
558073901
2779736185
206440729
2778400925
2779310970
2776153579
2776170610
127916212
2775895297
2780439326
2776722302
2781422113
2778717175
2775895948
2778496058
2779612425
82289098
2780406079
536648803
199033989
2777096784
105056347
2780911248
20497413
50504679
2777084266
2780035574
2780121230
2780252088
2779652019
2778901625
2776159108
2775858120
2779403847
111420272
2777413171
2778595060
2780172217
2777874605
38022905
2781397450
2781115785
50648415
2776444360
47893573
2778826181
2775843773
51351910
2778383011
157150851
2781455497
29374924
2776300093
2775975196
170862353
2781289032
2778843603
2780847334
2780127479
206148683
2779308164
2778178496
2778894981
131892022
2777963317
2779464842
2779662586
112452455
2779959477
132730613
2781061807
70490866
2781306805
2779110449
207703237
141841376
1112411
2776303256
2778712213
75699723
522709068
2780779765
2779023502
2776938241
2778167647
123727644
140843580
2777895093
2776384844
2779245085
2778244774
2781217759
2778278047
99131961
2777870890
2778077545
2779371347
217582
2777600848
89774696
194051139
2776658975
2777530160
11742125
2776050585
2776155600
205959760
35057381
2778258773
2776591399
2778136018
2776045127
2780734519
114825156
2777556145
2776551199
2780727476
2779835704
2777328920
2777173567
2778574542
2776388438
2780256294
2777051285
2779263289
2776821773
2776335402
121894898
2777125575
2775946867
2780991396
5842335
2776167085
2779428770
150355047
2777005187
163928584
2776711086
143635891
2780323444
126817052
2780125367
180491462
2777607114
163765913
2780676906
2780697244
2780172107
151314351
2777456522
2778963535
2777522676
41004117
2778023277
39890363
2777670874
495280
45739193
2778266495
2776454286
533100261
2777549822
119880025
175084142
2780814625
2777302800
76717236
2776123531
2777347937
2778546116
2777591323
2781306378
90659851
2778196294
62737587
2780220324
2780069787
2779561248
12974396
2777534032
124969852
33754091
2777351920
2779869162
56608182
101189729
2781100090
2777701958
2778447413
2778864722
2779403001
2780851170
2779182803
2781118881
2776394418
2776460390
68322580
57525603
2781019865
63179974
153606108
2781176614
2776215170
2780080920
2777852472
50379869
2780599877
139172840
27382709
2777890878
2778949116
2780241804
2777967822
2779234418
2777505228
2777844101
2776626494
113021338
2778364563
150608813
2780680706
148514108
2779730622
2780797879
134903439
2779401757
2778791037
2777159308
2780375601
2777516927
2778030480
15262923
39489675
189667701
71675047
2780102689
2780999483
2777172001
2776530160
2780581532
2776769742
2780760510
2780284896
19606258
140776533
2777741852
2776300258
2777473361
2776367170
2777825484
196017715
2779712142
2781413170
2781087576
2776949008
178288346
2777266005
558565934
2780736646
2781066512
2779556004
116219795
2780246585
197714242
2778605757
2777253655
2776451135
107245939
2776858562
2777055413
523496792
2779281139
2780480851
2779582041
2777403996
2777935057
2781304179
2778737978
2780730450
2776858741
2776662206
180182882
28254050
2780833223
2778360567
2778902724
8077954
2777491935
2777049673
2779938073
2776062300
2780021647
2777162533
2776214188
2780370438
2780958375
2780630482
2779120514
2778729604
100598020
2778535009
2778055840
199381693
2776892627
2779631151
2779326122
146503098
2775995913
2781173495
2776784934
2778505783
2781433640
52959194
2777825635
194078274
2777841811
2780821115
2778287930
85940911
2779976447
2780493683
2776460171
2778763528
125228749
2779215023
2775928193
67614161
2780299395
553929369
2777258676
78955940
2778500476
2777499344
2778903437
