2778021094
2781356818
2778335291
1975866
548047175
2779626945
48236270
66540979
2775899717
59177520
2778717104
169505271
141983198
124576691
2778525767
164089938
79581498
2779517048
19807395
2780546526
2780549625
2776732386
2780083274
65917780
2781383829
2776983907
165377118
2776278516
62158283
14279187
2780423182
2779310046
133877212
168820927
199730722
139658958
519441137
2775953923
80981068
2780078593
2778367292
2777893444
2775986993
2779495635
2780237662
2777625943
39410599
133570717
179458375
2779522259
2776323964
2776326889
5322026
89295123
2778274320
28621154
2779737266
147366489
142670403
512195291
2780361930
2779926508
2776990139
106500778
2778681941
2781147180
51040755
102866865
2781029362
2778355746
147345108
2780574069
41873427
2777414889
50676848
549258631
2780549046
2779509641
70564525
2780911369
2778525727
2781300351
180730796
2776100373
69068340
2778597325
2778863354
179893555
61028213
2779664716
41888846
135505074
117133147
14932015
2778609238
58661446
2779678500
2779748590
175781472
2781349421
2776879893
2780295082
2778559875
2778537623
2775848929
2779875169
2779443099
2777383379
2775834665
120221134
90226458
99927674
2777169198
2777069839
25761169
91303045
2780320738
2777310092
2781338086
21754984
2778215426
2779286089
2777108090
2777931350
2777372097
142122218
2780107530
79354492
181672929
166487716
2776563106
2780985968
2776734051
2776269091
116939711
2776679709
2779649051
2780938555
2781363350
106542901
2778848372
2776464722
2779454638
119879496
2781103049
2776933794
2780276656
2779172254
136808125
158739034
2778444831
159315249
12780434
2778773026
2776385422
2777407139
2776949588
2776746915
26835255
2776341133
2776930917
49046031
203152839
2780028338
104196234
161061759
2778186874
2780521556
2779940164
2775968881
2780644172
160446445
2776161335
506626179
2778379427
2779506660
5021368
2780088643
2777038452
2778708139
168410860
2778395589
20046312
2780713269
2777801184
104562893
2778888736
2776568015
2780964609
2776616956
12729749
2781396355
121099081
2779792614
2776386890
2775953990
74792847
2779137508
2780071496
2775888409
2779923670
2780942884
38618358
2781109804
123749701
81646568
2778121904
52075106
80370480
2776605222
2779445940
2779145745
2777310698
2779041740
2777217795
2781116947
149578692
2780929599
114203453
203731517
2781155163
2776291328
143700406
2780745934
531593650
187394410
97688861
2779821296
2778826615
20489719
2775924744
98062152
2777617207
2776271233
2775921283
2776492188
2777801734
131509275
2778445563
2776176362
2776840461
2778936463
2777309230
58318585
2780044159
168702047
2778544182
2778431023
162062475
2777554110
2778429239
160576556
154807177
2780193333
2778638182
4518377
2777705742
96239309
2777728836
2779712976
2777462568
2777111245
29863660
2778290997
2780584134
2778200460
133382796
2779973342
2779203766
119691663
2780861936
2781449124
178485925
2779750879
2777174198
2777404726
2775867217
2777989319
2778897590
2779501808
7048811
182384465
2778062444
2780698032
163737643
76775654
2778707180
2775920412
2775969133
2781255771
198983970
2777610226
2778614268
80445892
73837440
2780069929
156163368
2776884238
98210915
2791150
32291908
115033672
91762617
91891505
91021667
199561500
2779471245
2776123490
2777989952
2777065640
120938966
158987294
93187555
2777994185
2777888504
2776298855
2779321931
56321713
156500297
2778194108
54005896
97778270
2058263
2777255754
51399673
2778523118
173145845
2777316002
138256199
116065953
2780708138
156858743
32460114
2778348119
22818535
162157250
2780724310
2777095908
2778274078
37222873
2777016846
2779574322
2780564719
2777141839
2779152076
2776206534
112889943
2778392113
78997905
2776964127
2777783070
195628872
2778761605
2776561332
160467669
2779145975
46578663
2779022522
2778589402
2779010945
51534473
2779822130
2781175074
2777152428
195154425
2779685929
2780229023
2779465454
2776819286
2780119702
2777275997
512209198
2778653791
126377977
2779268921
2776206649
2777959695
2775999090
101716001
2781352634
2781299629
143510601
2777452410
2776421871
21639389
2779750815
2777928319
7028197
99502850
2776649498
58084124
133204551
2777272424
2779830833
170551777
2778005183
157576080
2779488834
2778205265
204832983
2776487148
2778643509
2776955331
95082708
2780251801
2778483526
74646874
2776900311
2780418663
2779513960
2776172968
2781311425
2779059863
2781313679
2780157513
47950019
2778233892
2777247360
87547467
2778988318
2779054714
186977519
153938966
146294872
79279155
16057445
2781063854
103835126
55087221
2776251463
2778629746
2777959845
2778987528
2776994135
2776959102
2781354122
161920539
121012721
2777976867
10145767
2777331198
2776630937
118403371
2776445388
117842684
37999436
192343975
83874454
2780800308
2778912791
2779541432
2781278610
204279265
2776195636
192360978
2780408328
2775951321
175944049
2779185724
190771501
126292034
104896880
2778448628
2780396590
2778606836
16761115
57345437
108905452
2775928241
2779157431
2776302054
2778303260
100598020
81787201
2778480439
2780885499
2778325830
2777724513
2779208285
2779843774
2780270954
2779677577
113198249
2780910035
71800255
2779893167
2779879634
131082522
85946185
2778177180
2779714858
44435123
143606050
2776252967
2776299149
74775082
201923624
54457775
118621715
2776421394
194355084
16555956
2778206487
39343618
2779316378
110011009
2775860645
2779235823
2780355025
100185428
66282033
56235305
2779066997
2777691071
2780690803
2778740311
58237817
2780042802
2776659669
2777372882
2781375717
113036804
2779666575
2781061223
2778935218
202033160
204852536
3839877
2777129202
2776567092
2780056327
2777019922
2777599814
17450650
529988629
2776491191
2778410224
2779834192
199800338
16310917
2779419452
2779562292
2779413794
68693881
2777492778
52322663
2780874196
2777468370
2778699149
2776132308
70621619
2781289898
2778671727
121058817
2777657819
28322926
2779061762
2780958893
2780332020
973274
2777971258
122224866
45905007
2776294997
2778035532
2781281202
2778127260
518851703
2780471661
2780393262
2780230357
2777388442
2781083974
144359658
2776044262
2781184352
2776693075
152137633
2778165971
2780520970
2777783341
2780606388
2778063847
2779958362
90664946
2777928022
2779694838
2778893458
2776426263
142586254
2780615214
92722697
39308168
161067210
76758496
161034383
2781164490
2778517642
47279414
138456396
151957376
504846192
173657527
10574463
2781145840
2776885819
83662297
13280743
2781038401
50251070
2777218816
2780759640
2778356852
142675635
2779768919
2776333665
2776877103
2776021179
2780719944
47139338
22419926
2777251787
2776986690
2781121236
2776269013
2777705394
2781049373
2776618873
143128703
2780223435
2778936951
149767477
2780446542
2779374923
2777655326
2776209359
2775880808
2779336316
2776211105
139584282
2778608215
2779132455
2776444433
195817834
96793861
2777897930
2777636607
206477279
114245087
50450362
23302255
47137851
2777240189
192271897
109386097
2777167590
162336344
2776083886
2778054723
107888415
2780659259
197698901
2777335034
58024561
2775868508
2780626319
2778122324
79896159
2780206633
2778528218
2778390873
2777253679
2779512281
2781222033
2778778067
89858861
24337046
89052216
2776315268
3339587
2781185116
83009810
140820882
113203233
99143079
103268943
2776424678
2777723344
2775903386
162167882
2779141794
114445506
117353447
2780384427
44257564
2779063865
2780170866
110234634
2776155308
39295825
2777389744
2779323715
2776066327
2779401766
98133451
93760107
154238967
552438157
2780229938
2779639775
2778860350
2778385833
206554765
2776341489
2780971122
2778051646
134406370
160380606
2778286167
2779606844
14600163
2777061191
167887339
93103318
2780954655
116231623
2780860854
2778509146
2780439326
2776846100
2776319518
45298090
2779008105
2781232934
2780050931
2776549017
2777420088
2778901944
34117410
2777975437
146118166
173991790
2781104887
156928413
167163294
2777841006
2778717691
162725370
2778689363
2779148576
2781212887
32310276
2777558716
2779658800
29278236
2778582222
2781382152
2779735278
2779949491
2779063950
2776892601
175014982
2780709701
508106653
156202196
2781198692
72822464
2780219775
2777772562
179454799
2780463228
2779676171
2777695644
135502462
142669682
2779721173
2775892619
50744240
100988078
2776189454
119517565
2775960385
2779599594
2780842929
112058002
2780619189
2779507741
2781305961
2777350617
2778455436
2779329808
19421289
133967507
2780237831
2777087718
3673715
2779819975
2776803441
130919523
99611785
2775921910
511782119
2776284651
2780060008
2778726537
2775945452
2779704454
2776126810
2780502552
2776081442
202941707
2779390065
2779792997
2777490255
2776008903
2780090112
2776217272
115314567
2780932040
2780508472
2777289847
61056293
2778600090
2776481131
207699401
2778220342
2778155231
9777977
84130051
2776438266
2779700979
2780815956
19044487
2775983109
2779704365
2777924906
2781379532
170383800
90180555
96885535
2780589387
134413595
2777585438
2777767252
39014021
54707276
122098685
2780345494
2781437494
21481585
148263481
100725284
2777508684
2775873735
2778800865
2780829485
2777706883
2780211066
2780984443
182126134
2779736135
2780105426
2779022885
185897851
2779794841
180705244
2781126507
2776857245
2778275461
2778696663
2778611618
148827160
200418468
2776426316
2779867950
10580048
2780630200
2775840915
2775905491
2778384633
2777551599
2781025454
82640447
2777979712
39257715
61980418
74478641
2780206895
2777408582
2776819663
55123268
2776173306
2778470382
2778336440
2776258540
2776603811
2779983271
2780039893
2779933036
2777439998
2778363072
2781343802
2776460983
501303744
2780154626
2780816530
2778414469
2781359518
2778722857
36812948
180727682
2781366726
2778223614
2775937065
2780656516
2779471646
146596784
178592042
2777634866
2780457293
72768826
2781108029
2781111536
2777601356
2776404133
2776688068
2779882884
2776161467
169013144
27419537
2778835137
186780021
2775873751
2776763319
8075779
2778682006
2781051052
2778872129
2776277238
168991595
2776711086
2779751190
23430798
93891514
2779324578
2781239038
2780449718
2777754270
157517311
140776533
2780051243
2776498708
2780301145
92508825
2779688377
511693568
2778736641
197534560
2775982628
156270389
75586009
2779986855
94103152
26760657
150783053
2779470777
2778235169
149353220
2778172576
2779017129
2778169132
2776178687
2779949479
101175848
2778956110
2780777687
2776669934
2778886592
2777170306
2779954422
169848565
2776341074
2777601179
2779409375
23095489
2776021498
2776236960
2781288895
514409498
203174812
2781462295
2778194941
24552861
2779481623
24924255
2778279683
2778593128
559082409
167391731
109364679
64001112
2779668730
2779579046
2779729707
2776827361
110231783
32685002
83608634
2781377344
2776668771
155163602
187185209
2778397825
21950695
2779341389
62282787
520367223
2781166493
148162668
2780758669
2777485700
2778095611
27258493
2780881379
2777046079
203475023
548578009
2780034498
559832139
200457457
181654704
2781248660
2779014633
2779556004
2778583615
2776024583
2779893132
2778270113
2776786624
204429060
2780070417
118303907
2781321835
2778953472
2780657543
2778465005
132730613
2780204815
2775901196
2778558971
2778081082
2776464999
2778851182
2776394035
2781045570
163861444
2780875630
2775928371
2777066016
2779719891
172644921
2781179210
2777053761
2781172133
2781118390
2779117820
2776916405
2778523572
546522952
2776535865
39615477
2776122628
159973510
22457304
2778603432
13523363
139250206
141321718
2777234649
2777864736
2780598775
74678566
2778946593
103284512
205507351
2779087354
40804472
2777494276
2780234724
142442999
2776669987
45645723
144961208
2779974903
2779053541
2779093316
2777769796
2779749291
154775046
183387240
2779644706
2776648845
28631016
67805860
2775955998
69952321
2779060202
2776766722
2779303475
2777801344
115292697
2778350317
2776628846
102950494
2777151429
78148190
2779070461
2778894027
125620115
101156304
2778933830
2777997104
2781138228
2780195454
205904022
2778507391
512779448
33819350
165484069
2776865526
2777273540
2776862503
96076055
2775940680
2778132166
2777622764
181843262
8092218
2778444522
2778971717
176979668
2779498771
2780773645
2779681926
2776601132
139542699
2777957477
157655426
2777549933
2779898230
135413448
2776190172
2778681064
43700005
2775851467
12722705
12719983
2781010970
2776392049
186834915
2780719935
196937547
66914385
2776041296
2781434637
2780698512
2779811551
2778447413
2776209774
2777730981
2780572764
57207610
2777349333
2778664236
2779640858
2780879142
70574421
161557802
81918427
2776212561
2779210677
2776111760
197513456
2779914743
2781300146
2781209987
2776957361
2777804694
105024398
91819851
2778076428
151043444
2780929011
170963059
2781084436
2780727533
131908665
2778027091
2779866934
77452539
2779726417
128536511
2777752201
188572897
2777457327
2780481140
106507718
2778539917
2776214959
178006949
109043474
2777825637
2776021025
17174298
2779167689
23185880
88582754
2780414937
2779422693
2778267038
2777910127
143503458
2780944931
48581732
85916333
4875532
194229684
2776910009
2776172328
2779824986
2780147667
2778122938
2780251896
59913269
2780607177
19835438
2780444295
555789112
2778904170
98025372
2781153019
2779783274
44594196
104110773
2776655123
2778507348
2779886815
31858485
137606083
2776715762
2781095167
2781283787
2777577077
530175646
135207793
2781038237
2779471799
2777174193
2781466495
41065761
78673648
2779541213
2780360077
189059800
68676916
2778309144
2781467878
2780990681
2780763165
2776990200
2776239303
2781081723
132915176
135558025
2781300771
2776889954
2776915535
129725146
2780467620
113768151
2776703984
2778752520
2779580380
2778488159
186897216
2776202393
2776858443
95826659
10277891
197902243
2778206933
2777435354
102168758
2777471869
2776981398
55531524
202450735
34634088
107029721
2780522264
2777405545
2781178891
2949467
176025405
113635682
2778623827
203358219
2778694735
2778447158
2780474165
2779201846
190234968
2776679837
120958224
2776387513
2781461585
2780227032
2780626732
2777527057
2776800424
2779627259
2778571430
123263535
24045750
2780466306
2776737808
16287357
2779137501
67779921
72423040
2779503815
2776442027
2779841105
178016149
2778017252
2777115171
2777288325
139043946
2778870980
2780735018
2780750139
2781144840
2781433026
2779175857
2781119671
2777038978
134564556
2778057375
183847335
2779083061
53782968
181276680
2779065357
106157303
98461976
2777387638
2778619581
2779509150
99591008
2778515910
63931686
2777641879
113154577
157572991
2775894735
2781472511
17278756
83616695
2778384763
104559278
2779705831
2776957806
144758338
2780511199
2781331172
187414654
2776164736
2775942830
2780618774
2779039089
2776959900
152690822
2780347886
2777046420
72505334
2780443626
2780849405
2775830893
2777874643
2777061734
32649569
2780551594
41524352
71284652
2779845611
2779192065
2780067972
2780977904
2777583168
63584917
2777091700
2776493684
186816422
2781461084
2777964350
2779282724
62149429
116574269
32258923
68750414
2778952367
53175947
2777092684
9869773
2777649665
2779265095
2776229991
134295995
175527776
2779233504
63310369
119765737
194520297
2779576020
132916221
23558321
2777978526
2779664475
158272826
42222760
2779428270
182862853
2777370761
2778310199
2778997920
2777111047
2778434425
2779086719
6322943
57489055
84883126
95077039
2775878074
2779501382
2780389014
19951013
2778820081
156767477
2778467380
2778870596
2779569584
44632099
49517417
2778986839
2779889812
161691468
2777780185
132593773
2779082310
194412760
2775988521
2780673177
2780404641
2776083423
2778329001
2778744790
2779458060
2780711013
2776806300
152067771
186701620
123233574
2776263782
48866200
2777826201
2779292145
183911611
2777529992
77334096
2777924153
2780708616
2775896111
2779860262
75878045
41397429
117762724
153285557
2779917225
2776962535
2777964123
2781319643
2778032680
164488363
3335917
499791362
173534245
2777831296
2775882470
174943157
2777879033
2775889553
2776941295
2780070908
2780917356
177866494
2777007095
89522401
2781285025
2777790275
69866686
2779891390
2776771474
2777239787
2781122014
2777977891
2779749557
2776892627
2779411520
2779885849
2775908859
38569191
2778289685
2776376815
2780136672
2777529109
2780057273
2780272253
121578661
2781179694
205285802
2776725768
179343069
2779664949
2777554647
2780097956
9695528
2775857956
2779761509
2778043458
2776621574
178828501
16768706
108216600
39959148
2780243899
2780363434
72071435
518409739
160825642
2780932374
2778547858
2780460829
2778478414
2780280652
559253537
2778498626
43211506
2781047359
192345806
2778241337
52500022
39699697
154518953
2776020233
2776444453
2776618492
207485544
2776591725
145848229
2776704778
2777939776
2776134716
2777980634
2778182785
2776297342
2778596526
2780264663
2776565828
2776319844
154108245
2778340393
2780713291
2776235881
2778972660
2775961288
139125579
18533594
168712457
2779039881
2777373291
2777358910
2780155431
2779842240
2779156937
2780877451
2780836875
2778678150
2779799344
2775901822
55888378
2779125852
150711758
145453713
2778182333
2779017597
2778134420
2777552930
187007274
2778384543
7679702
6157177
2780034687
92494378
551968917
167662435
2778979248
2778130295
92909875
72728300
122761236
2778951312
2776867839
2781389302
2779185081
2777191659
2776472726
2778189741
1238298
97350851
2778321905
2776147538
2775882201
88522519
2779818311
2778671685
118314422
2778546856
2778425859
177605951
2779663865
99021626
2780841249
155334826
2777560999
167818167
185107160
136335456
2778301337
194413377
2777409304
2776156047
2781335964
156442461
40905902
553932949
2777051993
2777545371
116466831
11357383
149924296
174561907
2780634609
2777194198
50766676
2776808436
2776900578
144475974
113887283
2776395564
84247811
2781248266
2777015988
2778055240
114473542
2780332681
2777402121
2778738411
101486319
4639250
94950391
2777868441
2780723490
2781084451
2781206450
67754453
2777597704
2781033696
17534553
139653429
2779241699
2778664272
2779795913
185325338
2778808915
2779894411
2777040153
2780500733
2775896434
2778582501
24300010
140797663
2780826474
118240996
180508866
2776619241
199121860
2776955867
2779510838
2776829184
171420983
2776486069
193092181
2780749008
17005505
2780877497
2776760386
2780283367
2779319824
2780172107
180512476
2781379661
2779401564
2779971922
115880899
95429202
14039691
2778052430
2776474809
2776451736
2779438436
31310117
2778618685
542344755
2776300258
118536763
2777885853
2716537
83694076
41154696
2778282252
188052254
2780036689
2777749386
85148207
76837503
2780880902
191719028
2779244840
183703185
2779653460
194407505
2778679800
2777055276
16058099
2776713270
2776560216
2775855070
2776418854
2777762811
26596201
2780999888
2779765613
27793534
2777153434
201390133
32772713
2776254091
2776376731
516820309
2776338246
2777623515
96486169
2776200807
2778688752
2779334752
2777526511
144329363
79290922
160437614
2775911130
2779052297
2779563551
25831426
2775929971
2778509784
43173174
2779085470
2777280207
82704808
63944557
204623482
2778221534
2779065186
2776343629
36644815
80316258
2780001926
2781418506
2779094126
2776162649
2778999348
116948250
2779974081
2778881472
2776307417
111349238
39154926
2776261669
2775852181
2781261322
2778110396
2779165487
2777318892
2779627437
2781287664
2778288132
2780390159
18817664
2779592962
187409132
84571983
15229330
66699322
2779512644
156336011
2778827031
2776258656
2776642721
2780147563
2780298517
2776617598
2776442125
2780899546
2777664457
138722688
2777658436
2779323958
2777447571
2779206821
200114574
2780257752
135544838
189996062
192965962
86111242
2776055345
123890144
160199278
2779546714
2775907191
2775969163
2779876011
92399145
193024070
2777693100
2777394349
2780502785
35482069
2780422015
2779266271
2776978937
515772544
2777547446
2777419058
2776522641
2777232724
2778176333
2779957241
7732977
2777113924
2779097721
53467847
150600104
2776841630
176738000
159078339
2776537128
201082689
2778241425
120336030
2777342687
2778468718
2776972973
2780368738
2777765789
2780571831
77309623
60567360
2779633676
133969743
2780721665
166116840
124722314
126026704
37531588
11294208
184753264
2777127463
2779766786
2776086361
2777436212
114935716
206376874
11594533
199641428
2776970740
93145625
2780007002
2779122953
2778890288
2778889814
2779064143
47568318
2778066673
152037538
2778830189
64396926
532726627
2781312482
2776789627
2780977495
2780263997
196977105
2777547383
10245270
2781306805
2775989837
2779675307
178495626
2777464597
2777219241
2778484579
76592663
2780485840
45589183
2778071350
2779325242
141904268
2781292093
2780143730
175895763
2779567147
2776354922
2776720875
513932644
2778252156
322993
2776878293
2780496218
2779017260
137589850
2776640574
2778270655
2778838593
2778995842
2777925978
2777951267
2778869444
2778505631
2781287312
107610162
2779100624
2780476252
2778456524
177056472
2781247686
2780577945
2778953117
2777801254
189797266
65557974
2780076132
2780024618
2776189445
83415686
110605091
193208539
72843123
2781158981
43130345
2777954599
2776033367
2779220109
125672730
2780811038
2779758453
2777615756
2777101687
2775895297
30370900
512796611
2778819434
2775877325
2781134785
2777217900
2779442523
2776080639
2776105637
2779826689
2780107365
2776132995
2779026167
2776327544
2777011270
75043328
2775918509
141179319
68258455
201949408
5909533
2780362696
2776623689
2778710450
192045728
2778926341
2777595359
2777833229
2777935054
2780059494
207423496
2780880955
90487128
128069549
2780285386
2779751651
35728795
2776295790
2779635184
173795300
2778375701
30380174
49119912
2778074606
2779087320
2777039147
2776728957
2779266650
139656809
27462124
2776926621
39523793
2779472664
2776783006
2780930564
2779869176
178944513
2776220353
186862417
123326733
2780680791
2776045837
2780539366
2779782208
25628540
82368132
2779476281
2781262955
30406889
2778443477
27896171
2779886824
2778521459
2777665048
2779288016
2778016569
2777501195
182348080
2779355995
2777523536
2778769658
2778491029
149878745
2778133620
2776190108
2775901580
2781009872
2780163275
2777520932
2777483186
166548495
2776862314
2777309835
2781350838
36176644
80827626
2775866664
66318653
55356503
2781222355
2776519673
34566666
516449090
2780456261
197121079
2778884120
2780532923
2778699634
2778859563
2777539889
2779388224
78586090
37505551
183191521
2775975249
2776607481
2780133303
137703981
2778178309
2779477606
153533565
2779850335
2780975222
2779800287
140562550
2778720773
81333255
142672198
96170274
10763340
141605663
37497453
2776943721
2777613292
193183557
2780992775
2781159826
2776225096
512218843
2779993730
2779269003
2777029540
2778658263
2776981865
196558001
106889044
1962617
2776046173
35785553
2779674309
2778555951
2776423884
127889277
2777875228
103692084
176250725
108812129
2777687527
2780932606
2776258560
2781438039
65973859
2777553417
2777423577
85940911
162416716
2776471655
178715651
2777462475
2778410202
2779695474
2778408450
2780637190
52291969
2777646841
2776388373
2780895891
206887242
134534054
2778254914
66581493
20348765
38760176
2777773042
2781409956
2777026048
47116085
73659462
2779664660
2778649774
47696151
61661205
2778160552
91432469
150140777
2779458270
2775879818
2776058402
147798420
36951694
2779448473
170343791
34987710
119744841
2780207250
2777498927
2776665244
178429953
78573896
2779271867
2780627709
188673734
2777520191
2777312452
2777012704
2780310989
2777016058
2776820131
2780677455
2781222442
136894858
95770727
169783227
2776229966
2778638553
168220971
2776094174
2776072615
80989030
64671544
23379533
2776773011
2776535449
2781129822
2776322394
96452783
2781328080
2777632329
2780836893
2776361386
2779776539
2781384617
2779205696
2781130464
7668573
2778687414
2777205146
2781256838
2775888097
2780244628
2779061442
80624579
2778005650
2780576980
2780467175
2779939391
2779847632
2778123317
25759991
148613510
2777198969
2781338352
26140837
2779486868
2777569833
29337255
2776002501
2781217303
2778332407
115626544
60433691
2776664462
176908870
2777107807
16678853
177871831
166905480
2777955542
2776249783
2778980461
111226916
2776793659
2776895925
120630643
91331278
2779454979
59695747
70036468
2778452163
542509070
24701014
2776201760
130404759
2777935028
2781158076
2777841626
2780695269
2779472127
2776030395
2777501687
2780705572
2779905637
2781278496
204800369
2778676447
156602925
124977436
115576085
2780536436
117660856
141281703
2778114615
2776677302
2780120953
2781466709
140635768
125782030
2780738036
84254168
2780216548
2780225378
2778424799
2776584585
2776996109
2778302957
2776701873
2778196270
70816948
2779032275
46399941
2777037372
2778751583
2777963065
2776126428
2780137840
166640838
173314787
2779370744
2781031054
2778015847
2777022954
2776406672
64970193
2778445293
104825912
2777818232
2777118497
38868116
2780805480
139832946
2781330254
2778919138
2776873955
81545478
2777075127
2776651326
2778704344
18918823
145290371
190989730
65999568
83404686
129615877
24037442
2778055474
32957820
161140093
179787759
105306849
2781014223
2781106328
508570234
2776975343
173503651
2776552730
16151778
2776674118
153553885
2778125881
2778627824
63226923
2777149194
2776556923
61441594
2778638714
2777547959
60671577
143392562
2780931561
2779866025
2777521127
2776142151
2780407156
26186319
123657996
2780127596
2779505540
42683663
2779985659
2781230746
97160269
8328733
201385577
2778024225
2776465405
2777792510
53657456
2779781407
31299138
166961238
34122027
168498295
190974861
2778352602
2777929537
108619276
176381164
2778478046
2777185764
2780799080
125735964
91672089
5241252
196697857
2780884937
2779894600
2780516175
202323891
2778992501
2779927036
2780385331
2780935663
2778488515
92650631
2776680443
2777359373
2779868375
2780687538
163109420
151169389
189955266
1701360
2777317958
2776038071
2778357562
2781197174
2779702950
2776335697
2780746714
104674198
2780499841
119795817
2777026876
65936242
104629281
172085100
2778976748
2780860433
50254455
204665574
86069527
2776349674
2779993537
2780869049
2778484087
2780926984
2776705819
2776442119
2778372714
155396092
2780814948
2778411669
2778577988
2776187768
2781387821
102235558
155918274
18065371
2779901401
2776744011
2781098100
557531904
2779728121
98456152
2779572210
118295117
58630717
2780185105
2780550603
2776265202
91656393
2780410052
2776869253
2780128295
2776490774
203133693
202647207
96863523
2778239248
2780043022
67158388
2777200954
20474893
2776469828
2777325880
52727277
2775837239
2779652730
2776176787
14954018
2775907299
2781464832
2776381551
2780134639
197435368
2781009253
2776491971
2778066585
12643543
106870365
161189057
175796461
2776462487
2780646311
199850653
2777110745
2779304518
19008590
2775899781
81005367
2777820359
2776855782
189705334
2777030104
2780025626
2779080924
2780086105
2778386664
2777264103
2781029207
159275676
2775859345
2777898063
182236062
190377246
2776367370
523993062
2779508860
122509300
40520153
2779201679
2779188883
116393459
59028225
36274438
203715995
2778944147
2781355818
2777118314
2781402187
2779680698
161974327
172445687
40566950
2779251032
2777167357
2776052517
2776665134
2779771158
2779709462
78520927
149947181
29434407
2777488067
1721004
171039662
97507961
2779118152
2779634708
2779179846
2776403511
2778774775
2775869770
2776929312
2775914466
2775874411
171038459
2777235458
2778984028
98236896
2777980425
191479756
197661373
2776530339
2777463837
86265019
130056557
2777537072
2778312352
170079324
2777166620
2781428518
2781034416
2778293750
100625263
204326658
39471411
2780313253
532534053
2778283493
2779625939
2776294853
2776752699
2776812111
104504180
2777781587
2777070848
2780223605
2779848662
21714901
154611951
2778699820
85735339
104345477
99695388
2776168081
2777694558
2776829547
198647972
2777634390
124194741
90917006
2780597670
137831793
2780356984
54589662
147947694
2780403647
58604966
2778685536
2780485806
2777245861
101677414
2777153943
55627697
2779642629
85663219
2780824266
121850381
2780500098
91375879
2779144152
2777135213
161530693
2776658934
2776469571
2780849931
2778429078
2777916781
2777098346
2778409864
176772479
2780621933
2779451145
2780871531
22149885
2776368255
191920346
2780861032
2781056234
44243462
101957632
2777723292
134639627
2780870419
2777310278
2781469121
198211336
169242911
66603910
109094680
2781202354
2777470744
54356446
53380099
35869016
2777656669
2779455459
34399120
161119171
2776489966
2776298592
2781156279
49718054
172630978
2776796573
2781196129
2775949300
2780090304
528414297
142816520
141810719
165419338
136376716
121327165
158531012
21023539
2776639706
92237259
91935338
59994114
2776374063
2776512045
2780246813
2779351072
2781359555
2779345167
2777185122
8801270
87101326
2778275236
2778611943
2780200398
2778105115
110698143
120822144
2776973476
2779469461
103017160
149057995
172150952
2776004034
2777958245
2778364182
553195128
2778581049
85652763
2780802702
125782576
14129048
102561126
58640448
2777302300
189353985
2777728685
199150662
2779584631
2780971477
56095865
2775966842
127732161
2776375690
189045059
2779264005
2780895195
2776037993
2780364759
2779422466
60229501
2780376506
2777759326
2776853598
2776252187
2776636706
2776614343
2777052424
2780195587
2776795254
2777518938
2776632717
2776787076
12779971
2777148325
155185792
2781235026
165514305
2775924879
2778760202
20817334
179097355
2777646944
99521031
161487207
99578197
166091117
2777295296
2777523871
171906077
2780666382
548330789
2776737192
32243401
2780578810
2777189325
120679218
2781456638
70798638
90044865
2778732003
115244140
2778204010
93692415
511100306
2779014059
171675547
2777455782
107775477
100963093
2776291056
141421574
2778531370
75608662
95526234
154978347
2777161336
3048935
2777112365
2779863882
2776914665
2775992921
126914827
2779771488
74211385
2780583180
166556878
153902761
2780506041
157846364
133193273
2779567149
2779318243
72246896
83646750
2779918539
2776315941
2777812522
147103442
95480931
2780969378
157331469
2777423982
147639290
139679275
2780009547
68930688
2778815507
2779968986
2780263222
2780311119
2776011525
2781054816
24605870
2777188308
2778716895
2779782701
60256559
2780831315
2778936547
2778768196
2776261308
186745253
2779595473
166832852
2779131602
2776974434
2777558666
2777007837
176864760
122679660
2780500176
2778850945
120876096
2781315196
2780757406
2780652346
170956978
2780272629
556417797
202176563
2777980555
32277728
2778733383
2779372041
186857363
2778876655
2779433294
2781189740
2776478412
2776440700
105895522
2779190337
120622156
2781076719
2781013037
73970649
90224444
2781421314
2781118201
2776947765
120618610
2780301334
2778425908
136714292
2779875210
2776505110
2777330028
27167748
2776031938
32283439
37739895
2776792795
169085036
2778420088
2781388519
2776021113
2780942489
2779777515
2778605646
2781046621
176262533
127836192
79108499
2780219850
202431111
2775940213
2777731445
11999413
2780132295
153981231
2778300782
2776067547
123403432
2777087210
2778311181
2777131384
511561118
2778149433
36597679
2780622356
2776965311
2779092516
2778943297
50416739
2777503534
48247638
181752697
2779748816
2780334934
2781457908
2776284506
2779337418
194962172
36301306
2776767951
2780018913
51179597
2776145366
2781410131
2776079558
2778306670
2776295494
2780500731
2777945173
2779729821
51263980
134519083
120428866
130745260
2777146290
2779040759
2776242447
2777932632
2778298976
47251454
2776310757
2778959273
2780814625
2776959757
2780230178
2780391989
2777265194
115743109
207093648
2777534467
2776649854
2778874910
142897916
82639676
2779509579
2779447469
185565061
524757792
2777927388
2776021759
510578393
2777421203
2775896886
76924460
113252107
18478713
2780886804
180654792
19239947
184593036
85183352
2781317773
2779793223
2780594585
108320909
189177959
2778937617
2776026472
2781328210
2778169844
2781232586
2780719617
2781329721
158253538
2777212497
2777964079
2780060453
2780549334
158984102
2778616369
2777480484
192932206
31235001
94119681
2780831811
137109543
2781099182
2776639188
2779802078
51492010
2776932315
2779382337
512054716
2780586759
17511153
2776111161
152791554
2778482319
2776761150
2779955653
89606831
2779800861
2779747850
2776635530
2779984200
2778380738
11472968
2780621834
2780416805
2776991025
2778742257
26878229
2780122918
77169459
2776758652
2779276979
157482387
2780783439
2779035059
2779033327
2780883212
86726114
2776228730
70329555
2777045107
161471881
2780233253
2776664483
2778358566
94700167
2778963736
2776144845
51832835
51983180
159976805
15476950
2781157960
2778000102
2776583157
2778242365
2776922824
2777708630
2780593667
2780954400
74018784
100102862
172461840
2780504534
2779197502
2778421223
39267094
2781299157
103189561
192392207
2781065748
2777749418
162164538
126049285
2780322207
2776120747
18889420
2779253036
2778715912
75545042
102125574
206878933
2779482678
2776301907
60202869
2778042203
2781147146
2777869632
2780126795
2777063595
180912307
2778070240
2779356469
161487243
168475990
140981771
2776544209
136796312
159875899
2776758949
2780616401
131006596
2778175844
2777869666
2779367816
2778069356
2778934450
2778940446
20569546
2780638030
95653617
2780464982
2780489503
82507290
120114455
2778376657
2776190548
165479943
138569888
2775954138
79386861
2776562923
2780674975
199172669
2776263862
65770563
164139821
120217122
2777582046
183806917
2779679852
102855152
2780121417
2778024958
2778075934
171496518
2778580477
32620420
146159881
2780781906
2779460322
2780061774
48035258
2777037273
2779426159
2780713450
2778142394
2779028375
176580416
2777289382
2778520190
95840726
2776423645
2777295773
47332860
2779412395
177219330
98083399
180485536
2779856291
2777516927
180201027
117981818
526734887
2776753188
2780831967
2778146951
15956567
2779861998
2780399691
2776979032
62279395
2778212267
2778879707
121453224
120860951
45620623
2779824725
131862276
2778842984
154085013
2781304879
2778102629
84425180
2778061687
2781391197
32510202
2776211871
4988496
551537032
2779205769
2780677832
24186808
2779643997
2776021479
2776381685
199353437
2778575215
2777280039
151420433
2778160233
2776895459
2776006416
2775933976
141715002
2778933366
2777706694
152079355
131296554
150284090
2777224019
2776240875
2781403576
2777546891
2776170593
2776995161
2781191127
2776246460
68753075
126297098
2777256092
2777587947
189764856
2779699942
2777257828
2777294933
2780426501
38528425
15996123
2778425280
2781272985
40976572
127478107
2777854728
171547485
2780010942
2619416
2780199337
2777577835
88575799
2778590498
2778115654
120258833
75082401
2778736741
160529264
108286215
2780632292
2778332350
80509450
2781403613
2781343478
207953293
204573209
115601024
193650213
197613697
32277403
78660771
2778824979
144189326
147196274
48255552
168089676
2780935504
2778516841
2776286054
2777183274
168237039
2779457172
2780839550
2778412712
2781354669
2775861983
2777049609
2777385265
73219336
2776190662
2780768045
53634971
2777351977
2780692250
102107297
194018561
2779350616
2779521427
156210404
2775834723
2778272226
2779572384
2779082692
180811987
2780209116
202292293
2775838009
100949728
2780107653
2777798151
2778451043
2776537885
16461005
2780624623
2778079316
181536285
199686383
107806365
2778251759
92274297
2777487520
2776989068
134428707
2778960328
2780539156
16405173
2778462057
2781073378
2778337044
192277820
2780156443
2776052592
2777764564
2777514091
958218
5113473
2777603193
116810829
2780631886
204207695
2776675018
526210280
2777930505
530431192
150302207
176563613
2778611930
2776011675
2776344533
113894945
135179061
146995729
2777734246
36770926
2778503265
171710108
2779265466
144352136
2776196969
204799077
2779834495
111562998
2780631863
528591960
2776331030
157734285
2776222705
2780626344
2779132384
2780983695
2781320432
2776809989
545717478
2780365630
152579397
39718394
176870202
152984320
158245101
47028484
116280592
2777244000
2778750380
2780845669
181741624
2777090766
2779575090
2778484685
2776442084
2777244327
2779669244
2776047251
115131309
2777829137
159048435
2779781578
2778812240
2776288485
2779507241
2780994267
2778484989
2780890502
2778717200
171878848
2780010996
99047232
154529574
92487007
91171499
2778386323
2779360750
541528975
2779591650
2779473946
155137682
2779738768
2780110860
65597285
167678106
73893137
156708679
2776444278
6202296
2781305714
2779252748
2776208260
2778057503
2779606561
203833370
2777928014
120128738
87280874
2777372006
19096712
2779080342
152463240
2779471601
170163044
201577159
2778963084
2780633513
3051879
2777973373
131055897
2776205647
2775938548
191223288
2779096051
133913538
19233827
2775844904
122424190
181820014
61562682
2780352820
156692291
2780356890
140367703
2780750752
2776083345
148417208
2776232389
2776289120
2778456499
2779565383
2780993501
2776822914
3795487
174548603
183830729
2781395554
2781023794
2776184353
2778603370
86526273
2779521423
82348467
186391796
2776282138
2777102781
198043103
32990696
2777253967
141069875
2781372616
2778419473
2777998971
156172958
2779329432
2775970487
2778521038
2780645361
2777149139
2778545564
51983058
51552310
143575951
202274260
2777634280
2776793314
2776570673
2780439888
188755195
2781183867
2779690074
37246793
2780750054
98326061
2775962815
2777133544
2780983626
161150749
2777086974
2777645002
2780546114
2777740802
2777832611
145965964
2776856203
2780345887
2778695346
2780913849
160862168
63024430
2776809503
136498428
185154738
179239836
150661
2777813172
2781339703
115553253
2780114679
128748764
2781260031
2780643780
2776093559
2776410375
101997407
150673657
2781329722
2780427151
204911340
2779392107
153754727
2778428807
2781366104
2778312391
128900784
56327313
2776477528
2777652380
85426389
37479587
2779399222
2777334950
115051666
2777446189
48807843
207868868
71245501
2778625682
4988305
123576220
2779893324
2776460251
2777847483
2778706581
2780671753
2776453007
92550072
2776451084
2780135438
134240934
2780019120
2781442391
2779825233
2777637119
2781092918
2775994111
163443529
2780415200
29188022
128493665
130383907
45493050
42952880
2779146463
2781023631
557252395
2777782646
2779397098
160999035
2779839353
114206689
2777904261
122369130
2776788946
21158419
2781184554
2776904598
2777130178
2779262041
2780784300
2777576207
2778240782
2779978663
2776609788
29301373
93021684
2776255066
2781337469
207539736
2777335037
2777228472
187460315
22286887
2777061860
2780438712
91166831
58431541
2778096637
5120367
23373982
123010829
202186503
2777710833
2779641076
2777609378
2779720838
2776758296
2779327780
85311402
556436288
2780336619
57380593
2776948989
2781121177
169087156
152798702
2776845762
2777584219
2776970489
9770341
2777909563
2776008612
35068376
2780813863
2780447514
2776227291
2781316544
2776501828
2780814911
2779262821
2779448930
2779395273
2780672533
2780448505
2776296477
2776470495
161142120
152095336
139974479
2776332012
2777484281
2780452421
2779116780
2777119466
80264047
2779531882
45291506
2781311396
102630601
2776568892
12212573
2777217355
18665432
2777465374
2777701958
2780340411
2779966280
2781459663
2778158188
175233579
2778856043
2781198647
154718420
2778802261
2779717844
2775858036
2780120653
189828127
2778798370
4445939
2779407869
2776703049
2780381690
536879329
19444555
2779302622
2777826014
2777841811
2780674770
541850076
2780576639
2780313279
180879989
2776809895
2777517185
2776624887
2780676724
2780072640
1590839
2776560457
2776604111
2781164954
2781439961
2778148202
2778948817
2776119179
2780239702
2778164292
2777616686
2780338983
2780113545
2776691199
169969230
2781130035
2780700095
58009596
2781464243
85064482
2781205358
2778383301
2778527022
7328023
143305743
2779870438
10511252
2778449254
108472808
2781438650
2776983389
139144569
83002819
2780284896
9637623
2781410288
2779223538
146254044
163805923
2778571376
2776085534
27350558
189874977
110866185
2779104543
2779171751
93291310
2781376611
2776765990
2777405244
190839683
2779385950
2778145997
2776753382
2779093973
103728367
142394534
2779666059
2780247278
2778033289
29712183
197046000
207677746
2781326869
2781364120
2775979992
2780948448
2778694912
554616519
2781161205
2776888584
2779582605
105922876
2778225338
2777975343
93717769
2779209362
2780830651
20832178
2780823997
120766042
2778972211
2779074499
20854674
2777275190
2779527186
2778495208
2779498739
166482635
2777212710
64280408
2778803912
2777910647
2776556313
2778114362
2780525919
107284991
2780461747
2778975437
2779940297
2775962983
2780463822
2777222091
114061888
141744778
2777938546
2776030573
2777637114
2781445653
2780801907
14865658
127200247
2777982289
112657952
2778521444
26432204
2777812092
163778229
195853485
2781458734
2776576330
2777516924
2778247356
151615440
107768556
2780764628
2781305743
2780785291
2778884123
2781001379
59242433
2777066603
2780075849
2780461518
2780865623
2781067393
99000247
2781392855
2780436583
4289732
60080948
2776757601
112964491
2780426238
105318019
2777632363
2776308796
2777259116
2780144910
2776722139
2778727095
2780688287
85880034
2778450158
2778771019
2780179797
2779113665
106640860
2780666276
2777397083
2776250625
2780725053
2777042020
34397231
2778662250
2777054155
2778223667
2776249718
2778063290
89298926
2781381226
2779251818
2779159372
121560416
2780697146
56859440
206629060
2777919779
117812840
2776221188
2778934794
2780789671
2778594232
2777332246
2780614640
70429105
2776481125
2779449101
2779463659
82210777
2778641142
2778296017
2778453759
2776326992
2779848146
2780030661
2776405105
2779552062
2778282301
188386629
2780667210
147345711
9087986
111936747
189726812
185543462
2778286346
2779501167
2778736515
2780509533
2780305126
152500336
118985605
2780053286
2780420907
2778634687
2777406851
2779071755
2776692824
2776821279
2781431570
2776113650
2780773165
2780277248
2779312500
20256287
2778865131
175568690
44229883
2778360411
2781398063
2779709208
2779508947
166716992
149830592
2777928874
2780346661
2779225970
2779494515
107316180
2779567878
2776932352
2781117561
2777126589
2780897990
2775997984
2779023395
2781121601
125388846
188048851
2777545871
2778696738
190834174
2780991765
2777796528
2777437892
147861284
2777745988
2780773938
2780010954
2778757428
1062220
165981476
166909865
2776270521
2778935220
58870171
201018356
2777420705
2778436418
199738491
2778674216
2777036725
82085835
95038775
46669857
2776321234
2779876167
2776055936
101650336
2776304212
176069352
143626580
2778511622
2779538014
2777187653
2777325139
2777459747
2776186788
192314852
2778672987
56000321
2780318228
2779824140
2778112902
45839699
2776478044
199149936
2776773169
2779240597
145993374
76639814
2777665221
2781109611
2781324535
2779819642
2778396148
207904118
75947009
2780580889
2780081131
2776076217
2779163959
2779890316
2779673038
2780365923
2779362161
194507410
2777966795
2780512908
2777926646
2780282549
2778416130
2776484437
2777579577
18085215
80201310
2777301445
2778675741
193798670
2780932939
2779879524
2780156999
2778950629
2775836986
2778892983
199726164
139771638
50050167
84967980
2779485889
2780668135
2777060381
2778559676
50561681
2780095123
2777768524
70136647
2779906679
2776161314
2777163549
2777544427
12047311
2779355935
2781152785
2780424445
19123756
2780992768
2779806528
12429862
2777383820
2780992559
2776804445
140217830
122450576
18096293
2776954618
176068456
185798385
37467856
171383529
2778031299
2780822005
162044005
2777535471
2777132354
2778079442
28475054
2777704498
2778323760
141775656
10080731
109370185
2777940471
87676944
2775899795
2776936592
57674340
154049752
2777081293
2781028509
2780903760
48580701
2780276754
2776250656
73329638
89358204
2778835443
163774233
2778345101
59645953
2777497595
116156461
2777452007
2779374613
87296916
2779698488
2777132110
2776140663
2776735967
77286989
2779126323
18986850
2778970660
2778375189
2778725028
2780731216
176641082
2780166705
553400784
2778285079
2778175570
2777867213
2777764431
2224410
2780306410
2777181606
2777911786
2777802591
68989474
2779084127
57076372
69710193
2779244310
2779069260
2779598408
2778958867
2780480909
2776058377
106207104
108401051
2778811002
2778682351
2780688734
2781065038
198613851
2776611420
2778271084
2781143842
161189084
6182537
17616946
2778333438
2777559092
23588892
106915046
132668919
2780102759
2780791560
183617614
2779902986
125405218
2780226398
55555194
2781390083
10962305
2779399296
25815290
2780682101
2776200251
2778157309
2777424953
2779347042
2777084244
2781319279
2780362636
2776193665
110808204
2778227311
2777981790
99936299
184792800
2778107633
2777436214
2779116280
160945548
76443820
133769301
2779957580
2777148781
17093552
76804118
2777131859
2776258062
2778662435
2781177231
2779416522
16515432
193605714
2780021121
2780813950
2776754364
93805220
2776204122
187107819
92927620
2776027161
2780038111
2780672024
174201072
137625088
2776824162
2778815990
2780441185
2776342442
126182222
2779460984
2778488300
2781448682
11839303
147843779
81058292
2779930269
2777031316
2779025792
53570757
27219730
147125751
2776752936
135004664
518936366
180640732
158960510
2780265719
2780072409
2780490160
2780266477
2778206830
38593612
2778066700
2777115359
164713400
5600680
2776898485
2779937332
2776892207
2776918952
65638666
2779911467
2780230853
2778552899
2780228335
2777905980
2778476936
134449468
121306301
64626740
2776642743
2779592427
71629010
2781333582
2778152828
2778579499
2777861875
182034399
2779846906
182548691
2778068620
550656013
2779365149
2779672560
193648706
2778674742
2778365317
524566012
2777544581
2776722102
2776210202
2779557452
2777277327
2780850517
2778392757
533886289
2777435149
2781094634
172123370
2777246787
2779766864
190203512
121469830
2780722376
2775991146
2776107028
54926389
2777197731
102213580
100463513
93109420
510195872
27577653
2779278710
531575709
2775885271
2779434562
2780494259
2778355846
2776832099
2781286790
2778204415
2780774409
148033553
2780728851
2779450441
190237492
2779741180
2779138793
2779679811
65313323
2779756029
149039149
2777555958
204805145
2777713502
157813575
2777110445
2777270232
60279628
143425610
2780688466
2779210491
2779311055
119898033
2781338312
2777049224
105592727
2775947477
2775983534
2781187916
2779342517
11308688
2779314697
2778202693
2778288042
50176723
2778546111
2780683192
2779345073
104996578
2779826570
2781009001
58467406
2780900249
203539429
2780826866
2779858362
170120187
88747084
53603896
2779681896
2779689694
80546408
2778428146
154440439
79974267
2776381412
1343632
130502133
2779075635
2780964940
2777381009
111696902
180433265
155491033
2780960125
2778767463
88503454
193436682
2776550486
2777226923
14712689
2776603453
2779354779
2779526086
118767355
2777264335
142163382
22891489
26304751
2777118768
2776202926
2781254686
148784989
2778257055
33296510
2778828181
2779923675
2776272578
2779216234
2777958357
131431280
2776326928
2778886853
2780430936
2778066005
2777425019
2776148132
2778533350
2778644110
94121128
2778038867
2777380843
173341346
88418033
2777047555
2777259728
51519446
203132368
2779444418
2778266495
2776096044
75069973
2776544846
2776709574
56986551
2776867254
174252726
2779438999
46517748
2778065210
2778094213
85555665
82313973
2781311594
82166422
501832835
202453963
2780180044
93785673
2779532274
154240960
190048596
2776481522
2776617961
2777697752
52083857
2776453228
2778645670
2778609174
123046963
2780979709
2776512554
19935590
176755323
2779050263
2777772640
2780667275
108608090
57855409
2777507208
164483853
2780017030
2781236955
199011898
2778016837
2777381266
49578298
2775939076
2781107396
2776456211
2778672020
2780351192
2781010294
2780576235
23634400
2781247100
2780010503
128886847
44079730
2779613214
2777680332
2779603553
2777620943
2776594412
2779391559
2780605179
2776242673
183365957
2778897056
149261583
45403924
2781429756
2778432561
76797319
2778448659
148845029
2779333369
2776382936
148383697
180949853
89787793
48235672
40011592
63562587
2779339023
51196962
2778475361
2777882294
193303243
2777537191
2779684851
2779003334
2779520736
2780919976
206018219
94925055
2777822432
9807484
2775831805
2777043164
2776503075
2778998908
2779767154
2778878098
2779529838
2777760043
2781353100
2777532863
2778813943
46668750
143906210
2777183766
2779632786
2779648627
2777663381
2777429934
24569284
98156149
2780926645
56541541
2778952991
2779700826
151325931
2779732552
2777635628
105367725
2780681637
2778445800
163460002
2778756870
158954845
2775995426
2776502453
2781439067
2777186167
175932403
2780016618
2780196685
136996986
91832632
2779938274
54059038
151174772
81076408
2776311199
2777984688
2776509573
104037064
2776615554
2780722625
2779279036
40042423
2779643178
2780479994
2777360664
2780323077
2778259483
2780691090
2777327484
1975167
2780033836
2778753323
188310180
2777882148
168074166
2778242978
2776568719
2777258559
2779858111
2777969780
2780261949
2781285474
2777717087
2780770214
2779067995
62897925
11143637
2779833382
108013601
2780702188
2776590149
87756765
161142639
178961625
2780193301
2779413942
121412344
2781145534
2777103451
79815467
33163198
32111734
2777233886
2781426709
147534773
2780049209
13655849
2778639362
2781057612
2777217193
2778068252
2777707811
2777822023
2779112213
54539864
141054130
65739210
2775950227
2776262596
2781309241
2779437392
2780889827
2781331189
2775994064
66957883
2779659852
2776873942
51257634
2778729839
503439974
2780339442
2779430886
2779993964
2777932338
2777412684
87360688
2776517170
6401214
18678713
71360278
2777698698
2776013835
41856607
2778079102
2778273748
2777992590
2779708316
55510283
113806195
60485486
2780326695
100858432
2778835456
75398719
2781040383
2778514227
2779332226
180429540
2778292169
2776202055
73226635
94067537
31849713
2779100707
146213904
2777378513
133522229
2777361732
2776004847
2779378413
2776622383
2779694892
2780248554
2779171934
2775969632
2778206017
2777716980
2780474767
2775839214
75920839
2779824303
2776435917
168056786
138410489
2779874853
31344066
150381032
2779154555
2778186381
176725276
2780685131
2777634575
198695447
82067656
25228396
2778873432
23690007
166185888
2778423169
2780502040
2779366225
2779717315
517936585
2780972671
2779260511
65334346
65340099
4345497
2777319829
177318381
2781028336
50291824
2780427927
2777967479
2778134537
2776084483
2779607271
2780840892
2778849385
2776862001
2779597117
31482721
2780962792
530343408
2779716120
2780924976
49661696
2776716326
2779430196
2779654112
84505015
2780325947
64900583
2775940992
2777493439
2780277419
123253695
4305385
63984324
2778090688
2780029052
2778281048
2781076203
120417685
2776688269
202654566
2777163940
75319497
2778872588
2780341135
2779453662
2780570456
2777613398
2777343860
7220189
124267892
2780796649
2775984563
191373421
2778361833
2779960378
189680139
191205211
2780241780
2776792421
143716647
144199811
155978283
2780194789
2776264496
2778906348
129002151
2780491488
2780892066
106278948
2781386905
2778380858
2780948457
2778939008
2780306569
2781121916
181255713
2778539028
2776196202
2778640933
2778532026
161475128
2781069170
92494108
165757723
2776549085
2780438806
2780040055
69216797
179335157
2776676158
65155139
2776589133
166851805
111874474
126298526
178418375
2777228553
2778636371
132094186
2779442584
2780573083
2777570903
2779910495
2781186672
157083588
2779732237
2776861193
2778587764
2776766847
2775966360
2780008575
2778585658
9407859
2780207460
32928422
2777263779
120417211
45860500
155372631
2777539050
2778365398
142786338
2777027121
2778360567
95728841
2780997744
2777655405
2776812097
2777029918
2776688315
2779846462
139629719
2778500112
8364947
90320867
149750752
2778305142
50067584
29141058
2781357674
87427459
2777634813
2781267209
2780764911
2780413724
2779667052
2776477906
9536192
16472500
2778534116
2775881052
2778845426
2780469386
2780478581
2779336647
2779750585
41335879
2778678206
2778786881
11693305
517468935
133214962
185860455
2779199018
2778677346
134097258
2776509445
2777748654
2776993485
2780731666
2778050782
2778934191
55949592
2778606982
154226666
2776112927
2779410628
37064505
163928584
2777547413
62649853
2776927322
2777196528
120201567
2778296501
2777620431
2775862758
37025601
2777823500
11743678
2780940541
168905689
2780166048
2780898304
2780996785
2780713500
2779613618
2780773723
179179568
507827637
2778603505
47001410
2781366883
43453842
175104383
145690102
2776195157
43322942
2779851265
2779135664
2778806464
2780816298
2778048685
519458232
148324637
2778846261
2778595733
2779434045
2781290007
2778124577
2776892184
2778567753
2777447056
70594193
18757010
2777717630
2780121338
2777748111
126485055
2778371909
178103971
2776024073
2776576276
16517256
130767629
204539172
2776231916
2776529143
2776650193
5081440
2778375574
2779922007
2777479096
2779818550
2779454368
2776248883
2778278775
2778375452
9987077
2780327992
2776994018
2776161637
9836676
2781053045
2779001264
141721645
541756307
45846537
139019045
2777039795
60683041
93371752
135792833
131364728
2775976765
2779677542
176727019
2779691090
2779544234
121676131
2778751580
135872189
46718497
200198126
120961793
162338542
2777522355
113502894
2779520408
59821032
2779390208
2779423931
4438859
2775867646
3963096
73905162
112795245
2776877410
186770734
2780903159
2775862622
2779365185
200953241
14774633
2780362484
2779238971
2777055467
2776312560
2778716849
2777836349
190930322
135865931
2780215729
2776188479
2777354547
2778970501
2776930373
71242500
2781129162
2775906956
2776621627
108615695
2779455919
2778686639
6514731
150852058
2780557043
2776786388
2776435704
2777168092
6405874
33332676
156579228
39463204
2780704213
2781018910
531090456
33905637
173699873
2781095679
124119293
36700096
2777859336
194258746
20881042
151957068
2780970777
115467299
74954087
2776295855
3802936
2776862595
78155015
2771771
2780525330
16941374
133082901
2778517856
91447561
30655165
2776982690
129338386
2777676313
2778318897
67097510
2779942307
206145494
138855539
526111622
2776759130
179226041
2776703352
112904210
2781449660
2780300564
2776365606
2780803407
2776542223
2777970778
2779045064
2779436669
2780038261
130937978
2778461028
2776362252
186490961
107445234
199301463
2779617898
2779204078
2779199053
66369060
2778120259
2781436762
9021358
2776235372
2778770431
2776628786
2780125062
2779603360
2779065879
2777909449
192124089
2780048507
2780904567
202371473
2778376658
2778291378
143874112
2777478613
2776128355
27628309
2778374714
2781244590
156290557
2779438406
53619493
121127069
137801643
2777641637
14733193
2779915651
87389388
1284942
67860675
2780031015
137355542
2777274684
2778733974
2776704666
2778381528
2780863633
2781341117
63991900
96305231
2776197359
2777688002
197148329
2777881370
2780978317
2779862502
7279578
161840515
2781168801
2776280557
2781083729
83346120
2778455705
2780434383
2778480956
2776572466
2777192895
180559567
2778811181
2781092258
60101212
188121562
2777915743
2780498358
2777909108
2779963276
2777289494
2777924521
164054238
195035870
2780244787
12321546
2777872670
2776025126
2779188070
71052889
102740695
2780417790
117381296
2777257113
71460217
2779713017
2778046603
2777605225
148412406
2776613168
128740268
2780967278
174052076
2778960187
2776546585
2776609594
2781388218
3032387
2779403001
2780465443
2778143835
2777121200
2776203320
2781207045
2778128476
2780582695
2779900456
107778541
65232700
517292913
2781468086
177950438
2779188216
2778366681
167879884
64649846
2778086194
527923745
179447663
139663721
2777860245
196735533
90821812
2781404479
2780231052
2776797203
165107724
183195422
148016477
2775992458
2778654458
65542768
2776444593
170969544
2776115572
2780209953
2778619517
2777614172
102044607
2779588618
2779477720
2776319409
2777004151
2780403921
2779610630
2779017216
2778894183
164465091
2778489395
2778822299
2776518881
2777381220
2776338272
59907193
10643093
2777008186
115719804
2777455369
2776675292
80114427
115145042
129833234
42446240
2779181338
2775958010
108206972
2781129360
2777251814
537433329
108969367
2779742878
2776560223
160165442
94761510
487182
94265863
2778774565
2775947516
100537666
2780267369
2777397998
2777463401
2777420219
2777745088
2781123600
123847625
2777275308
2781386778
2781067771
149095469
56357963
2776911258
2777083231
2777206650
2780003331
113186846
76134412
2779423765
2778766635
39487983
2781338091
2779043514
2779721411
2778405918
187878255
2779415420
2777611391
2720162
2777162533
2778461148
2777237773
2777491406
174463049
2779060099
2779824425
2780390536
2776167143
2776642725
10929652
2779039336
2778436000
76037525
106545828
2780726519
2777690368
2779853802
2781181699
2777240552
2778186995
2777205943
2779414053
2780719600
2778740958
8489304
2779175407
2777599566
2779867129
2776170449
2779374921
2779073994
177958973
76196390
2778309149
2779061284
2781446410
2780985703
162484832
197894281
2777096023
2778848886
175685465
2779365825
2776917829
2778914936
204863399
2780186531
74481535
2779899385
2777178383
2781158171
54159787
176379880
2779679337
42832001
2776850290
2779313700
82586738
2777300386
49585166
2776515295
71218628
2779485466
2777104896
124776773
122642837
2779357504
12202269
2779442300
2779640164
129809811
2777294330
2780414777
2777860616
2777983457
2780841089
2777089699
2777175821
2778883040
2778484467
115983552
2777060902
2781194171
66489765
190618007
22376905
2777380792
116879578
2779988553
81867528
2777642663
2776967382
2778472048
8673219
2778457166
2779387249
201516958
172208191
73935091
2779492595
2781063802
59584813
2777701636
60757611
2776317740
2776189500
122622459
2777294027
2777138209
2777892113
2780210970
2780797526
2778855937
2779548288
2777527828
2779318507
2780151343
22164496
116907270
129216166
79876807
2777631549
140505726
48233174
147472500
163361416
79371030
2777414711
157511527
2777251849
2781271316
2779192298
2777851695
2779627131
2781330740
2779104142
2779252427
188037702
187029792
2780304519
541019422
2777177307
40731981
2776870854
2780027163
166957645
89017223
24700234
2776558947
56923765
2778360144
2781414880
2775907739
2776849891
121308736
161792236
2780620191
2779743705
2776360978
2776721811
206118921
2778877074
2779867554
88893950
2776691614
2780127021
94490329
130264959
2778955643
116856471
2779622194
2780863250
2780048980
2776742946
2777230534
2780497305
2777322764
2776941419
2777940887
2780258725
2777194108
2778612586
2777655775
2777651970
64754055
192541246
2777057090
2779289300
2778647717
2779990806
2781413975
2780049499
24872536
207434748
140768442
2777125852
2780799905
2778134400
2779163847
2778279454
2777214883
128519102
2776460120
2777166885
2780575661
2776451536
2780818112
2777713662
77304879
2779178296
2781120363
2777875673
2776115946
2777603229
156945495
2778107536
2777760524
2780609418
2777931691
142962650
23981741
2776869366
107756529
2777680864
2776365810
2779499874
2780340845
120815673
39639997
96342900
130453509
167763713
2778647318
182517487
20992447
56471417
2779982726
2775835597
184149073
200951578
2777743614
152713613
2776370464
2779072820
2778122203
104513104
203595873
87456703
2777484682
97683284
2778939536
2776120456
2779250259
2780683761
2781023928
2780642884
2778294652
2779823659
159425316
2779725683
2777305511
93953391
2776401301
117959457
2778432724
134657064
40354913
9075549
2778883315
2781145905
2777214963
2779217112
2777001087
2776017024
2778540420
67805463
42302628
2780441502
2777646478
8240015
2780692957
65653873
200902532
2780662513
114422330
28849524
20060382
2779399107
49999975
114148465
91508313
103303479
2775961692
528161332
59218005
2776503955
2778177425
2777482401
2777849152
189069379
2778729494
2780783325
2777407363
2776939893
2778522177
2778103768
156008332
2778950917
2777606202
66871177
2777235313
45114443
2779149060
39399123
2776819259
2778679906
108497213
2778429564
2778464067
2777863226
89236255
2775980795
9111530
2779600145
2777658391
63165475
2775938369
185083961
2776639334
2778700798
2779801237
2776268227
2778521918
2778602034
2778054405
2776917629
2781078094
2776227842
66393619
2779183467
2778270578
16335420
62232509
2775915008
147708059
2775864364
2777578663
2777779806
102049131
2780511911
9396515
169708809
2778925858
2776732383
130047971
2777062700
2780761621
2778040358
33619721
144402933
2780620794
2776382681
2780835127
2779738167
204654640
173945024
2777690702
2777610350
206746334
2779948292
2781281172
2779138442
106690900
2775916161
2780141734
2780433975
85005788
2779470502
2776744651
119125701
2777851426
45424060
146077101
134358085
2779162445
158479148
177751760
2778039513
2777700205
2779667706
2781228120
2780188749
139353612
2779724494
2777085203
501522555
2780701940
1961218
1479423
54308172
2779219245
2779271020
74662306
2780271298
2778912082
144695926
2780376419
2780429900
2777139052
2780791699
2779154869
2780433941
28393910
2778289769
2778903977
2779366779
158436829
2777824530
2776821332
2778493548
2775876897
113030054
200239111
2780573676
2776138941
2777509683
98878957
2780631992
130446744
2780030267
2779522701
2777246119
2776758138
193763364
2777167514
2778708603
2776201958
141972094
2776269851
2778781752
2778493415
2779694015
2778284071
116757783
2776986349
2777984187
2779846673
2777623053
2776248522
2778058428
2779968705
136399931
2780015703
2780254009
2781102462
2777821386
150741067
2778756571
2781142061
2781462389
2780054571
548595372
2777839454
19229882
21001229
50128577
2776094484
169165970
2780153262
2781470993
85502700
2780801420
2780108852
2776531736
127568405
2777447984
133755612
2780129296
2780015134
2777412828
170366696
2777568707
2779126551
2779691420
2776583511
2776949507
2776919830
130516228
195492895
184287166
549802220
29358566
2779869275
2777777043
2777468867
2778326238
37054187
2776344859
2777024931
2778306061
2776982550
2779907237
2778504306
2778040806
97302686
2777993956
2779057683
187204502
2778367045
2776690004
2777914118
2778935671
2779823820
200965112
50867193
2777502600
200499919
2776764944
2779028747
63741993
61776360
69332959
2777049352
2780101685
2780558819
61710460
2777130421
166496512
2776281562
71839028
2778192020
2779738483
2780863039
2779657818
2779386606
140369647
191890177
198420510
2779608769
147409051
2777405444
2777242478
2780886767
2777582445
2778585276
2776328154
109902967
2778950885
2776755189
2776898743
201780435
47080306
2780247607
21552470
2779336208
2780694324
2778190393
146782266
134761745
2781354227
128042770
2779363070
124271689
6379656
2776369624
153028686
130323394
2780798692
2777959331
161681213
2778444140
71813955
158259556
144176703
2781383037
2779396449
65385285
177090959
2776177899
17942118
64828349
543051216
2778705344
2780732888
2781256448
2779738658
99481416
2778405889
35647692
82988395
2777277448
2776225097
130838757
2777350397
2780787636
2781179785
10899652
102451475
2778143190
2779717636
117262203
2776471377
2780150113
2776965509
2776402521
2778572843
2776649132
2777920340
2779316991
114997826
2780838612
18321214
119016455
2776147458
200958910
2780028863
2781332733
2778322331
2780857596
2779987313
2778291118
64370902
115233962
521822307
74256435
121448008
2777625722
131747538
3544514
2780496995
151141877
2778697824
2779407671
2780162246
2776859514
500888818
64962169
2776333361
2781349841
2778302122
2780435313
26271046
2779778366
2780578090
2779659828
2777623114
2779978421
2776298643
2780922353
2781292146
65140031
2779534186
2779207640
175733048
2778591071
126314574
2776247511
128058530
2775894850
2779985961
2776860250
2776511059
2779460620
93977446
2778308789
2777703934
2777637652
176809094
2778518949
2776926435
2780680389
2777266106
2781031428
195740040
103057088
183237670
2778574542
118024281
2775936636
69304541
2778200230
2779506756
2780748603
190995701
2781091120
42629822
2777881786
2778223315
2781091788
2778399494
2776582039
158360780
2780909784
177292542
103882187
2778060423
28479625
2775855782
160843493
551737124
2780769345
2777753879
2781001224
116219795
84853838
2777249847
12389690
2779369948
2777218256
2778644878
2777814893
2780407057
2778727452
126208970
2777100689
2780188138
2776678003
92624490
2777295749
2779456903
117731710
2776426142
2776103279
2779916678
2778987070
2779975754
2776867504
2777367772
2778926497
2780136288
164767435
154735087
2780232172
136206756
146849305
2775874391
2781310574
2779495086
2778045350
2777303640
2777618630
187733543
2777339832
2777238326
2780100819
65469
2776752069
120189094
2779519052
2777913828
134207755
2776644728
2776019494
2780601136
2776926393
2776641477
2778856407
189109488
2780563280
2777817140
2778884160
2779337874
2780814968
5437020
87588665
120881857
505276464
2778848561
120060458
2776678152
110374627
2779146456
17993994
121365943
2779840692
2778380848
2779780100
170595534
2776409971
181406461
2777232094
2776112141
2778556977
80055088
169768988
2781202952
2778281468
2781469264
97137747
2779602883
65542558
2778600920
2777947043
2781294863
2778497495
2777299649
2777687161
29480096
2780817734
56404659
2779553203
58874564
2780563937
158707315
162713946
122302079
2777374296
2778491328
2776534323
2776602343
2780284018
189338579
2780896343
2780807492
2780386049
2781125926
43854504
2778473407
2778331636
68125047
126313176
2777976177
204673680
2778183312
197990232
2775877436
2779189532
2780640485
2776443883
2777862942
193163614
6792957
2776630868
2776388979
2780975796
94821174
2780388405
2779596975
164749845
197018842
2776283769
2780110125
100134115
2778691696
2780355609
519069842
173448604
44507003
541743481
86046910
2779740529
2776129344
2779913927
116456004
2776249344
2780989287
2780800871
2781008069
2779306396
5035944
2781202899
2778358025
204242575
2780432409
2781184463
111538826
114678167
2778646260
2779761531
2776971199
2780459306
2780578390
32526432
43823703
2777992197
2781109791
36639349
2775865876
2776970970
2780323484
2776832971
2781007324
2779273160
2778194327
2778203192
190137741
22640886
2777222942
2779118416
2779949451
7870396
2781259810
70821258
2776720842
2776629159
2777709427
49364354
26063835
2779493386
2778440560
92546971
2777315051
2777401194
67320510
2775973094
2779355006
2780110701
160121416
204207459
2780360823
2778241976
2781176569
2780105916
2780554227
2779137300
2780134574
2778012610
2778157998
169402843
2778423214
71802535
525551149
186407943
154024708
57291850
2781253440
2776065710
84167998
2777413173
2778630550
2776308984
126383566
198766705
2780070734
8112396
2776590545
162217576
2776306415
2779581616
2778758847
2780613045
2779196075
2780954945
2779328336
107310476
2775921931
2778409512
2777764689
2776202623
2780886959
2780695099
2780091748
2776063613
17263918
95655489
2778268060
2780965086
165401729
50878840
2779982338
2777365879
2780408538
2778060165
127532173
2778348996
2776905119
46188125
2776818581
2776370202
151596937
2778891685
2779454472
54698636
2775897344
155203727
2775877944
2777132773
2777686605
2779570027
2777430649
74146387
142756592
2780366628
2777801525
2776293976
31163007
2775857701
2779593757
57041688
2779586890
2781200718
155405519
74749433
2778142441
2778739289
186293655
2779192767
4640916
2779201158
171312461
2780766518
2779553506
2778849045
2776247963
513452062
6032974
2780509572
57903980
83859853
141388940
176166264
2777258254
2779493863
2778730019
192901106
549602527
2776265578
2779061312
2910212
2781433239
10725020
2780138302
104730834
128541587
94070970
2780302154
2781054216
131731608
2777434480
182651772
15147509
2778810519
2775994142
2779127617
2776744231
2781039643
2777683753
105131686
2779147738
187430395
2780044119
2777668078
2778464233
2779285994
2776271971
2780673261
2776133387
2781032752
510318464
2779576323
58650310
2777546112
2780844770
144281595
2777780933
53398686
25902001
120302269
2779282853
47143284
24547453
2777479802
13772937
174714178
2778441606
2778979200
114469553
2779285147
2777885933
107482638
2780908785
2776726305
2778667896
2780430683
2779399933
2776407548
2780975602
186581794
154839486
2777673350
542127796
2776659182
150811021
2777984968
188109852
2780200924
62647757
109714416
2776331037
38262639
2777521884
54625482
175490567
202511199
2779136336
75058329
116250567
160776313
2776224858
2777966421
2781118331
19724227
125474577
2776120014
162763945
2777938268
2775870103
2780001233
2777932652
2776216033
2780667421
2775975535
2778601115
2780994181
2779454666
2777230504
72807224
2780525510
119923195
2777069134
2776228849
2779153429
2777476368
2778313662
2779670282
2779885379
2777276890
2781070134
175886122
205649164
169871373
14932570
2779889937
2777415808
2777299493
2777020133
2781334640
2776533561
2779821702
2777683766
2778824557
2780205538
2777713680
197968181
94976000
2781051608
2775973746
45095769
53571324
2776499153
202356376
2778484202
77835500
2778032234
2778412303
537376119
2776632058
2051122
194896862
35118321
18949120
44196487
43024197
2781226209
2777130985
2779732396
2778705627
2780800114
16469435
152815550
2777116315
2779722575
75007070
86132830
167098581
2780528983
37139622
2776224834
2775975656
2779981229
2777913456
2776508417
144970662
2777370577
110916489
2778848498
2778368093
2776381931
2780521143
2779491984
2777105084
2779443769
2776777543
2779095940
2779363308
27378137
2777873057
2779035016
542509406
130066347
2776571607
127882809
2776428262
2780697098
128277741
2777658277
2777885479
2781121404
44910785
100970517
81361195
117008775
201988250
2776796791
3651065
2778375819
109922023
2778199097
163234941
2779081528
18101618
2777117478
151156465
43246008
2776111208
607359
2776420598
522053795
508295664
2777968757
52226264
2776119857
2781406287
87314876
2780788122
2780777540
2776335398
2777660854
2777628658
2780729786
2777302886
2776488450
73550095
2781025361
191068313
2779729060
2780547138
2777043177
2780579332
546931123
2776507400
2776139661
2776067047
2780231175
2777883703
2778962225
26144545
533215197
126017040
110383551
2779793366
2781270089
2778343591
520944541
2781154746
178904275
2778636908
191935318
2776885127
179016614
12957241
2778878386
187827354
103913367
2779112789
2775907625
2777766008
2779207954
2780574100
29310000
2779925170
2776538979
2780963925
2779956883
2777483326
172106356
2778320016
2777161741
2779247109
115859443
2777152091
2776233202
2777348774
2780988483
2780185832
168605466
125098670
2778364884
161668626
75527780
2778814792
2779538836
2777899157
2780623283
2780907072
162196503
120804375
178824520
2780369977
2775990262
2775927463
2779227245
2777384425
2777044902
2776838057
18629457
2777909505
2780041827
133500307
86021790
205723576
189496520
144157302
2780512470
2779143415
2780928695
2778743272
2775953972
2777313724
203799047
2776336145
2779877863
2778291171
2776996660
37930013
100260852
2781420519
2780948417
2778911001
2777408600
2777084502
2780594301
149712012
92944183
2777488692
78488517
2779305976
2781314451
157199353
5249743
2779698436
2776011918
2776283815
2779101304
2777191628
2777111664
2780847457
2778135656
195936164
2776457596
2776769935
82035822
2781190126
2776240099
2780395512
2777981571
2781351523
2777994884
134906952
2779251355
2778039180
73693805
2776755195
49330708
986699
2778498358
2776452661
2780385866
2779756819
44175312
154575652
108352090
2775892102
2780056423
94435787
192158950
2780962609
2776595359
201960208
184498113
2778149154
2780784121
134620963
112295801
103302344
2779836642
2779342965
56604090
2780001536
31492237
2777926079
59804570
9310005
152846280
2777800392
163372822
161094284
81405235
2780743245
2779104420
34781881
185554395
30722391
164270790
2776946279
2781427794
2777067747
2778674934
2775884628
81155309
2780169707
76256466
2776775114
182243455
99485774
2780703805
87602768
2775977338
2777019676
2778690987
2780971728
181641781
2778215928
2781236200
2781468235
100722585
2777308459
71427050
2777183389
22997703
2778589794
2777387949
2776589251
2781337099
2777571550
132447387
160452857
186569918
129124827
2779804089
2777579366
2780444390
36067731
2780555349
205248224
2777729935
2779103133
2778966021
2777325433
91397359
2777203723
2776977481
42951209
2779628146
2779756825
2780910938
2775989988
2780447415
2778071265
2776883282
528214714
2777802042
2778633791
2779353718
138845058
2781428114
2775878518
117590967
2781275449
2778931255
2780020244
2776474078
107054158
2781125114
85488275
2780433960
100028377
2777743678
194786609
2777234238
32236832
2780466208
60623896
2780223964
140178040
2777554435
2779460559
2780779750
20392434
2776928581
2780349374
24911498
171878925
2778155410
169989914
29403383
12183850
48959070
40900762
150527554
2776679631
2780934425
2779387121
2780638564
2779415240
11922408
2777284309
2779306362
64428635
2778385464
73687267
166417041
53970728
2778061587
150152722
2778181170
33828553
178869978
2779415179
187691185
161313399
2780702066
2780720776
2778750611
138891687
2776997456
2776768332
2780209063
2778924419
2775917858
2777433738
2775937380
9028365
2776262448
2777322524
2780893859
2780197003
196757783
2776861801
2777936987
2779251273
2776708654
2779741826
2780083220
100398564
18050146
189817097
2778508979
2778647138
2779056439
2779505690
2781224132
2781091590
165548995
170061395
504623915
2779524503
106801068
122136912
2776062319
2779009096
2780421013
148602770
143322406
2776288752
527571333
162569806
2776746162
86154893
2777836108
2779002581
2781406329
2778142520
2776889928
2776291646
188295176
2777701342
2776245402
136294620
82051686
21855481
2778205972
53802167
2781130621
88768529
2777240118
2776883752
57882556
67427781
2780269380
2779334965
14303386
2780782217
189223162
181399949
2780855557
168390386
119575611
4565589
2776100306
2778788703
2781185984
2779562990
2781338843
2781001439
114700698
2780990090
2781358545
2776869820
2778287266
2776852042
2777800915
2777441664
2780300847
145478657
168982282
2779179822
2780974818
2779526609
2776224337
199978012
2780842480
2779518129
2776284252
195205253
160565873
28262590
49223487
82544793
2780070916
180966878
193279874
2780884672
2779325935
63962749
2779048506
2780883654
153234959
2776807667
2780353137
72918418
110507453
2780122955
2779467005
91370436
2778126750
96960616
2781251240
2781218492
2778900803
84859931
2777601734
2778166725
2776048411
105066941
166566181
2778128395
141505278
2779507298
183021823
155633948
6831451
2780091996
2778775331
128263622
138082160
2777004798
2781254647
52173716
2777173930
2778116407
2781398798
2775873786
2781000100
131814509
2778728647
170595211
2776549775
2776212127
139496715
2778199559
134440391
196031653
2776863037
2778865556
2780535588
141736933
2777997417
182668804
159505674
101457746
2777346430
2776964328
80223181
2360934
2779504321
102168173
151807755
2780554791
117082904
2777826127
2778918246
2781252159
143310116
169685871
104151175
545622115
2779066878
2779185125
112819843
2776208392
2778742894
122284674
2779206083
186868789
2778472202
101577382
2781225640
2776153327
2776395295
2777576875
4646841
2779093246
2781442432
32596075
2779186631
2776193809
129990765
2781087829
109865853
110071780
2777958270
2779130971
2780016533
2775843773
2779994629
2776217029
2777005625
117488767
2778175293
2777878166
153294291
19582250
2777207567
2775897591
2778451238
204530211
2778552462
2776586418
2779870002
2779943572
2780250032
82596566
2778244774
2778287035
2780260172
2778127285
2778544434
2780893696
2777705153
186379835
140272753
2777968112
2781146142
2777135535
2779252034
2781356908
119003275
2776971113
2780258550
2779006064
2780603017
554736915
2779335578
2776876080
2777819492
558907341
2778030914
28860762
2776371253
93891892
2778270355
2778544944
141036103
2776672048
27177524
173028925
2777868728
452148
2776825417
180820245
2779994751
2781297728
146494362
21434488
115232701
2779689757
2776609434
2777011724
2780494832
3090818
2777171355
2781008781
151107107
2780028911
151213697
2776663854
173163844
8824402
2780029314
2777231864
2780880035
84236424
2778292823
2780445504
2779109440
131426668
194877027
2779796343
2778736949
2776629885
90718677
2778912770
2780802540
2777313370
2778101150
2777130456
2779408585
144321100
183384803
2779531639
12994181
4729504
2777194177
118651642
2780600135
2775841215
2778538500
2776177238
2775984793
181182208
2780107882
2779687364
2778664220
2778876351
2776961342
2779845281
698414
9612784
189818855
2780402381
94531399
188471824
28679811
2777610993
2779150980
2781183200
2780601883
2778118556
59061988
2777670337
2776757386
106315373
2779461545
17935101
2780060247
2776478683
2780143149
512385999
2778833252
111089134
2778588210
185290089
92033742
2779960470
2776795661
2777060948
2778407125
2776406285
16258990
135653721
2779514822
2777550568
22558552
2776551011
111015842
58048580
57766520
102336505
2779061766
2778493900
2777126463
2775977075
2779473724
2780750338
25597596
2781319531
110619738
60500638
78763364
2777599793
2776693829
2779882733
8020162
129372148
170122806
2778774050
2777188261
169535654
2778396579
2781407846
23569133
2781288016
144709373
151120012
2778044066
166545870
2777438064
2780141213
2778997594
2776169605
174711106
2778457617
64309325
2777664206
200242193
2779367833
2778472548
2777950280
2778281682
69689274
180350670
140991214
133145927
2780576571
152174988
2778433062
111147356
61218518
29552662
161542896
124105620
126603772
20353831
2777105500
173711580
109167261
5616717
8929852
132943942
2776603922
2778126800
2777328920
2780369557
2776674678
40805648
72319357
2780644530
2779740109
196557870
119072478
2780465803
207469975
2777511315
2777961954
38807378
2779321823
2778911092
2779374804
178983516
101883679
2777918630
2777913235
550479007
2780678643
2780653189
135098276
2776484231
2775848631
2777757270
2777640389
2776012147
2781181917
139078358
2778960736
2779821363
2778284051
185653798
2776744486
2779056500
2777719359
123850451
509746633
2777055758
146904657
118350294
2776419718
2781292856
2778070626
2778828106
2776951054
2779693017
2780105985
2778486516
2777942232
2781255553
153073247
2776569262
26493955
2777661330
2779741875
75728560
138188437
114260428
194171494
173253207
145746218
104060986
2779973846
126778423
2780141811
2779785107
2779745869
77411360
2779009974
22041718
2779649860
2777809197
2776746753
2779887827
2780430848
2779031564
2781301837
2777320488
123588078
2778877292
2780949621
104096267
2778640037
2781155181
2780142951
2777018559
2777981533
2776011543
2779372758
2777677027
2776192671
124071731
2778255597
2776557202
2779105800
2779857170
166212672
2776019970
503559017
2776624037
2777351170
2776532914
2776016734
2778871930
155987862
2776627624
2777106113
2778048538
2777273334
2776327043
2777952339
501911104
2780785952
2781225380
85079727
2778652415
168896984
2778181085
130716518
2777151370
2778902946
203115093
2776797521
153829536
2778109100
2776245814
2777531377
2777839399
2780211030
2781084341
2779439299
2781449841
171367847
2776343651
2780507054
161242877
2780608421
137607661
2778130511
2780480618
116394254
2779554145
2775963542
58686156
2780865476
2778505942
36699445
2778474126
2780935353
89650837
2777468078
2778660169
2780387606
2778783470
2780555057
2780920634
2777596936
14331020
2776914140
2777117354
80171462
117718488
51064922
2779153319
2777474426
2778503627
2778703146
157273737
2776578604
42533223
2779874797
19653527
38693133
161798024
13934251
2778896361
2779807172
2777970180
2775868159
89488340
105192709
189289785
2776353294
2776136082
2776051966
2777980442
2776588082
174016839
2777967091
93655579
46947095
2776361348
2778722714
2779194196
59200822
96972482
65273630
2777404476
2777992978
61939431
2776618765
141021500
2777467135
2779247581
2778812374
82789328
150723478
2776673561
2777172345
63374392
2778545734
119488029
2779035077
2776429024
130160567
142091370
197699787
2778955098
517489954
2781035638
155231867
58641572
2777637824
2780297707
2779225535
119249163
2778218432
2780978308
204457725
2776414524
2778328888
2779712367
189712489
136410877
2776567534
2779007120
14188793
2778963535
546293398
199553029
2779588502
2780532233
60396740
2776082493
2779547961
2778882890
2780277785
2778092424
2778528993
2780447252
2777087478
2777243469
2781307671
47033486
2777548347
2780993040
9984622
2780033643
140301412
2780178555
2780533540
2780666479
19456673
2776788484
117455697
2777867650
2776923910
163176407
178760647
2778395094
200711233
182709274
168902768
129536444
124843488
2779346056
2780405205
2778029712
2780920310
63974104
99216807
190452966
2780727428
2778371126
22956956
2779415522
2779137160
2778617809
2780212417
2776687071
126005526
166408148
2781452167
2778509612
30064407
2780613536
2780756628
2777181839
2776337611
2780169741
2777579934
2781273836
2778551728
199006499
558872910
68477667
2781115158
139931591
2779713375
2781207099
2779852808
185668508
2775983807
2777626052
113684855
2778325493
117021892
111141941
2776993194
2778666693
115081989
117892258
2781379555
2777494022
146317660
2778738376
65440619
2779909736
2777343023
2780692712
2778539965
2775838571
12858262
184850004
87621631
51452873
2776212654
2777673111
101546441
21910630
156965328
2779715735
127534233
2781001426
2781152414
168375091
2781279460
2776744355
114569116
2776607652
107598950
156005406
2776502212
16961218
2781297371
541189924
2779168147
2779177703
2777991759
2777020083
139478191
2779461648
104541649
141718757
85014361
167624593
203689450
2780254785
2778503069
86409407
2777267355
2777743164
178601582
2778892730
2780073773
2781447154
52487910
100209009
2776598403
161394538
56115534
2779719159
2776852824
146006863
2776927270
2775855739
168703024
113863753
83873828
112731501
555313981
2779049170
2781023503
87841596
157536462
2780907752
2777258089
11731853
195319763
2777976995
108033066
73101811
2776802314
74429832
15141332
2777240490
110156698
29823281
163257088
202417442
2777479519
2780674410
2778920187
29376679
2781249888
2779283931
198176432
71307200
2776814427
2776865675
35797730
191191824
194226119
22927688
2780157993
168958951
126645576
2778547687
125072520
122593962
14941813
150664415
2780112402
40382383
2780486356
2781029814
2777106129
60126980
133440686
139029146
2777596346
2780834230
2781290976
2779501970
42363989
2778662471
2781366508
118365302
134683919
2778466389
54116284
2779430577
174012540
2780583484
35026471
162800787
139909475
2776811842
2778091589
2779564508
120594009
2776881150
2777865245
2781447726
2776246503
72286879
154808844
2779974386
58051837
2778228001
142256066
68282942
2778450110
2780584845
59985194
198510199
2776936976
2779703888
2781360137
76142282
2776256107
2779364751
2781458022
92328372
2780307171
2780207146
2779873939
2780487337
2779827966
182907090
2779832940
123626304
13724139
2779000793
2777694457
2777754936
512135269
2779715073
143895478
68124633
2778407562
2777643767
185439823
2777775103
29330652
2777752930
2779205954
2778808533
2779527925
51470902
117688341
2776700896
168544710
5455396
146108839
48018230
2779148961
84958200
145045334
2776146833
56751440
2778191139
2778345570
2778913063
2779385240
2776558882
67004207
190177333
2781422343
6498766
3124580
2776830445
2776661345
2776004952
170772604
95667121
27511587
2776417114
158105764
2776107708
14400755
2777569006
2780454481
2775993718
2776844897
2780308236
2778504519
2781332785
2776358401
544453697
2779937694
109219706
2776868879
78453108
2781133825
185716799
195080919
165546476
2780370729
2776325125
185245429
2775859251
93941228
20004210
2780118192
81182388
2779534790
2780726123
2781100960
2776193120
2777471711
2779818572
41400649
195295435
2779948602
2778327200
54794346
2778561960
57546440
2778302724
2778049377
2778964614
2778696303
202802212
2778857364
2781214005
2776301168
19269812
509904864
2775931202
2780952882
2777384549
42067281
159554100
68386048
2780745445
2776222278
2781184186
2777619806
2778676798
2780388094
2776390421
2779654678
2779905724
110739175
61968832
2780472865
93835405
2775918843
2777183427
2780388711
2778426922
2779799375
2780936962
2779835606
2778169385
2778100088
197843891
2776089648
71941180
2776058455
2778912395
2779860516
75368297
51882351
2776807976
199679372
58754882
123983605
32994401
2779207065
2780789303
2776556224
2781104208
2779415299
2777773257
2778962633
2778332311
2777868129
127204668
2777797496
2779091180
2777045944
57036864
2779068150
2777060688
2780139001
2778610915
2777315134
2779476982
2777814699
2777815881
57796554
2777354770
56550808
2776364370
520346617
188721877
193212914
2776858511
2776256148
85416773
2780841032
75732639
2778129361
2777038131
2781351303
105161833
2778204906
2779644709
2777682757
75795011
2777880356
2781225395
69976271
2775922135
2780209513
2778159035
2776429162
2778961321
2777804144
2780749442
2776287552
2778438747
125453309
2781459574
201052633
2780610696
2780868508
2778821178
2778373590
2781282392
543632318
74556096
2779999708
182930780
48664494
2779166948
2779899235
64139112
2776961145
2779532214
133946319
2779254466
2777183562
2778357024
2777364373
131979681
2780676863
2779128655
2779138571
82979123
2778378541
512654426
102649902
2777787535
2778976081
2777315239
112964050
2779777708
2777551426
2780179904
159189726
96820896
63182618
79635053
2776535877
2779477592
2778330996
19148707
2781151451
2777131075
2777534865
2780440598
2780160818
2781065177
7353880
2781158773
2776831379
2780362923
120990820
22641795
2777592495
98015455
2778835191
2781360694
2779434121
180379752
2779764895
2776379334
49504249
12893301
2779078516
2778167647
2779609405
109854326
2780457830
116543080
2781063710
2777156707
2780309315
2778174066
200093464
2779024661
2779980673
2777464112
2776636908
2778577567
2780161134
64892901
191640171
2776589136
91311341
2776627592
188709732
2776691510
2779029889
2779214348
2779784465
133716632
2931709
2777938942
2779067285
2776011574
191478404
2778195408
2779296967
2781281691
87801597
150552126
207943828
5907387
2777793349
2779784338
87671729
2779125090
144993055
187297233
106032565
2779647097
2780179066
2777381828
134545062
2777319511
163499129
2776451817
163949716
169721403
137527057
2777445618
58386926
2777009965
2779851404
2780746433
2781363737
2776245594
2778889048
2781206121
2777326885
2779247989
121129557
2780173731
532361734
158658830
91626759
65352953
193137418
145619142
2778775172
193232246
2779163799
13387856
2775943428
2776797582
167393769
2777659741
2780913535
94042562
154106715
2778643837
2780820193
2777071859
185815671
2779143537
2776477512
2777687384
116953426
2778415982
2781071425
2776010820
24491925
174102783
2779916317
2778418068
2776647020
2778796366
2779865749
108750561
2778787886
2778373884
61270903
2776881316
526757652
509160430
2777029515
2778787019
2780231627
2781275162
130700731
155310634
2781075042
2775900385
2779462205
39353612
190591155
2779441315
18723104
2776830942
2781006310
104511454
2780505058
2777672627
2777132132
64380156
127770441
2776709738
125820328
2779739161
93326203
36556160
2780984593
51820909
81631423
97094461
2777305981
2777114023
2778744917
2780845164
2776207589
2779526119
2781455244
2779649826
192525933
2777364972
2780158922
164165621
2780786088
192757587
192086492
131493965
2778884552
2777691765
2781174798
63219958
188678523
15038116
95098488
2780572109
2781192353
176721413
189956118
10584406
2780847881
2778960247
2780906298
2778847858
2777364132
2777040173
2778110064
2776813744
2777390431
2778734068
181136755
43658493
93139939
2777890018
2781314827
163077602
527588094
115585786
130459987
2776598317
2778654236
2776698168
195064531
2777198616
202964095
554190296
2778040814
25294387
2781426064
2778632339
2777371436
2780385525
164605654
6990792
2779362956
2776112827
2780185475
163916292
2777158706
