3923682	cai yangjian	121332964	physics	22	30	17	18	26	18	21	19	3	0	0
3923682	cao yongluo	33923547	mathematics	2	0	4	2	1	2	0	3	1	2	1
3923682	chen hong	185592680	chemistry	2	0	0	0	1	10	10	6	12	9	5
3923682	feng yan	185592680	chemistry	8	9	9	16	19	22	9	11	19	3	0
3923682	zhiyuan zhong	185592680	chemistry	6	0	11	9	24	11	21	13	19	16	27
4610292	huang yunqing	121332964	physics	1	5	5	4	2	4	4	5	5	8	11
4610292	yichun zhou	185592680	chemistry	0	2	3	4	6	2	10	14	11	9	9
4800084	ping wang	127413603	engineering	1	6	7	17	10	8	19	18	27	4	0
5740404	chunshui yu	71924100	medicine	4	7	7	14	19	23	33	29	26	0	0
5740404	jie yang	185592680	chemistry	0	4	6	2	4	8	2	10	5	7	8
5740404	ning zhang	185592680	chemistry	0	6	1	9	5	9	7	10	7	7	22
9086337	bingshe xu	185592680	chemistry	1	8	3	4	3	0	4	1	0	2	6
9086337	dong jinxiang	185592680	chemistry	2	2	4	3	7	5	14	4	13	12	5
9086337	liang weiguo	127313418	geology	0	2	2	2	2	4	1	0	6	4	4
9224756	huang min	41008148	computer science	0	0	0	1	0	0	0	1	0	0	0
9224756	jianhua wang	185592680	chemistry	0	0	0	0	0	0	0	1	0	0	1
9224756	sun xudong	185592680	chemistry	0	0	0	0	0	0	0	0	0	0	0
9224756	wang xingwei	41008148	computer science	0	1	0	0	1	1	0	0	1	0	2
9842412	wang zaihua	127413603	engineering	0	0	1	1	0	1	3	2	3	0	3
9916479	cao feng	71924100	medicine	5	9	14	17	27	26	14	12	13	22	2
9916479	han hua	71924100	medicine	0	0	0	1	1	3	6	4	14	3	13
9916479	huang xi	71924100	medicine	0	1	0	0	0	0	1	1	1	0	0
9916479	ling tao	71924100	medicine	7	1	14	5	16	10	24	8	8	12	14
12411659	gao xiumei	185592680	chemistry	0	2	11	13	17	19	16	22	29	30	25
16609230	guilin wen	127413603	engineering	4	5	2	1	7	5	6	4	9	10	13
16609230	he yan	185592680	chemistry	4	4	8	4	4	12	19	3	4	1	0
16609230	he yigang	127413603	engineering	7	5	10	23	16	26	23	15	7	2	5
16609230	jiang jianhui	185592680	chemistry	16	26	42	20	27	17	20	22	31	22	17
16609230	shuangchun wen	121332964	physics	20	31	73	33	37	37	19	21	21	27	48
16609230	xiaobing zhang	185592680	chemistry	4	9	10	17	13	23	21	21	30	29	5
17145004	chen jingdong	127413603	engineering	2	6	10	11	9	17	25	18	12	0	0
17145004	hejun li	185592680	chemistry	1	2	2	6	2	3	9	9	12	25	36
17145004	xiaopeng zhao	121332964	physics	0	1	0	2	0	0	5	7	8	17	18
19820366	ai yinshuang	127313418	geology	0	1	1	1	0	3	2	1	1	0	1
19820366	aihui zhou	33923547	mathematics	1	2	4	5	5	3	0	6	5	10	14
19820366	an taicheng	185592680	chemistry	5	13	17	16	18	21	32	24	24	1	0
19820366	andong xia	185592680	chemistry	0	2	7	4	11	3	9	7	4	3	5
19820366	bai fengyan	86803240	biology	4	5	3	5	2	8	3	8	2	9	1
19820366	bai haiyang	121332964	physics	0	1	0	0	1	0	0	0	0	0	0
19820366	bai xuedong	185592680	chemistry	4	2	4	10	12	14	7	13	8	17	12
19820366	bai yongfei	86803240	biology	1	3	5	3	5	5	9	9	13	7	7
19820366	bai zhongzhi	33923547	mathematics	2	2	4	7	5	9	8	6	6	8	4
19820366	baifei shen	121332964	physics	5	10	2	13	14	7	13	8	8	13	17
19820366	baiqing xu	127313418	geology	2	1	7	8	8	2	9	8	11	11	14
19820366	bao lan	71924100	medicine	0	0	0	0	3	2	1	1	5	1	4
19820366	bao yang	185592680	chemistry	24	33	24	40	32	30	22	10	12	20	4
19820366	baochun huang	127313418	geology	4	1	2	1	6	3	5	2	4	3	4
19820366	baolong shen	121332964	physics	3	3	2	1	1	1	0	7	12	10	3
19820366	baonian wan	121332964	physics	7	19	9	19	16	11	5	10	8	13	2
19820366	baozhu guo	121332964	physics	0	0	0	0	0	0	0	1	2	0	0
19820366	beiying wu	127313418	geology	0	0	0	0	1	0	0	1	0	2	0
19820366	benzhan zhu	185592680	chemistry	0	0	0	2	1	3	10	14	8	8	1
19820366	bing cheng	144133560	business	0	0	0	0	0	0	0	0	0	0	1
19820366	bing zhu	185592680	chemistry	3	3	0	0	1	1	3	0	1	1	0
19820366	bingsong zou	121332964	physics	1	0	0	0	0	0	0	0	0	0	0
19820366	binyong sun	33923547	mathematics	2	4	5	1	2	2	2	5	0	0	0
19820366	bixian mai	185592680	chemistry	3	2	6	2	8	12	16	21	13	23	24
19820366	boqiang qin	127313418	geology	5	12	13	22	20	7	19	10	15	23	17
19820366	cai chunfang	127313418	geology	1	4	4	3	2	4	2	2	6	8	5
19820366	cai ronggen	121332964	physics	1	4	1	5	7	7	5	10	17	21	11
19820366	cai shuqun	127313418	geology	2	4	2	5	1	8	3	4	3	6	7
19820366	cai xinxia	185592680	chemistry	9	6	9	3	5	8	6	14	9	8	20
19820366	cai zucong	86803240	biology	1	2	0	2	1	3	7	8	7	8	8
19820366	caidian lu	121332964	physics	0	0	0	0	0	0	0	0	0	0	0
19820366	canzhong lu	185592680	chemistry	1	5	10	22	20	23	26	18	19	8	12
19820366	cao daomin	33923547	mathematics	0	2	5	2	6	4	1	8	2	4	2
19820366	cao hongbin	185592680	chemistry	5	9	5	7	20	28	19	38	44	7	0
19820366	cao jun	121332964	physics	2	1	0	1	2	1	0	5	0	2	1
19820366	cao juncheng	121332964	physics	2	0	0	1	2	4	3	2	0	4	5
19820366	cao junji	185592680	chemistry	2	5	11	7	7	18	7	22	34	29	33
19820366	cao rong	185592680	chemistry	9	7	18	24	38	32	23	14	20	15	14
19820366	cao xinwu	121332964	physics	1	2	2	3	4	2	4	4	5	4	7
19820366	cao xueqiang	185592680	chemistry	3	4	4	17	18	16	19	10	14	21	16
19820366	ceshi chen	185592680	chemistry	0	0	0	0	0	0	0	0	0	0	0
19820366	chang chen	185592680	chemistry	4	3	4	10	6	8	2	5	3	14	6
19820366	chang jin	121332964	physics	0	0	1	0	3	3	8	6	5	4	3
19820366	chang kai	121332964	physics	0	2	5	5	3	5	9	3	14	9	8
19820366	changchun song	127313418	geology	9	7	12	11	13	13	11	19	15	7	8
19820366	changhe zhou	121332964	physics	0	0	2	4	21	8	20	12	9	20	7
19820366	changqing zeng	86803240	biology	0	0	0	1	0	0	6	3	4	2	7
19820366	changsheng xu	41008148	computer science	10	10	16	30	23	27	32	17	34	17	18
19820366	changsheng zhang	185592680	chemistry	4	0	3	1	3	15	18	11	7	5	5
19820366	changyin zhao	121332964	physics	0	1	3	3	1	1	2	6	6	8	7
19820366	changzhi gu	185592680	chemistry	3	11	16	21	14	28	30	14	12	26	19
19820366	chao shen	121332964	physics	0	0	0	0	0	0	0	0	1	0	0
19820366	chaozhong li	185592680	chemistry	0	0	0	0	4	2	4	7	4	5	8
19820366	chen chuanfeng	185592680	chemistry	2	3	4	7	17	12	13	12	10	30	15
19820366	chen dahua	86803240	biology	2	0	1	0	1	2	6	2	1	6	1
19820366	chen duofu	127313418	geology	2	3	4	3	1	2	3	4	8	3	8
19820366	chen fan	185592680	chemistry	5	8	3	5	10	7	3	3	5	2	7
19820366	chen hangrong	185592680	chemistry	12	9	6	10	14	11	21	23	25	17	14
19820366	chen jijun	185592680	chemistry	7	6	10	16	10	28	13	14	13	10	18
19820366	chen liding	127313418	geology	5	8	14	9	6	12	11	14	13	13	18
19820366	chen lidong	185592680	chemistry	1	4	6	11	9	7	14	36	22	30	23
19820366	chen ming	185592680	chemistry	0	1	0	2	2	4	0	5	5	2	5
19820366	chen mingsheng	86803240	biology	0	2	0	0	0	2	1	2	4	1	2
19820366	chen ping	185592680	chemistry	10	8	8	15	15	12	26	18	26	33	33
19820366	chen shaohua	185592680	chemistry	5	5	7	8	14	7	12	14	18	15	9
19820366	chen shu	121332964	physics	17	9	11	11	12	8	12	13	15	1	0
19820366	chen wang	185592680	chemistry	11	16	15	8	31	28	34	26	20	24	35
19820366	chen xiaoshuang	121332964	physics	7	7	16	13	41	25	19	26	30	33	34
19820366	chen xiaosong	121332964	physics	0	0	0	0	0	0	0	0	2	0	2
19820366	chen xilin	41008148	computer science	9	28	19	22	24	24	18	24	16	28	26
19820366	chen xinwen	71924100	medicine	2	2	1	5	7	4	4	3	5	9	5
19820366	chen xuesi	185592680	chemistry	0	0	1	4	6	12	24	26	48	42	49
19820366	chen xueyuan	185592680	chemistry	4	12	13	15	11	12	18	14	11	12	3
19820366	chen yanjing	127313418	geology	0	0	0	0	0	1	5	1	1	1	2
19820366	chen yaofeng	185592680	chemistry	5	4	8	8	4	6	4	4	5	9	1
19820366	chen yonghai	121332964	physics	1	2	1	2	4	3	9	17	10	6	22
19820366	chen yongming	185592680	chemistry	0	1	2	7	9	12	10	11	5	11	11
19820366	chen zhiming	121332964	physics	1	1	1	1	1	4	2	1	4	2	7
19820366	chen zhongning	185592680	chemistry	0	8	13	9	8	9	14	13	16	10	14
19820366	cheng jiangong	185592680	chemistry	4	3	3	6	3	5	3	6	8	5	1
19820366	cheng li	121332964	physics	5	7	15	13	21	19	11	15	30	34	4
19820366	cheng zhaohua	121332964	physics	4	11	15	6	3	13	13	10	8	15	15
19820366	cheng zhukuan	86803240	biology	1	0	1	2	1	2	6	11	6	7	10
19820366	chengcai chu	86803240	biology	1	1	6	6	7	9	8	9	14	12	5
19820366	chenglong deng	127313418	geology	8	7	10	5	5	6	7	3	7	5	12
19820366	chengshu wang	86803240	biology	4	5	2	3	5	9	12	9	16	8	6
19820366	chenqi xu	185592680	chemistry	0	1	0	2	5	2	2	3	5	0	0
19820366	chenzhu wang	86803240	biology	3	4	6	5	4	4	4	2	6	3	3
19820366	chong kang	86803240	biology	2	4	0	1	6	8	10	17	7	11	9
19820366	chonglin yang	185592680	chemistry	0	2	0	0	5	2	0	1	2	1	3
19820366	chongxin shan	121332964	physics	11	11	10	8	10	12	10	4	15	0	0
19820366	chuanjie zhu	121332964	physics	2	0	0	6	3	3	3	0	1	0	0
19820366	chuanyong jing	185592680	chemistry	2	2	6	9	11	11	9	12	11	5	0
19820366	chuanyou li	86803240	biology	2	1	1	4	0	0	3	2	3	4	5
19820366	chun hu	185592680	chemistry	5	8	9	10	8	5	12	5	8	11	8
19820366	chun tang	185592680	chemistry	0	2	1	0	1	2	3	10	6	8	10
19820366	chungu xia	185592680	chemistry	6	10	17	27	12	12	21	35	31	24	48
19820366	chunhai fan	185592680	chemistry	2	3	1	7	9	15	15	25	40	18	37
19820366	chunming liu	86803240	biology	3	1	2	2	4	3	2	3	4	11	3
19820366	chunming wu	127313418	geology	2	0	0	2	3	2	2	2	7	3	9
19820366	chunru wang	185592680	chemistry	2	1	0	2	0	1	6	7	3	11	18
19820366	chunyang li	86803240	biology	2	1	0	2	9	16	11	10	5	10	7
19820366	chunyang zhang	185592680	chemistry	1	2	5	3	11	13	18	9	3	9	2
19820366	congming lu	185592680	chemistry	4	6	1	10	6	5	5	2	17	6	8
19820366	congqiang liu	127313418	geology	0	3	1	3	0	1	1	1	14	9	9
19820366	cui guizhen	33923547	mathematics	0	0	1	0	2	3	1	0	1	2	2
19820366	cuihong yang	162324750	economics	3	0	6	0	4	2	6	1	1	3	3
19820366	cunde xiao	127313418	geology	4	11	4	9	10	9	8	8	6	0	0
19820366	dai ning	185592680	chemistry	1	1	3	0	2	2	1	10	11	6	15
19820366	dai xi	121332964	physics	2	1	15	13	30	22	28	20	17	39	28
19820366	dai yucheng	86803240	biology	0	1	1	3	3	9	1	5	6	9	7
19820366	dai yuhong	33923547	mathematics	5	1	1	3	4	6	4	10	5	6	8
19820366	dali guo	86803240	biology	0	0	1	2	2	6	6	11	4	12	2
19820366	dan wang	185592680	chemistry	24	26	24	18	23	31	16	20	41	60	16
19820366	degang zhao	121332964	physics	1	4	9	9	15	20	11	7	12	11	15
19820366	dehua wang	71924100	medicine	2	5	4	5	5	9	12	7	10	3	12
19820366	dejin wu	121332964	physics	1	0	1	0	0	0	2	0	1	1	0
19820366	deng feng	185592680	chemistry	0	3	9	8	12	23	20	23	25	17	22
19820366	deng hongyu	71924100	medicine	1	6	5	9	4	3	4	4	0	1	0
19820366	deng xiangzheng	127313418	geology	1	9	9	18	29	12	21	24	21	18	33
19820366	deng youquan	185592680	chemistry	0	0	2	1	12	4	15	14	20	9	4
19820366	deqing zhang	185592680	chemistry	0	0	3	4	9	15	20	25	25	26	23
19820366	ding jianping	185592680	chemistry	0	0	0	0	0	0	0	1	4	3	1
19820366	ding ke	185592680	chemistry	13	13	26	20	12	18	13	14	14	1	0
19820366	ding lin	127313418	geology	2	3	7	2	3	3	10	15	5	12	9
19820366	ding weixin	86803240	biology	1	1	5	4	2	7	0	1	6	3	8
19820366	ding yuqiang	71924100	medicine	0	0	0	0	0	0	1	3	6	3	1
19820366	dong xie	71924100	medicine	0	2	3	2	1	5	7	4	10	7	13
19820366	dongfeng xue	185592680	chemistry	0	0	0	0	0	0	18	17	25	31	13
19820366	dongge ma	185592680	chemistry	3	3	2	0	5	9	13	19	40	39	42
19820366	dongmei zhou	185592680	chemistry	5	11	15	24	17	21	19	23	17	16	42
19820366	dongsheng wang	185592680	chemistry	7	16	24	19	16	17	25	20	22	17	23
19820366	dongxiao wang	127313418	geology	3	6	7	10	6	9	7	7	17	16	18
19820366	du jiulin	71924100	medicine	0	1	3	3	7	5	4	7	8	7	0
19820366	du shixuan	185592680	chemistry	4	12	20	18	19	12	20	18	11	24	2
19820366	duan zhenhao	185592680	chemistry	0	0	0	0	0	1	5	5	5	7	9
19820366	dujin wang	185592680	chemistry	22	8	14	20	15	19	11	25	19	26	18
19820366	ercang luo	121332964	physics	0	3	1	3	5	7	5	1	3	3	2
19820366	fajun nan	185592680	chemistry	1	7	6	3	16	7	14	8	10	8	11
19820366	fan hongrui	127313418	geology	3	3	2	3	4	3	0	5	1	4	6
19820366	fan ke	127313418	geology	2	8	4	2	9	8	3	6	8	4	1
19820366	fan ying	162324750	economics	2	5	0	2	12	8	3	6	9	8	10
19820366	fan yizhong	121332964	physics	5	8	9	12	10	10	16	25	7	0	0
19820366	fang haiping	185592680	chemistry	0	1	7	11	10	13	14	18	3	16	5
19820366	fei wang	185592680	chemistry	12	15	13	30	29	27	43	59	48	52	62
19820366	fei xu	127413603	engineering	0	0	0	0	0	1	1	1	0	0	0
19820366	feimeng zhou	185592680	chemistry	0	0	0	0	0	0	0	2	0	0	0
19820366	feimin huang	121332964	physics	2	2	0	0	0	1	4	7	3	7	2
19820366	feiyue wang	41008148	computer science	2	0	0	1	2	7	5	9	17	33	39
19820366	feng huang	185592680	chemistry	4	0	6	6	6	5	8	23	12	17	19
19820366	feng longlong	121332964	physics	1	2	6	4	8	2	10	7	18	5	10
19820366	feng qi	127313418	geology	5	0	10	10	9	6	10	19	17	10	18
19820366	feng songlin	185592680	chemistry	0	3	0	3	5	7	5	4	12	17	28
19820366	feng xinbin	185592680	chemistry	10	13	10	35	10	23	20	27	29	25	29
19820366	feng yuan	121332964	physics	0	0	0	3	6	7	8	14	7	10	7
19820366	feng zhou	185592680	chemistry	20	13	11	28	26	25	32	38	48	47	24
19820366	fengchang wu	185592680	chemistry	0	5	1	0	3	5	10	7	16	8	18
19820366	fenghua li	185592680	chemistry	1	1	4	8	8	8	18	12	9	18	22
19820366	fengqi liu	121332964	physics	18	4	1	1	2	7	4	3	2	9	12
19820366	fengtang yang	127313418	geology	0	0	0	0	0	0	0	1	1	1	0
19820366	fu gao	127313418	geology	0	0	0	0	0	0	0	2	0	1	1
19820366	fu liyun	121332964	physics	3	2	1	3	2	5	6	2	8	7	7
19820366	fu xiangdong	86803240	biology	0	0	0	1	1	0	2	4	4	4	0
19820366	fucheng zhang	127313418	geology	5	1	7	2	5	2	0	1	1	1	0
19820366	fumin lei	127313418	geology	1	3	6	5	5	6	12	15	12	13	15
19820366	fuqiang huang	185592680	chemistry	5	14	27	15	16	41	35	37	31	30	34
19820366	fuyuan wu	127313418	geology	0	1	1	3	0	3	5	10	21	21	20
19820366	fuzhou gong	33923547	mathematics	0	1	0	1	2	2	0	1	0	1	1
19820366	gan zhang	185592680	chemistry	17	18	13	20	12	26	33	31	36	35	44
19820366	gan zhihua	185592680	chemistry	2	3	4	3	5	8	6	6	3	6	2
19820366	gang huang	127313418	geology	10	6	11	9	6	12	23	26	27	5	0
19820366	gang qin	41008148	computer science	0	0	1	0	0	2	1	4	0	0	0
19820366	gang su	121332964	physics	10	5	7	9	11	6	4	5	14	9	6
19820366	gang zhao	121332964	physics	10	25	13	12	16	25	18	18	28	41	54
19820366	gangjian wei	127313418	geology	3	4	4	3	5	15	11	12	10	12	4
19820366	ganlin zhang	127313418	geology	2	2	4	0	4	1	8	4	4	5	7
19820366	gao guangxia	71924100	medicine	0	1	0	0	0	1	2	3	0	2	1
19820366	gao hongjun	185592680	chemistry	3	1	3	2	5	13	7	14	18	32	26
19820366	gao jie	185592680	chemistry	0	0	0	0	0	3	2	2	4	5	4
19820366	gao jun	127313418	geology	4	12	7	8	12	7	10	11	7	11	7
19820366	gao mingyuan	185592680	chemistry	1	0	0	0	1	2	3	4	5	6	7
19820366	gao xueyun	185592680	chemistry	0	0	0	1	0	0	0	0	0	1	0
19820366	gao yu	121332964	physics	1	2	8	2	3	4	4	9	10	12	13
19820366	ge maofa	185592680	chemistry	3	8	18	24	28	30	24	19	18	13	10
19820366	ge wei	121332964	physics	13	9	13	11	13	13	27	3	11	13	18
19820366	gehui wang	185592680	chemistry	0	5	2	5	8	7	12	9	5	6	3
19820366	geng yanhou	185592680	chemistry	0	2	1	0	0	5	18	18	18	18	10
19820366	geng yong	162324750	economics	4	6	14	10	12	31	13	6	3	1	0
19820366	genxu wang	127313418	geology	4	3	9	5	10	5	6	8	6	6	5
19820366	gexia qiao	86803240	biology	5	6	5	8	9	9	12	13	15	11	10
19820366	gong jiming	185592680	chemistry	0	0	1	0	5	3	3	2	1	4	0
19820366	gongli tang	185592680	chemistry	1	1	1	1	2	0	1	3	2	4	3
19820366	gu hui	185592680	chemistry	0	0	1	1	7	8	5	4	1	1	2
19820366	guangbiao zhou	71924100	medicine	8	4	10	10	6	6	10	5	8	0	0
19820366	guanghui rao	185592680	chemistry	14	17	10	3	2	0	1	1	2	3	1
19820366	guangshe li	185592680	chemistry	2	5	18	20	15	12	18	25	16	14	11
19820366	guangsheng zhou	86803240	biology	1	7	2	7	6	17	13	15	16	16	9
19820366	guangyu zhang	185592680	chemistry	2	0	2	6	12	11	22	9	27	23	5
19820366	gui yu	185592680	chemistry	10	6	25	26	23	31	41	29	19	33	32
19820366	guo guocong	185592680	chemistry	4	0	1	5	17	16	21	27	27	15	18
19820366	guo huishan	86803240	biology	0	0	1	0	0	0	2	3	4	2	7
19820366	guo jiandong	185592680	chemistry	2	7	4	6	8	7	10	3	14	4	20
19820366	guo lianghong	185592680	chemistry	7	5	2	5	2	6	8	6	11	12	12
19820366	guo yuewei	185592680	chemistry	0	0	1	1	1	0	1	0	10	19	14
19820366	guo yuguo	185592680	chemistry	8	7	6	19	16	29	31	21	12	30	40
19820366	guo zhancheng	185592680	chemistry	1	0	0	2	3	0	1	3	7	6	5
19820366	guohua zou	162324750	economics	0	3	4	1	3	3	4	6	8	2	2
19820366	guoliang xu	33923547	mathematics	1	1	0	3	2	5	5	3	8	5	10
19820366	guosheng liu	185592680	chemistry	1	4	5	5	13	16	14	16	25	9	13
19820366	guowei he	121332964	physics	1	0	1	1	0	2	3	1	5	7	5
19820366	guowen meng	185592680	chemistry	1	4	8	9	4	9	7	4	7	10	11
19820366	guoyi zhou	127313418	geology	2	1	7	10	20	16	18	12	8	17	10
19820366	haibin wang	71924100	medicine	1	7	4	4	6	5	5	6	5	12	19
19820366	haibin wu	127313418	geology	2	4	3	3	5	5	5	3	5	7	2
19820366	haibin yu	41008148	computer science	5	5	4	5	22	9	6	11	5	9	16
19820366	haifeng zhang	185592680	chemistry	2	1	4	6	8	3	13	15	14	17	8
19820366	haijun zhou	185592680	chemistry	6	6	11	12	5	11	17	11	6	16	11
19820366	hailin wang	185592680	chemistry	3	4	11	13	10	11	12	20	14	15	9
19820366	hairong zheng	121332964	physics	6	9	33	24	32	28	37	52	44	65	8
19820366	han jinlin	121332964	physics	0	1	0	0	0	1	1	1	0	1	0
19820366	han xiufeng	121332964	physics	14	8	5	2	0	1	6	19	19	15	28
19820366	han yanchun	185592680	chemistry	4	1	1	1	0	4	2	20	22	31	24
19820366	hansheng wang	127313418	geology	0	0	1	9	4	2	4	9	2	3	5
19820366	hao zhengping	185592680	chemistry	4	4	3	8	5	8	23	21	18	12	21
19820366	he hong	185592680	chemistry	0	0	0	1	8	12	18	15	31	33	21
19820366	he hongping	185592680	chemistry	5	8	18	21	29	45	28	26	34	28	50
19820366	he huaiyu	127313418	geology	2	2	4	3	4	9	5	8	8	0	0
19820366	he jizheng	86803240	biology	2	5	7	16	15	24	6	12	18	20	15
19820366	he shenggui	185592680	chemistry	5	10	15	12	13	15	13	11	21	16	4
19820366	he shunping	86803240	biology	1	0	0	0	2	4	0	7	6	9	13
19820366	he yuan	121332964	physics	12	7	8	11	17	18	15	12	3	0	0
19820366	he zuhua	86803240	biology	0	0	0	0	0	0	0	1	5	3	8
19820366	hong li	185592680	chemistry	13	30	44	31	43	50	55	52	58	59	9
19820366	hong liao	127313418	geology	0	1	0	0	3	1	4	9	3	4	4
19820366	hong wu	121332964	physics	8	8	0	4	11	5	7	13	14	19	12
19820366	hong yiguang	127413603	engineering	4	4	5	4	1	5	4	17	9	17	13
19820366	hong zhang	185592680	chemistry	41	37	38	60	54	57	75	61	103	77	77
19820366	hong zhong	127313418	geology	3	4	5	6	10	12	5	7	9	2	0
19820366	hongbin ji	71924100	medicine	3	1	9	5	19	11	16	5	11	12	1
19820366	hongbo li	33923547	mathematics	9	8	5	5	11	6	5	11	17	15	4
19820366	hongmei su	185592680	chemistry	3	4	4	2	6	5	4	4	4	0	0
19820366	hongmei wang	71924100	medicine	5	6	12	8	7	11	8	11	9	11	11
19820366	hongqing ling	86803240	biology	1	1	1	0	0	1	1	2	5	4	5
19820366	hongwei xue	185592680	chemistry	1	0	0	0	1	1	6	2	4	2	10
19820366	hongwei zhao	121332964	physics	0	1	0	0	0	2	2	1	4	14	9
19820366	hongzhi kong	86803240	biology	2	4	2	2	2	3	2	3	6	2	2
19820366	hou jianhui	185592680	chemistry	2	5	1	6	15	28	28	27	39	48	8
19820366	hou shugui	127313418	geology	2	2	1	2	6	3	8	4	7	3	3
19820366	hou zengguang	41008148	computer science	22	28	25	23	21	16	32	36	31	43	19
19820366	houyuan lu	127313418	geology	0	0	5	2	2	3	4	2	3	2	4
19820366	hu jinbo	185592680	chemistry	3	4	4	7	13	15	16	17	19	23	17
19820366	hu lihong	185592680	chemistry	2	5	12	18	15	14	15	15	24	17	20
19820366	hu wei	185592680	chemistry	13	8	19	13	12	11	13	13	12	14	2
19820366	hu weiming	41008148	computer science	6	16	7	7	9	19	25	27	25	15	34
19820366	hu weiwu	41008148	computer science	4	9	2	4	0	1	2	4	6	7	13
19820366	hu youhong	185592680	chemistry	8	6	11	13	7	18	16	6	7	7	5
19820366	hu zhihong	71924100	medicine	1	0	1	2	3	2	2	3	5	6	9
19820366	hua jiang	185592680	chemistry	0	5	5	11	10	13	8	10	8	2	3
19820366	hua xiang	185592680	chemistry	4	3	3	6	6	2	3	4	5	8	7
19820366	hualin wang	71924100	medicine	9	6	11	5	8	4	7	10	8	11	17
19820366	huang mingdong	185592680	chemistry	0	1	0	1	6	5	7	4	6	8	14
19820366	huang qingming	41008148	computer science	22	25	27	27	27	30	19	22	35	29	29
19820366	huang shanjin	185592680	chemistry	2	1	0	3	3	3	2	4	2	6	3
19820366	huang xun	185592680	chemistry	1	1	4	9	8	7	6	2	6	9	1
19820366	huang yongping	86803240	biology	1	7	11	9	14	6	3	5	6	9	12
19820366	huang yongzhen	121332964	physics	1	2	1	3	9	2	10	8	10	16	18
19820366	huayun xiao	185592680	chemistry	3	6	8	4	3	2	4	6	10	1	0
19820366	hui lijian	71924100	medicine	1	2	0	4	3	4	3	2	7	10	9
19820366	hui wang	185592680	chemistry	36	38	49	53	67	61	67	110	89	132	110
19820366	huijuan liu	185592680	chemistry	18	19	25	10	21	28	22	19	38	35	41
19820366	huijun wang	127313418	geology	1	4	0	2	3	3	5	9	9	9	16
19820366	huimin ma	185592680	chemistry	1	8	3	3	10	5	8	3	5	8	17
19820366	huiru tang	185592680	chemistry	2	2	3	7	5	4	6	11	12	16	17
19820366	hushan xu	121332964	physics	8	6	11	7	12	24	11	15	11	6	8
19820366	ji shen	127313418	geology	5	7	5	10	12	14	17	11	9	13	15
19820366	ji yang	121332964	physics	4	5	7	6	12	11	5	5	8	20	13
19820366	jia li	185592680	chemistry	26	22	33	34	43	60	47	58	69	96	98
19820366	jia yongfeng	185592680	chemistry	2	3	4	5	5	7	3	6	4	2	1
19820366	jiajia liu	185592680	chemistry	0	1	0	1	0	1	3	1	3	5	0
19820366	jian zhang	185592680	chemistry	7	8	16	19	23	73	40	48	45	80	62
19820366	jiang liu	41008148	computer science	14	9	9	6	10	16	11	12	15	3	0
19820366	jiang taijiao	71924100	medicine	0	1	0	2	3	8	4	6	8	9	2
19820366	jiang tao	185592680	chemistry	9	18	12	14	10	14	15	14	27	16	19
19820366	jiang wan	185592680	chemistry	0	2	3	7	11	10	9	6	17	3	4
19820366	jiang wei	185592680	chemistry	6	8	8	17	18	10	19	16	38	18	31
19820366	jiang xin	185592680	chemistry	2	2	3	2	7	4	9	6	8	20	14
19820366	jiang yueming	185592680	chemistry	5	6	6	5	5	15	8	25	23	40	38
19820366	jiang zhao	185592680	chemistry	1	0	4	5	8	5	4	5	6	7	4
19820366	jiang zhu	127313418	geology	2	3	1	6	1	9	6	10	5	14	16
19820366	jianggao mao	185592680	chemistry	19	26	23	27	18	23	21	33	17	16	16
19820366	jianghua sun	86803240	biology	0	0	0	2	4	4	8	6	4	9	6
19820366	jianhua ju	185592680	chemistry	5	4	15	17	7	7	7	4	13	2	0
19820366	jianhua tao	41008148	computer science	10	12	14	10	7	19	15	23	10	2	0
19820366	jianlin luo	121332964	physics	13	1	4	19	12	12	1	4	6	2	5
19820366	jianmin wang	185592680	chemistry	0	2	0	0	0	0	1	1	3	4	5
19820366	jianmin yue	185592680	chemistry	0	1	4	0	0	0	2	2	8	19	16
19820366	jianqi li	185592680	chemistry	1	0	0	0	2	3	1	7	8	3	7
19820366	jianqiu wang	185592680	chemistry	1	3	5	10	8	4	4	6	4	10	14
19820366	jiansheng liu	121332964	physics	10	17	9	11	12	9	6	12	8	3	0
19820366	jianyuan sun	185592680	chemistry	0	0	0	0	0	0	0	0	0	0	2
19820366	jiaojun zhu	86803240	biology	8	6	17	9	16	6	4	8	11	7	12
19820366	jiawei zhou	71924100	medicine	2	0	5	1	2	3	2	1	2	6	2
19820366	jiawen xia	121332964	physics	0	0	0	0	0	0	5	2	2	0	1
19820366	jifeng liu	121332964	physics	6	6	1	4	1	0	9	11	3	1	0
19820366	jifeng xu	127313418	geology	1	2	2	3	5	4	2	4	5	2	0
19820366	jimin sun	127313418	geology	1	1	5	5	4	3	6	2	1	4	6
19820366	jin kuijuan	121332964	physics	1	4	26	26	21	23	20	21	14	11	17
19820366	jin zhangdong	127313418	geology	6	3	6	7	9	7	15	15	16	13	7
19820366	jin zhi	127413603	engineering	1	3	2	6	9	14	10	18	19	14	12
19820366	jinbao song	121332964	physics	0	0	0	4	5	8	1	10	5	8	8
19820366	jing liu	185592680	chemistry	4	2	5	11	18	14	30	29	34	41	40
19820366	jing yipeng	121332964	physics	0	0	0	0	0	0	0	0	0	0	1
19820366	jingbo li	185592680	chemistry	0	0	2	4	14	12	14	19	20	21	19
19820366	jingfu liu	185592680	chemistry	10	2	8	7	13	9	12	8	12	15	23
19820366	jinggen liu	71924100	medicine	0	0	0	0	0	0	1	1	3	1	9
19820366	jingsong ren	185592680	chemistry	0	0	0	0	0	0	0	0	0	0	0
19820366	jinhu lu	127413603	engineering	7	16	12	17	15	13	20	9	27	26	18
19820366	jinhui yang	127313418	geology	5	5	9	12	7	8	7	7	13	7	14
19820366	jinqiu zhou	86803240	biology	0	0	0	0	0	0	0	0	0	0	0
19820366	jinshui wu	127313418	geology	0	0	0	1	0	0	1	0	0	0	1
19820366	jinsong li	86803240	biology	1	0	2	3	5	3	6	11	9	5	13
19820366	jinsong zhang	185592680	chemistry	7	7	11	8	3	7	9	3	5	11	4
19820366	jinxia wang	127313418	geology	5	4	5	5	4	4	9	1	7	3	9
19820366	jiping liu	127313418	geology	3	1	1	1	3	5	5	3	1	1	2
19820366	jirong sun	121332964	physics	3	1	0	13	9	7	8	7	8	14	32
19820366	jiuhong kang	71924100	medicine	0	0	0	0	3	0	1	1	3	2	0
19820366	juan lin	185592680	chemistry	0	0	0	0	0	0	0	0	0	0	0
19820366	jule xiao	127313418	geology	0	0	0	0	0	0	0	0	0	0	1
19820366	jun lin	185592680	chemistry	0	1	0	3	4	9	6	7	13	23	32
19820366	jun wu	185592680	chemistry	19	16	12	16	21	9	16	15	19	15	16
19820366	jun xu	185592680	chemistry	7	9	6	7	14	52	69	76	64	43	55
19820366	jun yang	185592680	chemistry	58	53	67	82	75	101	102	95	100	13	0
19820366	kaiyou wang	121332964	physics	0	0	0	0	0	0	1	0	1	3	3
19820366	kang shichang	127313418	geology	24	17	26	30	18	22	20	22	31	65	65
19820366	kang yuehu	127313418	geology	0	0	0	0	0	0	0	0	0	2	1
19820366	ke lan	71924100	medicine	4	4	6	3	5	12	10	12	1	0	0
19820366	ke xia	121332964	physics	1	0	2	4	3	8	4	1	0	2	2
19820366	ke xu	185592680	chemistry	2	7	18	23	13	29	18	26	32	28	4
19820366	kedong yin	185592680	chemistry	0	0	0	0	0	0	0	2	5	4	0
19820366	kong ping	127313418	geology	3	2	0	0	0	0	0	1	0	0	0
19820366	laigeng li	185592680	chemistry	0	1	2	1	1	2	0	0	4	3	1
19820366	lean yu	41008148	computer science	7	17	6	18	19	8	8	2	0	1	0
19820366	lehui lu	185592680	chemistry	6	2	3	4	4	12	12	5	7	7	8
19820366	lei xiao	71924100	medicine	0	0	0	4	4	6	5	1	0	2	1
19820366	li lin	185592680	chemistry	9	3	5	14	9	17	15	11	11	20	13
19820366	li liu	185592680	chemistry	2	1	4	8	14	22	21	23	24	36	47
19820366	li niu	185592680	chemistry	14	18	27	11	22	25	15	18	27	25	15
19820366	li sheng	185592680	chemistry	3	5	5	13	25	25	23	14	22	18	18
19820366	li shuqiang	86803240	biology	0	0	3	6	4	6	0	2	5	3	6
19820366	li shushen	121332964	physics	2	3	2	4	6	11	12	15	16	17	22
19820366	li wang	185592680	chemistry	3	7	1	8	4	4	16	18	32	41	47
19820366	li weixue	185592680	chemistry	0	0	0	1	0	0	0	0	0	0	2
19820366	li xiaofan	33923547	mathematics	0	0	0	0	0	0	1	0	0	1	1
19820366	li xin	127313418	geology	11	14	18	21	37	30	40	29	37	39	34
19820366	li xinqi	121332964	physics	2	2	1	6	1	2	5	6	5	4	4
19820366	li xinrong	86803240	biology	3	11	2	5	7	6	5	5	5	7	11
19820366	li xinxin	185592680	chemistry	3	8	6	6	22	24	25	27	14	23	23
19820366	li xuelong	41008148	computer science	6	8	13	12	31	53	33	41	59	61	81
19820366	li yaping	185592680	chemistry	0	1	2	2	8	4	20	13	14	27	29
19820366	li yongqing	121332964	physics	1	2	6	7	1	2	7	3	4	2	0
19820366	li yongwang	185592680	chemistry	4	8	15	16	31	27	35	21	22	21	22
19820366	li yuesheng	185592680	chemistry	1	2	2	3	7	12	9	10	16	19	22
19820366	li yunhai	86803240	biology	2	3	3	8	5	5	6	6	4	2	0
19820366	li yutong	121332964	physics	2	6	12	12	11	15	9	10	17	17	5
19820366	li zhanting	185592680	chemistry	0	1	0	0	3	8	8	9	6	0	12
19820366	li zhaoliang	127313418	geology	2	1	2	3	2	2	7	4	6	11	10
19820366	li zhibo	185592680	chemistry	0	0	4	11	11	21	15	15	20	5	6
19820366	liang xinmiao	185592680	chemistry	0	0	0	2	0	1	1	1	0	0	0
19820366	libo liu	127313418	geology	3	13	9	12	12	13	30	20	22	18	18
19820366	lide tian	127313418	geology	3	9	3	13	3	5	5	4	8	12	7
19820366	lijun wan	185592680	chemistry	2	0	2	2	3	3	11	23	55	34	27
19820366	lijun wu	185592680	chemistry	1	0	3	3	5	2	1	7	4	9	13
19820366	lin rongcheng	185592680	chemistry	4	0	0	2	1	4	5	5	7	3	0
19820366	lin wei	127313418	geology	8	16	23	10	16	16	18	25	6	27	17
19820366	lin yangting	127313418	geology	0	0	1	1	2	1	2	2	9	5	4
19820366	lin zhang	185592680	chemistry	4	13	22	21	24	20	29	17	28	28	21
19820366	linsheng song	185592680	chemistry	3	4	10	15	15	22	21	16	18	26	18
19820366	linxiu zhang	162324750	economics	1	0	0	2	4	6	3	4	2	2	3
19820366	liu ming	185592680	chemistry	1	9	15	17	26	27	43	55	78	66	70
19820366	liu minghua	185592680	chemistry	0	2	6	4	1	4	3	7	10	8	10
19820366	liu qingquan	127313418	geology	1	1	5	3	2	4	5	1	1	2	5
19820366	liu qingsong	127313418	geology	6	5	2	5	5	21	9	14	18	24	23
19820366	liu shuangjiang	185592680	chemistry	4	4	4	16	20	26	13	15	5	14	14
19820366	liu sijin	185592680	chemistry	1	2	7	5	14	10	14	11	25	5	0
19820366	liu weidong	162324750	economics	3	0	7	5	3	5	6	12	18	18	24
19820366	liu wuming	121332964	physics	1	3	5	3	5	13	5	4	18	16	21
19820366	liu xiaojun	121332964	physics	5	0	4	6	4	17	8	7	11	12	17
19820366	liu xiaolong	185592680	chemistry	0	3	3	1	2	3	8	8	12	2	5
19820366	liu yimin	127313418	geology	4	3	5	7	11	7	9	9	15	23	13
19820366	liu yingfang	185592680	chemistry	1	0	1	1	2	4	1	3	7	2	1
19820366	liu yongqin	127313418	geology	7	2	3	3	6	4	7	8	14	1	0
19820366	liu yu	185592680	chemistry	3	0	6	12	15	12	12	19	25	45	58
19820366	liu yuanhong	185592680	chemistry	3	4	9	15	10	13	16	11	13	20	12
19820366	liu yun	185592680	chemistry	16	8	30	32	31	19	17	12	17	17	15
19820366	liu zhimin	185592680	chemistry	21	19	21	14	24	17	16	17	26	31	27
19820366	liye xiao	121332964	physics	5	2	0	7	4	3	10	7	10	11	10
19820366	lizhu wu	185592680	chemistry	1	0	1	3	8	4	13	11	11	5	11
19820366	long mian	185592680	chemistry	0	0	0	0	1	0	0	2	1	3	2
19820366	long miao	185592680	chemistry	1	1	1	3	5	3	0	3	1	0	0
19820366	long yaqiu	185592680	chemistry	7	5	10	2	6	5	7	7	5	4	0
19820366	lu riyu	127313418	geology	6	1	1	3	1	3	2	2	5	4	3
19820366	luo sanzhong	185592680	chemistry	0	5	8	15	11	24	14	10	12	20	27
19820366	luo xiangang	121332964	physics	2	6	8	9	22	39	22	15	13	25	25
19820366	luo xiaodong	185592680	chemistry	8	9	18	25	13	13	9	14	9	15	8
19820366	luo yongming	185592680	chemistry	1	1	0	0	7	0	6	4	11	7	19
19820366	ma xiuliang	185592680	chemistry	0	0	0	0	0	0	0	0	1	0	1
19820366	ma xucun	121332964	physics	2	6	8	12	15	28	24	29	32	22	28
19820366	ma yanwei	121332964	physics	2	17	15	17	21	28	26	36	28	15	27
19820366	ma yaoming	127313418	geology	5	3	3	8	7	9	13	5	15	11	11
19820366	maoyan zhu	127313418	geology	1	7	10	16	4	10	5	2	7	4	10
19820366	mei zhang	121332964	physics	2	2	4	4	8	5	14	5	4	12	6
19820366	meng qingbo	185592680	chemistry	2	2	10	3	7	6	7	9	15	19	15
19820366	miao zehong	185592680	chemistry	5	5	9	9	8	8	7	10	18	10	8
19820366	min tan	127413603	engineering	6	15	21	30	43	33	53	38	40	30	21
19820366	min yang	185592680	chemistry	0	2	2	8	11	16	22	30	45	17	30
19820366	ming pingbing	33923547	mathematics	0	2	1	2	2	4	0	2	3	0	0
19820366	minghua xu	185592680	chemistry	11	8	19	17	9	15	9	14	12	6	0
19820366	mingjiu ni	121332964	physics	1	3	0	1	5	5	4	3	4	5	5
19820366	ning ye	185592680	chemistry	6	5	8	9	6	14	12	11	7	2	0
19820366	ninghua tan	185592680	chemistry	2	2	2	3	8	7	8	9	21	19	11
19820366	ninghui sun	41008148	computer science	1	16	8	12	7	14	11	13	14	7	12
19820366	ninglian wang	127313418	geology	3	1	6	2	3	2	8	4	1	7	6
19820366	niu zhichuan	121332964	physics	4	3	14	9	16	22	9	13	29	7	14
19820366	pan xiulian	185592680	chemistry	0	0	0	0	0	0	0	0	0	3	0
19820366	pan yongxin	127313418	geology	1	8	5	7	9	5	12	7	7	6	10
19820366	peng pingan	185592680	chemistry	0	0	0	0	0	0	0	0	0	0	0
19820366	peng shi	185592680	chemistry	2	4	2	1	1	9	7	6	2	3	0
19820366	pengfei yao	33923547	mathematics	1	1	2	2	1	3	3	0	0	3	3
19820366	pengye wang	185592680	chemistry	1	4	8	8	3	4	1	1	3	8	12
19820366	ping wang	185592680	chemistry	14	26	37	31	38	41	34	41	64	49	55
19820366	ping xie	185592680	chemistry	9	9	10	28	23	21	16	20	29	36	36
19820366	ping zhu	185592680	chemistry	0	3	1	3	5	13	11	5	16	0	0
19820366	pingheng tan	185592680	chemistry	5	3	1	5	7	4	10	13	12	15	28
19820366	qi tao	185592680	chemistry	8	10	11	12	15	14	14	17	30	25	21
19820366	qi zhou	71924100	medicine	1	2	10	12	9	12	19	21	15	24	21
19820366	qian shengbang	121332964	physics	0	2	5	0	5	1	0	2	3	3	0
19820366	qianfei wang	71924100	medicine	1	3	1	4	6	11	8	9	8	2	0
19820366	qiang zhao	185592680	chemistry	4	6	7	10	11	11	21	19	23	4	0
19820366	qiangbin wang	185592680	chemistry	1	8	5	7	18	16	14	13	15	1	0
19820366	qie xiushu	121332964	physics	1	2	1	0	3	6	5	3	7	7	7
19820366	qihua wang	185592680	chemistry	2	4	10	11	18	21	33	33	20	15	35
19820366	qingbai wu	127313418	geology	0	4	1	2	2	2	3	7	4	13	7
19820366	qingdong zheng	185592680	chemistry	6	1	0	3	6	11	6	10	9	18	1
19820366	qinglong wu	127313418	geology	0	0	0	0	0	0	0	0	0	0	0
19820366	qingshan zhu	185592680	chemistry	10	15	6	9	3	8	14	11	24	27	6
19820366	qingyin zeng	185592680	chemistry	3	0	0	5	4	3	2	2	2	0	0
19820366	qingyuan sun	86803240	biology	4	0	5	4	9	10	18	26	25	9	18
19820366	qiuhong tang	127313418	geology	4	2	1	6	11	15	11	17	19	3	0
19820366	qiuliang wang	121332964	physics	7	7	13	17	14	13	27	17	21	31	16
19820366	qiwei zhai	71924100	medicine	1	0	0	1	3	3	3	9	5	5	6
19820366	qu xiaogang	185592680	chemistry	0	0	0	0	0	0	0	0	4	7	5
19820366	qun yang	127313418	geology	1	0	1	0	0	0	0	4	2	4	3
19820366	ren wencai	185592680	chemistry	5	15	12	5	13	10	6	7	17	18	2
19820366	renbin zhan	127313418	geology	3	1	3	7	7	7	3	10	5	5	11
19820366	renfang shen	86803240	biology	1	0	1	0	1	0	0	0	0	0	0
19820366	renzhong tai	121332964	physics	4	1	5	5	6	7	2	5	16	10	24
19820366	rong zeng	185592680	chemistry	6	4	2	2	3	14	21	7	5	7	20
19820366	ruan yongling	185592680	chemistry	0	0	0	0	0	0	0	0	0	1	0
19820366	ruiming xu	185592680	chemistry	2	1	2	1	0	6	2	5	3	4	5
19820366	ruiwu wang	86803240	biology	0	0	0	0	0	0	0	0	1	0	0
19820366	runzhi zhang	86803240	biology	1	1	0	1	1	1	2	5	2	4	5
19820366	shangui zhou	121332964	physics	1	0	1	1	0	1	0	2	1	0	0
19820366	shaojie wang	121332964	physics	1	0	0	0	0	0	4	2	2	0	0
19820366	shen shuzhong	127313418	geology	3	1	0	1	5	5	7	3	7	10	12
19820366	shen weijun	86803240	biology	3	0	2	2	2	6	6	4	19	3	0
19820366	shen xu	185592680	chemistry	0	0	2	10	14	18	32	17	25	21	20
19820366	shen yanan	127313418	geology	0	0	0	0	0	2	0	0	0	0	0
19820366	shi wensheng	185592680	chemistry	3	3	3	5	5	7	7	9	5	8	2
19820366	shougang zhang	121332964	physics	0	0	2	4	11	9	6	14	6	20	10
19820366	shouke yan	185592680	chemistry	0	0	0	1	5	7	5	6	3	8	5
19820366	shu wang	185592680	chemistry	8	5	3	18	15	21	25	23	24	21	23
19820366	shu yousheng	71924100	medicine	0	0	0	1	1	0	1	2	2	0	2
19820366	shuli you	185592680	chemistry	2	4	10	18	32	46	26	42	33	44	35
19820366	shutao wang	185592680	chemistry	3	3	22	11	17	20	25	20	29	6	0
19820366	song ye	185592680	chemistry	10	14	20	18	14	12	15	12	6	1	0
19820366	su weiping	185592680	chemistry	0	0	0	3	0	6	13	10	11	16	10
19820366	sun weidong	127313418	geology	1	0	1	0	0	0	7	11	10	10	12
19820366	sun weiguo	127313418	geology	0	0	0	0	0	0	0	0	1	0	0
19820366	sun xiaotao	33923547	mathematics	1	0	0	1	0	1	0	1	3	1	2
19820366	suobo zhang	185592680	chemistry	1	4	7	10	17	12	10	10	23	8	11
19820366	suojiang zhang	185592680	chemistry	0	1	4	2	6	15	12	13	47	22	31
19820366	taihua zhang	121332964	physics	4	9	13	5	7	3	2	1	3	1	0
19820366	tang tao	185592680	chemistry	1	3	11	8	12	6	7	19	13	20	19
19820366	tang yong	185592680	chemistry	1	1	1	3	3	8	10	15	10	16	19
19820366	tian ye	185592680	chemistry	9	7	13	18	19	30	19	27	37	28	4
19820366	tianjun zhou	127313418	geology	5	9	16	18	19	20	16	27	47	30	26
19820366	tianxiang yue	127313418	geology	2	2	8	3	8	3	4	14	11	12	10
19820366	wang wen	121332964	physics	0	1	0	1	0	1	4	6	5	5	5
19820366	wang xiangdong	127313418	geology	1	4	3	4	1	3	4	9	4	7	6
19820366	wang xianhong	185592680	chemistry	0	2	5	7	11	9	11	2	6	10	13
19820366	wang xiaolin	127313418	geology	3	4	6	3	7	6	2	9	2	9	7
19820366	wang xiaoquan	86803240	biology	1	1	1	1	7	3	0	2	5	3	2
19820366	wang xinming	185592680	chemistry	18	12	18	15	9	9	10	14	20	32	26
19820366	wang xunming	127313418	geology	3	11	4	4	4	4	7	3	7	5	11
19820366	wang yan	185592680	chemistry	30	33	38	43	46	67	63	66	70	61	9
19820366	wang yanfei	33923547	mathematics	9	13	12	14	14	7	11	11	9	13	1
19820366	wang yanling	71924100	medicine	3	4	4	6	8	4	7	11	4	8	2
19820366	wang yanyi	71924100	medicine	1	1	1	2	3	7	1	5	6	0	0
19820366	wang yilin	185592680	chemistry	10	10	8	13	10	20	20	20	17	27	19
19820366	wang yizheng	185592680	chemistry	0	0	0	0	0	0	0	1	2	3	6
19820366	wang yonghong	86803240	biology	2	4	3	4	8	4	2	2	5	5	9
19820366	wang yuesi	127313418	geology	6	3	12	15	23	18	25	21	19	19	33
19820366	wang yun	185592680	chemistry	5	12	11	20	21	24	20	16	21	5	0
19820366	wang zhaohui	185592680	chemistry	8	14	19	22	19	26	26	30	19	39	23
19820366	wang zifa	127313418	geology	15	11	13	14	8	9	12	15	16	26	50
19820366	wang zuoren	71924100	medicine	1	1	0	0	0	0	2	0	0	5	3
19820366	wanhua zheng	121332964	physics	2	3	3	14	10	5	15	10	11	12	4
19820366	wei yujie	185592680	chemistry	3	2	4	6	9	6	6	12	10	2	0
19820366	weicai yang	86803240	biology	1	0	1	0	1	0	4	4	4	4	5
19820366	weishen yang	185592680	chemistry	0	1	0	0	2	0	0	0	0	1	1
19820366	weng yuxiang	185592680	chemistry	6	4	5	9	6	7	4	4	3	7	3
19820366	wenjiao xiao	127313418	geology	4	4	3	6	14	6	6	11	23	21	14
19820366	wenqing zhang	185592680	chemistry	1	2	4	5	8	8	12	9	20	16	16
19820366	wenzhi zhao	127313418	geology	7	7	4	13	11	2	3	6	15	21	16
19820366	wu xiaoguang	121332964	physics	0	0	0	0	0	0	2	0	0	1	4
19820366	wu yirong	41008148	computer science	0	2	0	4	9	20	10	15	11	26	12
19820366	wu ziyu	121332964	physics	0	0	0	0	0	0	0	0	0	1	1
19820366	xiang yu	71924100	medicine	0	0	2	6	8	3	4	7	6	9	8
19820366	xiangping zhang	185592680	chemistry	32	15	16	15	11	13	25	19	25	4	0
19820366	xianming xiao	127313418	geology	1	4	7	11	10	6	6	8	14	8	3
19820366	xiao zhang	185592680	chemistry	2	2	2	1	4	1	5	4	9	7	11
19820366	xiaoguang yang	144133560	business	0	2	4	0	0	1	3	3	4	9	10
19820366	xiaohong zhou	121332964	physics	4	11	9	2	2	5	5	10	8	4	1
19820366	xiaolin xiong	127313418	geology	6	3	3	5	1	1	3	5	2	3	0
19820366	xiaoniu yang	185592680	chemistry	5	5	3	5	6	3	5	4	8	7	6
19820366	xiaoping yang	127313418	geology	1	3	1	2	3	1	2	8	8	4	3
19820366	xiaowei zhan	185592680	chemistry	0	0	0	1	7	10	12	16	20	4	4
19820366	xiaoye zhang	127313418	geology	0	0	0	0	0	0	0	0	0	0	4
19820366	xiaoyuan yan	86803240	biology	10	7	14	10	14	8	8	12	11	3	0
19820366	xie xin	185592680	chemistry	8	9	5	11	7	12	19	14	10	1	0
19820366	xie zhiyuan	185592680	chemistry	16	22	27	20	23	24	19	26	23	19	8
19820366	xing zhizhong	121332964	physics	0	0	0	0	0	0	0	0	0	0	0
19820366	xingang zhang	185592680	chemistry	8	10	11	13	10	21	15	14	7	1	0
19820366	xingjiang zhou	121332964	physics	0	0	0	0	0	0	0	2	5	1	5
19820366	xinyu zhang	185592680	chemistry	2	0	1	0	0	1	5	4	3	6	4
19820366	xiong zhiqi	71924100	medicine	0	0	2	3	8	5	2	5	2	7	7
19820366	xu xudong	185592680	chemistry	1	2	0	3	3	2	5	3	4	5	3
19820366	xu xuejun	121332964	physics	6	9	9	11	2	3	3	3	3	3	5
19820366	xu zhiheng	185592680	chemistry	0	1	1	2	2	5	2	5	6	2	7
19820366	xuechu zhen	185592680	chemistry	0	1	0	0	7	10	10	6	4	7	5
19820366	xueming yang	185592680	chemistry	0	0	0	0	0	0	2	0	0	0	0
19820366	xunhua zheng	86803240	biology	1	4	1	3	4	9	7	7	15	7	9
19820366	xunlai yuan	127313418	geology	1	1	0	5	8	4	6	1	3	4	9
19820366	yan yihua	121332964	physics	1	3	4	8	12	14	11	10	7	7	10
19820366	yan yonghong	41008148	computer science	8	5	8	29	41	46	37	17	36	32	27
19820366	yang ye	185592680	chemistry	2	5	8	12	38	25	31	28	29	20	13
19820366	yang zhenzhong	185592680	chemistry	0	0	3	4	5	11	5	6	8	10	16
19820366	yangheng zheng	121332964	physics	18	2	7	6	3	6	5	18	17	4	0
19820366	yao yijian	86803240	biology	3	1	0	0	2	0	0	2	0	1	4
19820366	yao yonggang	121332964	physics	0	0	0	0	2	0	2	0	0	3	1
19820366	yao zhujun	185592680	chemistry	0	0	1	3	3	0	6	3	5	6	0
19820366	yapu zhao	185592680	chemistry	1	4	2	0	0	5	4	10	14	10	13
19820366	yigang zhang	185592680	chemistry	0	0	0	0	0	0	0	0	3	1	4
19820366	yihua zhou	185592680	chemistry	1	0	2	4	5	9	4	4	2	4	1
19820366	yin zhan	71924100	medicine	0	1	2	1	0	3	1	2	4	2	6
19820366	yongfeng zhou	185592680	chemistry	0	0	0	0	0	0	0	0	0	0	0
19820366	yonggui zhou	185592680	chemistry	0	0	0	0	4	1	0	0	0	1	0
19820366	yongqing zhang	185592680	chemistry	0	0	0	0	1	0	1	1	1	2	2
19820366	yongsheng zhao	185592680	chemistry	5	4	4	0	4	6	18	11	16	11	14
19820366	yu zhiming	185592680	chemistry	2	0	0	2	2	0	2	0	6	5	2
19820366	yu zhiqiang	185592680	chemistry	1	3	7	7	14	18	8	8	9	8	11
19820366	yuan zengqiang	185592680	chemistry	1	0	2	1	6	5	7	5	8	10	8
19820366	yunlin zhang	127313418	geology	5	8	4	9	7	12	15	19	21	20	5
19820366	yushen zhang	33923547	mathematics	0	0	0	0	0	0	0	0	0	0	0
19820366	zhang zhefeng	185592680	chemistry	0	2	0	2	3	3	7	8	8	8	0
19820366	zhang zhitao	33923547	mathematics	1	9	1	5	4	14	2	1	7	3	1
19820366	zhang zhongping	185592680	chemistry	4	5	6	3	11	7	7	14	16	11	21
19820366	zhao zongbao	185592680	chemistry	1	0	0	0	0	0	0	0	0	0	0
19820366	zhonghe zhou	127313418	geology	2	0	1	0	1	4	4	7	4	10	9
20231570	anyuan cao	185592680	chemistry	2	1	14	13	20	17	13	23	27	11	5
20231570	baoguo jiang	71924100	medicine	0	0	0	2	4	4	2	6	9	7	7
20231570	bin chen	121332964	physics	31	41	37	26	14	23	18	6	11	16	1
20231570	bin liu	185592680	chemistry	4	3	0	4	1	0	4	6	5	1	8
20231570	cai shaoqing	185592680	chemistry	4	2	5	6	4	14	3	9	4	10	10
20231570	canfei he	162324750	economics	2	4	4	5	2	6	10	12	15	2	0
20231570	changhui zhou	144133560	business	0	0	2	1	1	0	0	0	0	0	0
20231570	chen dayue	33923547	mathematics	0	0	1	0	0	1	1	1	0	2	2
20231570	chen ke	185592680	chemistry	4	4	1	2	2	2	0	0	0	1	0
20231570	chen min	71924100	medicine	13	14	11	9	14	11	12	10	14	1	0
20231570	chen peng	127413603	engineering	0	0	3	1	1	0	3	1	1	0	2
20231570	chen yuyu	162324750	economics	5	3	2	5	4	2	5	3	3	0	0
20231570	chunjing wei	127313418	geology	0	1	1	3	5	2	2	6	4	9	2
20231570	chunsheng zhou	144133560	business	0	2	2	4	0	13	2	1	0	0	0
20231570	dai lun	185592680	chemistry	11	6	6	8	10	13	8	9	3	6	8
20231570	dai zhifei	185592680	chemistry	0	1	3	1	0	10	12	18	6	16	14
20231570	dechun zou	185592680	chemistry	0	0	0	0	0	0	0	1	2	4	8
20231570	fan wang	71924100	medicine	3	2	16	17	10	7	10	19	11	9	19
20231570	fang jing	121332964	physics	2	1	1	2	3	5	8	2	5	6	1
20231570	fuliu xu	185592680	chemistry	12	5	8	6	7	2	1	0	2	3	8
20231570	furong xu	121332964	physics	0	1	1	6	3	7	4	5	6	10	2
20231570	gan shaobo	33923547	mathematics	1	2	1	1	4	0	0	0	1	2	2
20231570	gu ying	121332964	physics	9	6	5	5	3	7	6	13	1	0	0
20231570	guo hong	121332964	physics	9	14	19	24	25	14	11	17	14	30	35
20231570	guo xuefeng	185592680	chemistry	1	1	8	8	10	13	13	7	14	16	14
20231570	guoping wang	41008148	computer science	2	4	19	14	4	7	6	8	8	3	5
20231570	hanqing zheng	121332964	physics	1	2	0	4	2	0	0	0	1	1	0
20231570	hansheng wang	162324750	economics	4	2	3	5	8	6	5	7	4	1	0
20231570	he jinsheng	86803240	biology	4	1	0	2	3	1	2	1	3	2	5
20231570	hongyan liu	86803240	biology	4	4	8	4	12	13	6	7	16	29	6
20231570	hu yongyun	127313418	geology	2	2	3	2	3	1	3	5	6	5	3
20231570	huang jianbin	185592680	chemistry	4	1	3	7	9	2	5	5	8	11	9
20231570	huang ruji	33923547	mathematics	0	0	0	0	0	0	0	0	0	0	0
20231570	huazhong tang	121332964	physics	3	4	2	5	3	1	2	1	5	3	6
20231570	jianjun tao	121332964	physics	1	0	4	2	2	0	6	2	0	0	2
20231570	jianzhong xi	185592680	chemistry	2	4	2	2	3	0	1	2	4	4	0
20231570	jie shi	71924100	medicine	4	4	13	3	5	9	5	4	11	6	21
20231570	jinren ni	185592680	chemistry	0	0	0	0	0	0	0	0	0	0	3
20231570	kaixin liu	121332964	physics	0	0	0	0	0	0	0	0	2	4	2
20231570	kong wei	71924100	medicine	0	2	3	2	6	9	7	6	9	7	11
20231570	li tiejun	71924100	medicine	2	1	2	3	1	1	3	3	6	1	6
20231570	li weigu	33923547	mathematics	2	3	6	1	1	1	0	2	4	3	1
20231570	li yi	71924100	medicine	0	0	0	2	2	1	2	1	3	2	4
20231570	li zichen	185592680	chemistry	6	8	8	16	6	6	16	12	7	5	6
20231570	limei xu	185592680	chemistry	1	2	4	3	5	6	5	4	2	0	0
20231570	limin qi	185592680	chemistry	2	2	0	2	9	7	6	8	8	4	7
20231570	lingdong sun	185592680	chemistry	20	11	5	10	13	6	11	17	19	2	0
20231570	liping wei	86803240	biology	5	9	6	2	6	3	6	4	4	8	3
20231570	liu peidong	33923547	mathematics	1	1	1	0	1	1	1	2	0	0	1
20231570	liu yuxin	121332964	physics	3	0	8	5	10	5	14	12	15	15	9
20231570	meng zhiyong	127313418	geology	2	0	1	1	2	1	2	5	8	0	0
20231570	min shao	185592680	chemistry	8	8	16	16	15	14	8	21	15	11	25
20231570	minghui zhao	71924100	medicine	0	3	2	10	9	12	10	22	19	16	21
20231570	pengfei tu	185592680	chemistry	0	3	4	5	6	15	21	22	18	22	13
20231570	renxin xu	121332964	physics	0	1	0	4	5	1	3	4	4	4	1
20231570	she zhensu	121332964	physics	0	0	0	0	4	1	6	5	1	2	3
20231570	shuguang song	127313418	geology	2	2	5	1	6	3	12	9	4	5	9
20231570	sodmergen	86803240	biology	3	0	2	1	2	0	2	2	2	5	2
20231570	wu yundong	185592680	chemistry	2	1	5	0	7	4	12	13	14	13	9
20231570	xing zhang	127413603	engineering	22	22	42	35	59	43	40	33	55	67	84
20231570	xueqing yan	121332964	physics	2	3	4	3	9	7	6	11	6	7	2
20231570	yang yong	71924100	medicine	4	4	6	5	5	9	10	8	26	4	0
20231570	yawen zhang	185592680	chemistry	6	4	13	14	10	11	4	7	8	3	9
20231570	yufeng zheng	185592680	chemistry	1	3	1	2	1	2	1	0	1	4	2
21193070	feng teng	185592680	chemistry	33	23	19	10	11	9	11	12	20	20	15
21193070	li pei	121332964	physics	4	10	19	13	14	18	11	14	26	19	4
21193070	wang yongsheng	185592680	chemistry	1	4	10	19	24	11	25	51	49	31	28
21945476	hexing li	185592680	chemistry	15	12	8	9	23	26	24	11	22	29	24
21945476	yang zhongnan	86803240	biology	1	3	1	2	4	5	5	6	8	10	8
24185976	changsheng zhao	185592680	chemistry	4	10	12	11	21	15	20	27	25	28	30
24185976	chen yingchun	185592680	chemistry	10	12	19	26	25	23	18	13	17	14	23
24185976	fuqiang wen	71924100	medicine	0	0	0	0	0	0	1	3	5	8	13
24185976	hong tan	185592680	chemistry	6	3	14	11	7	11	7	13	14	1	0
24185976	jingsong you	185592680	chemistry	4	4	7	11	12	21	15	12	41	31	37
24185976	liangang peng	33923547	mathematics	1	0	1	1	0	1	0	0	0	0	0
24185976	qiao zhou	71924100	medicine	0	0	0	0	0	0	0	2	0	3	3
24185976	qingyuan wang	121332964	physics	3	5	3	3	4	5	6	14	16	31	15
24185976	weinian zhang	33923547	mathematics	3	11	13	9	7	17	7	13	11	9	8
24943067	baorong lu	86803240	biology	0	0	2	2	3	4	5	13	7	10	9
24943067	changchun wang	185592680	chemistry	4	3	6	4	10	15	16	12	12	16	4
24943067	chen daofeng	185592680	chemistry	5	7	10	8	6	11	6	5	5	7	6
24943067	chen daoyong	185592680	chemistry	8	5	9	5	9	8	6	2	4	10	6
24943067	chen jiang	185592680	chemistry	4	7	10	4	14	5	10	8	12	2	0
24943067	chen zhanghai	121332964	physics	1	6	7	9	4	7	11	5	12	6	5
24943067	chunhui deng	185592680	chemistry	14	18	18	11	19	16	11	23	13	5	0
24943067	dalin sun	185592680	chemistry	4	5	1	3	6	14	10	8	9	10	11
24943067	dean ta	121332964	physics	6	2	6	5	9	7	6	9	1	0	0
24943067	feng qiu	185592680	chemistry	0	0	3	2	9	13	6	8	8	14	16
24943067	huang lihua	144133560	business	5	9	8	7	7	6	5	2	3	2	3
24943067	huang zhili	71924100	medicine	1	0	3	1	0	1	3	2	1	3	5
24943067	jiang zuimin	185592680	chemistry	9	6	5	3	5	3	4	7	8	8	10
24943067	jilie kong	185592680	chemistry	5	5	5	8	7	7	16	16	14	17	5
24943067	jin qingyuan	121332964	physics	0	0	0	0	0	0	0	0	0	2	0
24943067	li xiang	185592680	chemistry	8	8	14	20	23	15	29	18	30	4	0
24943067	liejia qian	121332964	physics	4	5	6	15	18	14	16	2	7	3	6
24943067	liu tianxi	185592680	chemistry	12	9	10	10	15	18	13	21	15	28	21
24943067	peiyi wu	185592680	chemistry	1	2	1	1	6	4	3	4	3	20	19
24943067	shiming zhou	121332964	physics	1	0	0	0	0	0	0	0	3	0	2
24943067	tang yi	185592680	chemistry	1	2	7	7	14	10	10	13	15	14	18
24943067	tao yi	185592680	chemistry	14	25	18	7	5	7	11	6	11	15	10
24943067	wendong xu	71924100	medicine	0	3	2	6	1	3	3	16	7	3	0
24943067	wu yizheng	185592680	chemistry	0	0	0	0	0	0	0	1	1	1	1
24943067	wu yuping	185592680	chemistry	7	7	5	10	19	19	26	20	17	2	0
24943067	wu zhiying	71924100	medicine	0	0	0	2	1	6	7	14	8	8	2
24943067	xia yongyao	185592680	chemistry	1	5	16	25	18	13	7	22	17	29	22
24943067	yanlei yu	185592680	chemistry	8	7	7	8	8	7	3	6	3	5	6
24943067	yuan zhenghong	71924100	medicine	1	1	0	1	7	5	7	10	4	8	8
25254941	baoyuan liu	127313418	geology	0	0	0	0	0	0	0	0	0	2	3
25254941	cheng ying	185592680	chemistry	2	3	3	6	3	3	3	6	6	4	13
25254941	feng shiping	121332964	physics	1	3	6	5	7	2	6	6	6	12	10
25254941	fengshou zhang	121332964	physics	8	10	11	10	9	7	8	9	18	19	9
25254941	li xiaoyan	127313418	geology	4	3	3	5	2	5	8	4	8	2	10
25254941	liu yajun	185592680	chemistry	5	5	6	8	9	3	10	6	6	10	0
25254941	xia xinghui	185592680	chemistry	3	3	10	12	11	14	12	11	13	8	3
25254941	xiangdong zhang	121332964	physics	3	7	10	6	7	15	9	10	9	6	3
25757504	fubao zhou	185592680	chemistry	0	1	0	3	3	4	10	18	18	16	1
25757504	jiachen wang	127313418	geology	1	0	0	1	3	0	2	1	0	1	3
25757504	jianyong qiao	33923547	mathematics	1	0	1	0	2	1	0	2	0	3	1
25757504	yuemin zhao	185592680	chemistry	0	0	0	0	0	0	1	2	2	5	5
27357992	jianfeng zhang	121332964	physics	2	0	2	2	2	3	0	0	0	0	0
27357992	kang zhan	33923547	mathematics	6	7	8	11	15	6	2	7	10	1	0
27357992	keqiu li	41008148	computer science	8	10	18	31	17	20	10	21	18	15	34
27357992	qing yang	185592680	chemistry	18	13	12	12	14	7	10	13	19	4	0
27357992	qinghua zhu	162324750	economics	0	3	5	11	6	7	8	8	9	6	4
27357992	xu yongping	185592680	chemistry	0	0	0	0	0	0	0	0	0	0	0
28813325	renbiao wu	41008148	computer science	5	1	2	3	1	5	1	5	20	19	10
31595395	chengshan wang	127313418	geology	0	0	0	0	0	0	0	0	1	1	7
31595395	huang runqiu	127313418	geology	0	0	0	0	0	0	0	0	0	1	1
31595395	tuo xianguo	121332964	physics	0	5	0	4	1	5	8	9	11	6	2
36399199	che wenquan	121332964	physics	15	24	7	14	20	34	31	39	40	45	54
36399199	jian yang	41008148	computer science	10	3	8	10	21	20	27	28	35	30	37
36399199	yonghao zhao	185592680	chemistry	0	0	1	0	1	1	3	3	6	9	11
37461747	bian zhuan	71924100	medicine	1	4	1	8	8	17	10	13	9	4	3
37461747	chen hua	33923547	mathematics	2	0	1	2	1	5	3	2	0	8	11
37461747	chuluo yang	185592680	chemistry	11	9	15	11	17	18	19	16	17	16	33
37461747	daiwen pang	185592680	chemistry	1	1	1	2	5	4	2	7	6	14	19
37461747	deyin guo	71924100	medicine	0	5	1	4	8	11	2	4	8	7	4
37461747	dianqing li	127313418	geology	2	3	4	1	4	7	15	10	16	21	23
37461747	dihua wang	185592680	chemistry	5	8	4	4	6	11	7	10	19	19	1
37461747	feng yuqi	185592680	chemistry	8	4	9	27	25	24	21	21	21	24	32
37461747	guoping wang	121332964	physics	0	2	1	2	0	0	0	1	1	4	3
37461747	huang shuangquan	86803240	biology	2	1	2	4	3	1	3	3	2	6	5
37461747	huijiang zhao	121332964	physics	1	3	10	3	5	2	1	3	4	8	8
37461747	li zhen	185592680	chemistry	15	23	25	29	40	37	25	40	39	50	6
37461747	liu yi	185592680	chemistry	22	27	16	35	20	21	26	21	20	29	43
37461747	lu xin	86803240	biology	0	0	0	2	4	4	1	2	6	6	11
37461747	mengxiang sun	86803240	biology	1	0	0	2	1	1	2	2	4	5	4
37461747	shaodong zhang	127313418	geology	0	2	3	5	5	5	5	3	3	8	10
37461747	xiaolian zhang	71924100	medicine	8	7	12	7	10	3	2	9	5	10	10
37574244	li shigui	86803240	biology	3	5	3	3	4	4	3	1	5	2	8
37796252	baocai yin	41008148	computer science	6	12	11	13	8	19	25	10	14	19	16
37796252	song xiaoyan	185592680	chemistry	23	11	10	8	16	8	10	13	11	5	0
39333907	fucheng zhang	185592680	chemistry	0	1	1	1	1	1	1	3	2	0	0
39333907	li xiaoli	41008148	computer science	3	4	5	6	8	11	11	8	4	4	3
39333907	liu zhongyuan	185592680	chemistry	1	9	17	11	10	16	16	13	21	12	22
40963666	changjiang zhu	121332964	physics	2	4	5	3	4	6	6	4	7	6	8
40963666	guangfu yang	185592680	chemistry	3	17	19	16	11	14	17	10	20	20	21
40963666	peng shuangjie	33923547	mathematics	4	4	6	4	4	5	3	4	2	7	5
40963666	yadong yang	121332964	physics	3	6	11	7	9	3	2	3	1	5	7
47720641	ding ma	71924100	medicine	0	0	1	0	0	0	0	6	9	15	22
47720641	he li	71924100	medicine	0	0	0	0	0	0	1	1	2	1	4
47720641	huaichun zhou	121332964	physics	13	9	18	12	20	9	18	5	3	1	1
47720641	huang shiang	71924100	medicine	0	0	0	0	0	0	2	4	7	7	6
47720641	huanzhong shi	71924100	medicine	0	0	0	0	0	0	4	3	6	0	2
47720641	jianfeng zhou	71924100	medicine	12	15	15	23	16	14	15	16	21	19	24
47720641	jiang tao	127413603	engineering	15	19	23	18	27	26	37	48	50	38	11
47720641	jun wu	71924100	medicine	8	18	13	16	8	20	10	14	10	12	8
47720641	liangcheng tu	121332964	physics	2	3	2	1	2	1	4	4	2	2	0
47720641	liu zheng	71924100	medicine	8	10	5	5	14	6	16	7	9	10	5
47720641	luo xiaoping	71924100	medicine	0	0	0	0	0	0	0	6	4	3	8
47720641	qingguo xie	121332964	physics	8	4	10	13	21	14	19	12	10	2	0
47720641	xiao yi	185592680	chemistry	1	3	3	3	6	8	3	5	4	8	5
47720641	xiaolin xie	185592680	chemistry	1	8	1	3	6	4	10	12	10	14	14
47720641	xinliang zhang	121332964	physics	27	54	67	60	45	53	46	39	51	39	63
50760025	lu renquan	127413603	engineering	12	6	0	2	6	19	23	16	16	1	0
51622183	hongjie luo	185592680	chemistry	0	0	0	0	0	0	0	0	2	0	0
52158045	cai wanzhi	86803240	biology	4	2	4	9	5	3	7	12	4	9	4
52158045	cui sheng	71924100	medicine	1	0	1	0	1	0	0	0	0	0	0
52158045	dawei li	185592680	chemistry	0	4	3	3	3	4	2	3	0	2	10
52158045	ding yang	86803240	biology	1	0	0	0	3	2	11	9	21	17	23
52158045	dongtao ren	185592680	chemistry	0	0	0	0	1	0	0	0	0	0	0
52158045	hanchun yang	71924100	medicine	1	4	4	7	9	11	15	8	7	12	6
52158045	jianbo shen	86803240	biology	3	3	1	4	3	2	6	10	5	6	14
52158045	jinsheng lai	86803240	biology	0	0	0	2	6	9	4	7	5	6	7
52158045	liu qingchang	86803240	biology	0	0	0	0	0	0	0	3	1	2	3
52158045	liu xuejun	86803240	biology	6	11	10	8	8	7	8	20	24	6	0
52158045	liu zhiyong	86803240	biology	1	1	0	2	1	2	1	0	2	1	2
52158045	meijia zhang	71924100	medicine	0	0	0	3	0	0	0	0	1	0	0
52158045	ni zhongfu	86803240	biology	3	8	5	6	6	13	6	7	9	12	9
52158045	ning yang	86803240	biology	0	0	0	0	0	0	1	1	4	8	7
52158045	qiao shiyan	185592680	chemistry	4	1	1	3	3	3	3	6	10	8	8
52158045	yaofeng zhao	86803240	biology	0	0	0	0	0	0	0	1	0	2	2
55712492	chen shengyong	41008148	computer science	15	12	7	17	24	19	23	19	10	22	1
58200834	che xiaoyan	71924100	medicine	3	6	9	5	4	2	3	9	5	7	5
58200834	jing nie	71924100	medicine	0	0	0	0	4	7	6	4	6	2	10
58200834	xiangmin xu	86803240	biology	0	0	1	1	0	2	2	2	1	2	6
58200834	xinhong zhu	71924100	medicine	0	1	4	3	0	3	2	2	1	1	1
59028903	dehai luo	127313418	geology	0	0	0	0	0	0	1	2	2	1	0
59028903	geng meiyu	185592680	chemistry	0	2	3	9	7	8	9	4	6	2	0
59028903	li sanzhong	127313418	geology	5	7	11	11	18	12	8	17	42	41	3
59028903	liu sumei	127313418	geology	4	5	4	9	5	4	8	11	2	13	7
59028903	wang zhenyu	185592680	chemistry	5	9	9	8	10	9	6	8	9	7	0
61057504	taiyun wei	71924100	medicine	3	5	3	6	5	4	5	6	6	7	2
65081225	hailong li	127313418	geology	2	0	4	8	1	6	7	6	5	8	6
65081225	jianwei li	127313418	geology	5	1	2	6	4	9	12	13	7	20	1
65081225	jinnan tong	127313418	geology	4	0	2	3	1	1	2	6	4	11	6
65081225	junfeng zhang	127313418	geology	4	2	3	7	6	6	8	2	7	2	0
65081225	liu yongsheng	127313418	geology	4	7	19	7	11	11	16	15	15	18	16
65081225	shi xiaoying	127313418	geology	0	0	0	0	0	0	0	1	1	0	0
65081225	wang yanxin	185592680	chemistry	0	1	4	4	4	7	5	11	11	14	35
65081225	zhang zhaochong	127313418	geology	3	6	8	6	12	8	14	9	18	11	20
66867065	chungang duan	121332964	physics	8	4	5	5	3	6	9	12	11	19	23
66867065	hebing rui	33923547	mathematics	2	3	0	2	2	1	2	2	1	0	2
66867065	jian wu	121332964	physics	25	15	9	12	10	7	5	10	16	1	0
66867065	junliang zhang	185592680	chemistry	13	21	24	19	10	20	24	36	31	4	0
66867065	ruiliang zhu	86803240	biology	0	2	2	2	2	2	2	7	3	6	10
66867065	tang zheng	185592680	chemistry	1	1	5	0	1	2	0	8	4	0	0
75390827	biaohua chen	185592680	chemistry	0	4	8	4	15	8	10	10	15	12	14
75390827	feng wang	185592680	chemistry	3	2	0	11	3	17	15	10	15	19	28
75390827	min wei	185592680	chemistry	9	13	16	28	31	23	33	29	31	29	25
75390827	sun xiaoming	185592680	chemistry	0	0	0	0	5	11	15	16	31	34	28
75390827	xiaoping zheng	127413603	engineering	3	0	2	8	5	2	0	0	0	0	0
75390827	yu zhongzhen	185592680	chemistry	3	2	4	8	6	11	16	11	14	11	19
76130692	baoliang chen	185592680	chemistry	5	5	5	9	2	8	7	6	9	4	0
76130692	bo feng	121332964	physics	2	8	5	3	12	7	6	5	6	6	12
76130692	chao gao	185592680	chemistry	1	11	15	14	8	22	16	22	15	32	5
76130692	chen hongzheng	185592680	chemistry	4	4	10	4	2	2	15	14	20	14	15
76130692	chen renpeng	127313418	geology	1	6	9	6	5	2	6	6	3	10	3
76130692	fang qun	185592680	chemistry	0	4	5	6	2	8	6	7	7	4	12
76130692	feihe huang	185592680	chemistry	2	6	8	9	14	19	33	28	26	23	17
76130692	fucheng lin	86803240	biology	1	1	0	2	10	2	4	1	0	2	1
76130692	gongyin ye	86803240	biology	1	4	4	5	8	7	2	2	4	4	4
76130692	he xiaofei	41008148	computer science	4	7	4	12	12	18	12	16	10	14	16
76130692	honghe zhang	71924100	medicine	1	1	0	1	1	4	5	11	3	1	0
76130692	huang jun	185592680	chemistry	1	0	2	4	4	4	4	3	2	1	0
76130692	jianxin liu	185592680	chemistry	1	0	2	4	2	2	4	14	20	22	12
76130692	jin yongfeng	185592680	chemistry	4	5	6	4	1	5	3	4	5	1	6
76130692	junhu zhou	185592680	chemistry	1	1	1	5	3	5	4	14	16	29	22
76130692	lin qiang	121332964	physics	11	4	4	6	10	15	3	3	2	5	6
76130692	liu weiping	185592680	chemistry	0	0	4	1	7	4	8	9	11	4	0
76130692	lixin zhang	33923547	mathematics	11	14	9	8	6	5	4	7	7	6	4
76130692	luo yaozhi	121332964	physics	0	3	9	3	7	6	6	1	8	3	1
76130692	luo yingwu	185592680	chemistry	9	6	3	7	4	8	6	5	7	11	8
76130692	min qiu	121332964	physics	5	7	9	6	17	19	16	23	25	3	0
76130692	pan yuanjiang	185592680	chemistry	27	29	22	25	29	33	18	22	11	19	22
76130692	ping wang	185592680	chemistry	0	3	7	15	6	26	16	26	18	31	27
76130692	qu shaoxing	121332964	physics	8	5	10	6	9	13	7	5	4	0	0
76130692	shen zhicheng	185592680	chemistry	0	0	0	0	0	0	0	1	2	3	1
76130692	su zeng	185592680	chemistry	0	0	3	1	2	2	6	6	14	15	23
76130692	tianhua zhou	71924100	medicine	3	2	1	4	5	2	2	4	4	2	3
76130692	wang xiaoguang	121332964	physics	7	9	5	15	9	14	9	11	9	15	14
76130692	wang yizhen	185592680	chemistry	5	6	6	2	7	7	10	11	19	6	20
76130692	weijun yang	185592680	chemistry	0	0	0	0	0	0	0	3	2	4	6
76130692	wu zhaohui	41008148	computer science	0	3	6	34	68	70	78	23	15	20	12
76130692	xu yiming	185592680	chemistry	2	1	0	1	5	6	3	3	3	2	2
76130692	xu zhikang	185592680	chemistry	1	7	10	14	19	28	13	11	28	15	22
76130692	xudong ye	127413603	engineering	1	3	0	3	0	2	2	1	2	2	1
76214153	an lizhe	185592680	chemistry	0	1	5	3	7	20	16	10	15	11	13
76214153	baotian pan	127313418	geology	1	12	1	4	3	3	9	7	5	9	7
76214153	desheng xue	121332964	physics	10	8	7	12	16	13	24	16	17	22	35
76214153	she xuegong	185592680	chemistry	8	8	16	15	12	10	11	16	11	11	15
76214153	yan zhao	127313418	geology	2	2	5	7	11	6	3	1	2	0	2
76569877	aiguo song	127413603	engineering	25	21	20	23	18	27	23	21	21	26	3
76569877	baowen xu	41008148	computer science	1	4	11	15	23	30	35	23	19	22	5
76569877	changyin sun	41008148	computer science	2	7	4	11	14	25	27	37	19	34	35
76569877	chunxiang xu	185592680	chemistry	5	2	1	1	3	1	6	0	3	4	18
76569877	jihong ye	121332964	physics	0	2	1	0	2	6	10	4	2	0	1
76569877	litao sun	185592680	chemistry	15	7	20	30	15	13	17	29	0	0	0
76569877	zhang zhijun	71924100	medicine	4	0	1	1	2	10	18	26	18	19	18
80947539	wang xinchen	185592680	chemistry	4	7	4	15	16	23	33	16	27	6	0
82880672	duan haibin	41008148	computer science	12	15	5	11	23	47	35	28	22	1	0
82880672	huai jinpeng	41008148	computer science	0	0	1	0	4	17	13	20	12	15	7
82880672	lijun yang	121332964	physics	4	4	9	11	8	10	10	15	2	0	0
82880672	qingyun wang	127413603	engineering	5	3	5	10	9	8	6	9	5	12	3
83519826	aihua zhang	71924100	medicine	2	6	2	5	5	6	19	12	13	14	3
83519826	gang hu	71924100	medicine	0	3	5	4	11	18	9	17	13	14	10
83519826	jiahao sha	71924100	medicine	0	0	0	6	5	14	16	10	5	12	16
87445476	bai bofeng	121332964	physics	7	10	13	6	17	18	13	17	24	5	0
87445476	changjiu li	185592680	chemistry	2	6	15	9	21	14	24	6	19	13	21
87445476	changqing chen	121332964	physics	0	0	0	0	1	0	0	1	0	1	3
87445476	chen xuefeng	127413603	engineering	6	10	10	8	9	9	18	16	27	44	49
87445476	gangfeng wang	121332964	physics	4	7	6	6	4	4	6	9	1	0	0
87445476	guang xi	121332964	physics	0	3	0	1	1	2	8	13	8	8	14
87445476	guanjun zhang	121332964	physics	6	6	20	12	14	29	30	21	17	25	39
87445476	jia shenli	121332964	physics	8	12	12	13	23	27	17	27	53	26	1
87445476	jizhong zhao	41008148	computer science	8	10	7	9	6	12	13	13	16	13	0
87445476	li shengtao	185592680	chemistry	0	2	3	1	3	15	6	4	20	21	14
87445476	pengsheng zheng	71924100	medicine	0	0	0	0	0	0	0	0	8	1	1
87445476	yuan zuyi	71924100	medicine	3	4	5	3	3	11	11	15	17	24	22
90610280	chen junwu	185592680	chemistry	6	3	2	3	7	4	12	9	8	8	11
90610280	cong wang	127413603	engineering	7	7	18	6	11	13	12	19	7	11	27
90610280	fei huang	185592680	chemistry	7	4	4	6	6	11	18	31	29	53	43
90610280	gang wei	41008148	computer science	2	5	13	14	25	25	20	17	18	11	11
90610280	haihui wang	185592680	chemistry	2	4	11	10	19	14	18	25	25	27	27
90610280	huanfeng jiang	185592680	chemistry	1	1	0	2	3	6	28	45	38	67	63
90610280	li yuanyuan	185592680	chemistry	0	0	0	0	1	1	1	2	2	4	0
90610280	lizhi zhang	121332964	physics	6	8	8	16	9	9	7	10	14	2	0
90610280	qian yu	185592680	chemistry	2	2	2	2	0	0	9	2	3	12	10
90610280	qiu xueqing	185592680	chemistry	3	2	5	8	12	8	11	13	12	16	23
90610280	shengli xie	41008148	computer science	2	0	0	1	2	7	8	30	21	11	22
90610280	shuizhu wu	185592680	chemistry	5	5	6	7	4	5	8	9	15	9	8
90610280	sun zhendong	127413603	engineering	0	2	8	5	7	8	9	6	6	6	0
90610280	xianmin zhang	127413603	engineering	3	2	3	7	14	17	17	18	17	13	13
92403157	dang zhimin	185592680	chemistry	0	4	9	13	26	31	22	13	19	2	0
92403157	yue zhang	185592680	chemistry	0	1	1	0	0	4	2	13	17	21	23
96852419	aibing zhang	86803240	biology	1	5	2	5	2	4	5	3	4	0	0
96852419	hailiang li	121332964	physics	3	8	7	7	5	4	0	2	2	4	4
99065089	baoding liu	33923547	mathematics	14	4	7	17	8	15	6	7	7	6	9
99065089	baoyin hexi	121332964	physics	8	14	12	14	10	21	9	15	1	0	0
99065089	chen yubo	144133560	business	0	1	3	1	1	1	1	1	0	0	0
99065089	chen zhiqiang	121332964	physics	38	30	42	52	70	57	34	30	3	0	0
99065089	chongqing kang	127413603	engineering	5	5	10	12	11	11	11	26	40	49	11
99065089	chu fulei	121332964	physics	1	1	11	4	8	4	14	12	18	14	22
99065089	chuanxiang tang	121332964	physics	4	1	19	28	25	31	10	20	14	20	25
99065089	chunxiao xu	121332964	physics	1	4	3	2	2	5	3	6	6	6	1
99065089	dinghui yang	121332964	physics	7	3	3	1	3	5	8	3	7	6	4
99065089	dong xiang	127413603	engineering	0	2	3	7	12	3	11	12	17	12	15
99065089	duan yuanyuan	185592680	chemistry	6	1	7	2	6	1	9	6	5	3	9
99065089	feng pan	185592680	chemistry	0	0	0	1	2	2	4	2	2	3	2
99065089	fengyuan ren	41008148	computer science	13	14	14	21	7	4	11	9	11	8	14
99065089	fuchun sun	41008148	computer science	3	7	3	12	25	28	17	20	23	36	33
99065089	gao yuanning	121332964	physics	0	0	0	0	0	0	0	0	1	0	0
99065089	gao zhe	121332964	physics	9	8	4	7	1	5	7	4	6	3	0
99065089	guilu long	121332964	physics	9	10	6	14	16	7	13	18	11	24	29
99065089	he hongjian	121332964	physics	0	0	1	2	1	2	3	3	5	2	2
99065089	hongying hu	185592680	chemistry	9	7	7	7	16	23	24	12	11	12	14
99065089	huaping xu	185592680	chemistry	12	11	4	7	10	8	8	8	11	1	0
99065089	hui zhai	121332964	physics	5	5	8	4	5	4	8	3	6	12	2
99065089	huimin xie	121332964	physics	1	4	9	8	8	6	10	9	19	10	14
99065089	ji xiangyang	41008148	computer science	4	11	12	12	11	5	3	4	9	12	2
99065089	jiang shengyao	121332964	physics	1	1	2	4	3	0	0	2	3	4	5
99065089	jiangtao wen	41008148	computer science	4	4	1	6	11	11	11	8	7	12	11
99065089	jianmin wang	41008148	computer science	8	19	27	21	22	23	30	25	34	32	3
99065089	jie zhou	41008148	computer science	12	17	24	15	20	18	11	14	18	14	41
99065089	jinhui wang	127413603	engineering	0	0	0	0	0	0	0	0	0	1	0
99065089	junhai yong	33923547	mathematics	2	0	0	10	10	15	10	10	8	14	14
99065089	lei liu	185592680	chemistry	3	5	11	17	24	15	32	23	33	45	32
99065089	li shao	71924100	medicine	6	4	6	14	5	12	7	5	11	6	6
99065089	li xianting	121332964	physics	7	3	5	6	3	5	8	10	17	16	17
99065089	li yanmei	185592680	chemistry	7	4	9	11	8	8	6	6	5	9	7
99065089	liang xidong	185592680	chemistry	0	0	1	0	3	10	11	8	8	7	7
99065089	liu min	41008148	computer science	2	6	3	2	8	7	5	17	14	11	11
99065089	liu yinghua	121332964	physics	6	6	8	11	7	6	6	6	14	20	1
99065089	liu yule	185592680	chemistry	1	0	1	1	2	6	1	5	4	5	9
99065089	liu yuxi	121332964	physics	9	12	8	7	15	12	6	11	14	15	13
99065089	lu wei	121332964	physics	1	0	3	5	3	13	6	14	10	1	0
99065089	meirong zhang	33923547	mathematics	2	2	3	1	3	4	2	5	4	2	5
99065089	meng yonggang	121332964	physics	3	10	7	6	3	7	6	6	6	15	12
99065089	ning yan	86803240	biology	0	0	0	0	0	0	3	0	0	0	2
99065089	niu zhisheng	41008148	computer science	18	28	17	26	17	20	14	12	18	28	36
99065089	peilun rao	41008148	computer science	0	1	0	0	0	0	0	0	0	0	0
99065089	peng qing	185592680	chemistry	21	15	18	24	12	15	3	4	9	7	5
99065089	qianchuan zhao	41008148	computer science	10	10	9	5	16	14	9	11	18	5	0
99065089	sichun zhang	185592680	chemistry	9	6	9	15	10	9	6	6	10	11	16
99065089	tong zhou	33923547	mathematics	3	2	2	3	3	7	4	4	2	8	6
99065089	wang xiaofeng	185592680	chemistry	2	2	5	2	7	3	8	4	5	4	2
99065089	wei yongge	185592680	chemistry	7	3	5	5	7	9	5	7	7	10	13
99065089	wenming zou	33923547	mathematics	3	3	0	4	6	8	0	13	6	12	6
99065089	xiaobo zhao	144133560	business	0	4	4	3	3	1	1	0	0	5	2
99065089	xiaoping zheng	121332964	physics	18	20	24	32	21	33	53	35	39	26	33
99065089	xuegong zhang	86803240	biology	4	4	2	11	11	8	12	8	10	8	10
99065089	yinping zhang	185592680	chemistry	4	10	10	5	9	10	8	12	9	16	10
99065089	yongfa zhu	185592680	chemistry	10	8	14	26	22	13	13	18	16	15	26
99065089	yonggang zhao	121332964	physics	0	0	0	0	0	0	0	1	0	1	2
99065089	zhao zhengming	127413603	engineering	0	3	2	1	1	5	1	10	4	11	6
108688024	xia yanzhi	185592680	chemistry	0	0	0	0	0	0	0	2	2	3	1
111381250	hailin zhang	185592680	chemistry	0	0	0	0	3	1	2	5	1	4	10
111599522	chen jian	185592680	chemistry	2	0	0	0	1	3	3	43	60	36	44
113940042	lu xionggang	185592680	chemistry	4	5	10	19	19	9	12	16	26	37	43
113940042	rentao song	185592680	chemistry	3	7	9	5	3	5	4	7	6	1	0
115488153	chen jing	121332964	physics	8	3	2	13	11	11	6	13	18	2	0
115592961	shouqi yuan	121332964	physics	1	1	0	4	9	4	12	18	8	15	17
116953780	chen yinguang	185592680	chemistry	10	7	9	9	16	11	19	16	9	3	0
116953780	guoqiang li	121332964	physics	1	0	3	2	1	4	1	3	10	2	23
116953780	huang maosong	127313418	geology	1	3	1	4	7	9	10	16	21	15	23
116953780	jian xu	127413603	engineering	3	1	5	3	11	7	3	11	16	14	11
116953780	jiang mingjing	127313418	geology	1	2	3	2	3	6	6	8	23	23	24
116953780	jianzhuang xiao	121332964	physics	8	3	2	5	22	17	13	12	23	15	16
116953780	tian yang	185592680	chemistry	5	11	7	7	7	8	8	6	3	2	0
116953780	xiaoning zhang	127413603	engineering	1	1	1	2	1	5	3	5	5	4	4
116953780	zheng zhong	121332964	physics	0	0	0	0	1	0	3	4	3	7	7
119045251	xipeng xu	185592680	chemistry	4	1	1	0	4	1	2	1	1	2	5
119454577	dong jiang	86803240	biology	4	5	6	10	9	4	5	11	17	11	3
119454577	futian qu	162324750	economics	4	1	0	0	0	1	0	1	3	3	2
119454577	jianwen zou	86803240	biology	2	3	8	6	2	4	6	6	8	9	3
119454577	jun zhu	185592680	chemistry	0	0	0	0	0	0	1	0	1	0	4
119454577	li xianchun	86803240	biology	0	1	1	0	2	0	0	0	0	1	0
119454577	wenhua zhang	185592680	chemistry	0	0	2	1	3	6	0	2	2	3	1
119454577	zhang zhengguang	185592680	chemistry	4	4	7	9	5	2	11	11	31	14	0
125839683	baohua ji	185592680	chemistry	1	0	0	0	2	3	3	7	2	8	11
125839683	cheng wang	121332964	physics	7	5	2	1	4	4	3	14	8	11	2
125839683	chun li	185592680	chemistry	13	7	11	11	11	7	9	9	8	5	0
125839683	gengkai hu	121332964	physics	2	0	1	1	0	1	4	2	10	5	12
125839683	hu jun	33923547	mathematics	6	6	4	3	1	2	3	2	0	0	0
125839683	hua huang	41008148	computer science	0	2	0	2	2	5	3	2	6	2	0
126520041	chaoyang lu	121332964	physics	5	2	3	4	7	5	10	17	4	0	0
126520041	chen chusheng	185592680	chemistry	3	1	1	3	7	1	3	6	3	11	5
126520041	chen enhong	41008148	computer science	11	12	14	16	46	21	33	43	28	37	10
126520041	chen falai	33923547	mathematics	3	3	0	6	4	6	4	6	7	7	4
126520041	chen gao	185592680	chemistry	1	1	4	0	0	0	0	5	8	10	5
126520041	chen yuao	121332964	physics	1	8	1	6	3	4	2	7	24	2	0
126520041	cui hua	185592680	chemistry	3	4	5	10	12	9	10	9	6	6	9
126520041	deng zhaoxiang	185592680	chemistry	2	7	6	2	4	2	6	5	6	1	0
126520041	ding hang	121332964	physics	7	1	0	1	1	3	3	4	6	2	0
126520041	ding zejun	185592680	chemistry	1	2	1	0	0	5	2	9	2	5	5
126520041	dou xiankang	127313418	geology	2	0	2	1	3	8	3	12	10	13	22
126520041	fang huang	127313418	geology	1	0	1	1	0	1	6	6	10	14	2
126520041	fei qi	185592680	chemistry	0	7	15	13	13	17	17	18	16	23	12
126520041	fei sun	71924100	medicine	1	0	2	3	3	6	7	13	6	8	4
126520041	fu yao	185592680	chemistry	18	16	15	22	22	30	38	44	49	41	9
126520041	gong weimin	185592680	chemistry	3	1	0	0	1	4	0	1	1	2	1
126520041	gong xinglong	121332964	physics	10	14	18	9	16	17	27	25	18	15	12
126520041	guanwu wang	185592680	chemistry	2	2	2	1	3	2	1	5	15	8	15
126520041	haiyan liu	185592680	chemistry	2	2	1	1	3	1	2	4	7	1	5
126520041	han liang	121332964	physics	6	11	6	1	3	2	1	5	2	0	1
126520041	haojun liang	185592680	chemistry	0	0	1	0	0	0	1	0	0	1	0
126520041	he linghui	121332964	physics	2	0	2	1	2	0	0	1	2	1	0
126520041	he lixin	121332964	physics	4	3	5	8	7	6	6	10	4	10	6
126520041	hengan wu	185592680	chemistry	4	2	2	16	9	22	21	28	2	0	0
126520041	hou zhonghuai	121332964	physics	11	4	7	5	5	10	10	6	8	10	5
126520041	houqiang li	41008148	computer science	11	13	18	14	18	27	18	37	38	26	7
126520041	hu shuiming	121332964	physics	2	3	5	4	13	3	5	8	9	3	12
126520041	huang wen	33923547	mathematics	6	2	2	3	8	8	10	6	5	6	6
126520041	huang yunfeng	121332964	physics	18	13	7	1	5	0	2	2	6	18	6
126520041	jian zheng	121332964	physics	8	4	1	2	4	2	5	7	3	7	6
126520041	jiuhou lei	127313418	geology	7	6	6	4	13	5	10	8	15	12	3
126520041	jun wang	185592680	chemistry	10	7	18	21	15	26	22	15	30	31	19
126520041	junxian wang	121332964	physics	0	1	4	6	13	3	2	6	7	7	2
126520041	kong xu	121332964	physics	2	5	10	8	3	8	7	14	13	7	11
126520041	li liangbin	185592680	chemistry	6	9	8	8	8	16	25	23	17	27	5
126520041	li tao	127313418	geology	4	1	8	6	3	3	4	7	8	7	6
126520041	liwen niu	185592680	chemistry	0	4	4	1	4	3	1	4	7	6	8
126520041	ning xu	121332964	physics	2	3	4	6	4	2	6	8	4	5	1
126520041	qijin zhang	185592680	chemistry	1	3	1	5	6	3	5	8	7	19	29
126520041	qinghua shi	86803240	biology	0	0	0	1	1	0	1	7	4	10	10
126520041	qun wang	121332964	physics	6	5	5	7	9	11	5	9	4	2	6
126520041	qunke xia	127313418	geology	2	3	3	2	3	2	2	6	7	1	1
126520041	shao xueguang	185592680	chemistry	7	6	7	7	13	11	23	11	8	0	0
126520041	shiqiang wei	185592680	chemistry	1	2	1	17	5	41	17	29	16	15	24
126520041	su yucai	33923547	mathematics	1	3	2	2	7	8	9	4	4	2	0
126520041	tian zhigang	71924100	medicine	0	1	0	0	0	0	5	7	13	13	13
126520041	wenbin wu	185592680	chemistry	7	2	6	4	2	0	3	1	1	6	5
126520041	xie zhouqing	127313418	geology	10	6	5	5	1	6	8	2	12	3	5
126520041	yongfei zheng	127313418	geology	1	1	1	0	2	2	1	1	5	11	8
126520041	zhao zifu	127313418	geology	9	12	4	5	5	4	6	2	5	8	8
135714990	jijun xiong	121332964	physics	12	12	21	16	9	15	25	28	26	2	0
139660479	chen xiaohong	41008148	computer science	3	0	2	0	1	0	2	1	4	8	8
139660479	chunhua yang	41008148	computer science	3	26	14	25	25	20	24	21	32	16	19
139660479	huaming yang	185592680	chemistry	6	7	7	9	3	11	16	23	16	20	24
139660479	luo xianghang	71924100	medicine	8	6	5	6	10	5	4	7	4	1	4
139759216	ji yuefeng	41008148	computer science	0	0	3	8	7	0	12	15	23	44	9
139759216	tao xiaofeng	127413603	engineering	6	8	16	14	24	10	26	16	31	31	3
141649914	chen yiwang	185592680	chemistry	16	14	26	48	38	45	40	30	44	11	0
143413998	shusheng zhang	185592680	chemistry	48	100	25	43	35	27	9	5	8	4	0
143593769	feng qian	41008148	computer science	0	2	4	9	13	20	25	27	8	34	18
143593769	feng yaoyu	71924100	medicine	4	3	7	7	9	13	13	10	5	2	0
143593769	jiaping lin	185592680	chemistry	5	4	8	11	8	11	7	15	9	16	8
143593769	linyong zhu	185592680	chemistry	2	3	3	7	5	6	7	4	8	2	0
146620803	huang shaoming	185592680	chemistry	1	1	1	5	11	15	17	16	27	22	16
148099405	wang yi	121332964	physics	1	0	4	1	2	8	5	12	8	0	0
149594827	jiao licheng	41008148	computer science	3	14	5	17	16	28	21	47	85	76	65
149594827	li zhiwu	41008148	computer science	9	4	9	13	10	11	13	14	12	10	3
149594827	yang yintang	127413603	engineering	2	5	19	19	14	10	28	49	63	36	42
151075929	huang yuesheng	185592680	chemistry	0	0	0	1	1	1	1	0	2	2	3
151075929	jiang jianxin	71924100	medicine	1	0	0	0	3	3	2	2	2	7	8
151075929	liangming liu	71924100	medicine	1	0	3	2	4	3	2	10	9	13	11
151075929	yin zhengqin	71924100	medicine	0	0	0	0	0	0	0	0	0	0	1
153473198	cui xiang	127413603	engineering	3	2	2	4	8	14	5	10	19	13	20
154099455	chuansong wu	185592680	chemistry	0	0	0	0	0	0	1	0	0	1	0
154099455	chunhong ma	71924100	medicine	11	9	7	5	3	3	8	7	6	2	0
154099455	hu xijun	33923547	mathematics	2	2	1	0	2	2	1	2	6	0	0
154099455	huaijin zhang	121332964	physics	36	45	34	39	39	32	35	28	39	39	44
154099455	li yuezhong	185592680	chemistry	2	3	3	4	5	9	1	6	7	7	9
154099455	liu xiangfa	185592680	chemistry	2	7	5	13	12	4	11	11	22	15	8
154099455	liu yungang	127413603	engineering	6	8	5	11	10	10	11	18	18	26	1
154099455	liu zhanqiang	127413603	engineering	9	18	10	15	20	17	23	38	41	8	0
154099455	longwei yin	185592680	chemistry	5	4	2	0	6	8	5	5	11	13	21
154099455	shishen yan	121332964	physics	9	13	8	14	11	11	16	19	17	14	23
154099455	si zongguo	121332964	physics	5	4	9	1	1	6	2	4	4	7	0
154099455	yuzhong zhang	185592680	chemistry	6	7	8	11	16	13	14	20	11	17	23
156144747	daping yang	71924100	medicine	0	0	0	0	0	0	0	3	2	0	1
157773358	chen hao	71924100	medicine	3	1	4	3	2	1	2	0	0	0	1
157773358	chen wen	71924100	medicine	0	0	0	1	6	4	3	6	8	9	9
157773358	chengxin wang	185592680	chemistry	0	0	1	0	1	7	3	10	18	19	12
157773358	dan xie	71924100	medicine	14	12	18	23	15	22	26	19	21	27	24
157773358	deng shaozhi	185592680	chemistry	7	8	8	12	9	7	8	5	28	12	14
157773358	fan wang	41008148	computer science	2	7	3	2	1	1	3	3	1	2	4
157773358	fan zhong	121332964	physics	0	1	0	0	0	1	0	0	1	4	1
157773358	gangfeng ouyang	185592680	chemistry	10	11	10	5	5	6	9	11	23	21	20
157773358	gu jieruo	71924100	medicine	0	0	1	0	0	0	0	0	0	4	4
157773358	guo xianping	33923547	mathematics	3	5	3	7	5	14	3	10	11	3	5
157773358	he mingguang	71924100	medicine	4	5	16	24	24	28	47	30	36	35	30
157773358	hongbin wang	185592680	chemistry	4	3	5	5	7	4	1	7	6	1	0
157773358	hongbing ji	185592680	chemistry	4	10	7	13	11	15	18	29	28	4	0
157773358	hu jianxun	33923547	mathematics	0	1	0	2	0	2	0	0	1	0	1
157773358	jia weihua	71924100	medicine	1	0	0	0	0	1	0	0	1	0	0
157773358	jingxuan pan	71924100	medicine	2	0	2	3	5	10	1	5	3	5	3
157773358	lixin yan	33923547	mathematics	2	2	4	2	5	3	3	4	2	2	4
157773358	lu tongbu	185592680	chemistry	5	5	8	3	8	4	3	10	12	8	10
157773358	mao zongwan	185592680	chemistry	3	3	5	0	2	4	7	11	7	12	14
157773358	peng xiang	71924100	medicine	3	2	10	3	6	6	4	4	0	0	0
157773358	qiang zhang	127313418	geology	7	11	19	18	10	10	13	33	5	2	0
157773358	qingjiong zhang	86803240	biology	4	0	1	3	5	10	6	13	13	22	15
157773358	qiu rongliang	185592680	chemistry	5	4	12	12	13	16	7	19	7	15	21
157773358	shuai xintao	185592680	chemistry	1	6	5	5	9	12	7	16	6	12	10
157773358	wang xuemei	127313418	geology	4	4	8	6	10	8	10	14	10	2	0
157773358	wu zhongkai	71924100	medicine	4	5	2	6	1	1	0	2	2	2	2
157773358	xiaopei yan	162324750	economics	0	1	0	1	5	3	3	1	5	6	5
158842170	fusheng pan	185592680	chemistry	0	4	9	10	10	19	41	37	48	49	34
158842170	jian li	185592680	chemistry	10	16	17	36	23	23	12	42	19	0	0
158842170	xun zhu	185592680	chemistry	11	11	19	16	14	21	19	29	41	38	15
158842170	yongxing zhang	121332964	physics	0	1	5	9	8	2	6	8	10	5	5
158842170	zhang zongyi	144133560	business	0	0	0	2	3	6	5	5	13	8	3
159948400	baiou guan	121332964	physics	0	0	1	8	25	35	50	46	55	46	39
162868743	chunfeng wang	144133560	business	0	0	1	0	0	1	2	3	12	6	8
162868743	denghua zhong	127413603	engineering	0	0	0	1	9	1	5	4	4	5	3
162868743	feng wei	185592680	chemistry	11	24	15	13	17	17	17	24	33	3	0
162868743	he zhen	127413603	engineering	10	20	16	12	6	6	12	5	0	5	0
162868743	jiang zhongyi	185592680	chemistry	24	22	31	33	25	35	18	33	56	57	42
162868743	junan ma	185592680	chemistry	4	6	5	13	15	23	23	17	21	15	7
162868743	li yali	185592680	chemistry	0	0	0	3	2	0	1	3	10	6	3
162868743	liu wenguang	185592680	chemistry	5	1	6	8	12	9	12	12	6	16	5
162868743	liu yongchang	185592680	chemistry	15	23	6	16	20	25	20	22	34	56	9
162868743	yingjin yuan	185592680	chemistry	1	4	4	16	8	12	20	19	11	11	15
163340411	chen wen	121332964	physics	3	1	1	10	19	13	12	26	34	32	35
163340411	hongwu tang	127313418	geology	1	3	1	5	7	8	5	4	5	10	10
163340411	jinhai zheng	127313418	geology	10	5	10	14	15	17	18	14	27	1	0
163340411	ju ping	127413603	engineering	1	2	1	3	2	6	11	8	8	4	7
170215575	dou yong	41008148	computer science	3	6	18	13	10	8	12	12	20	15	24
170215575	jianmin yuan	121332964	physics	0	0	2	0	1	4	5	7	7	7	5
170215575	zhaowen zhuang	127413603	engineering	0	4	4	2	0	0	2	2	7	12	21
173759888	kuang leman	121332964	physics	2	3	4	2	10	6	9	6	12	10	7
173759888	liu shaojun	86803240	biology	1	2	7	5	7	9	4	13	9	11	11
173899330	chunpeng song	185592680	chemistry	0	0	2	3	1	4	4	5	6	2	4
177933477	an huazhang	71924100	medicine	6	5	3	3	4	3	3	3	0	1	1
177933477	cao guangwen	71924100	medicine	0	2	5	18	26	31	13	15	26	26	18
177933477	chen wansheng	185592680	chemistry	8	16	16	15	17	17	23	26	15	15	3
177933477	jiang yuanying	185592680	chemistry	1	6	8	9	17	10	11	28	18	8	14
177933477	liu shanrong	71924100	medicine	1	2	3	3	3	1	2	4	3	0	0
177933477	pan weiqing	71924100	medicine	0	0	0	0	0	0	0	2	0	1	3
177933477	qian qijun	71924100	medicine	4	7	4	6	4	5	8	15	7	9	3
177933477	sun yinghao	71924100	medicine	0	1	0	2	3	3	0	0	2	2	5
177933477	weiping zhang	71924100	medicine	1	2	0	3	6	3	4	6	13	8	2
180726961	wang yiping	121332964	physics	5	6	0	3	9	20	34	31	35	4	0
183067930	cao zhenfu	41008148	computer science	0	0	0	0	0	0	2	17	38	43	26
183067930	chen xianfeng	121332964	physics	9	31	19	26	29	26	30	22	32	32	28
183067930	chongfeng wu	144133560	business	0	0	0	0	0	0	0	0	1	0	0
183067930	dong yi	121332964	physics	8	8	10	2	12	10	5	11	16	7	6
183067930	dongmei xiao	33923547	mathematics	3	1	7	4	5	1	3	2	2	5	4
183067930	fan tongxiang	185592680	chemistry	14	11	12	9	9	14	19	11	9	2	0
183067930	fu yuxi	41008148	computer science	4	4	5	2	3	3	4	8	6	4	4
183067930	guo minyi	41008148	computer science	1	4	10	13	8	32	26	30	24	26	23
183067930	haiguang xu	121332964	physics	0	3	0	2	7	0	6	7	0	2	8
183067930	he xianghuo	71924100	medicine	1	3	5	0	8	8	6	5	11	12	4
183067930	hongkai xiong	41008148	computer science	10	12	21	13	14	23	13	19	22	2	0
183067930	hu weisheng	121332964	physics	2	6	36	50	45	31	28	23	38	44	55
183067930	hu wenbin	185592680	chemistry	7	13	12	15	8	9	11	12	3	8	6
183067930	huang qian	71924100	medicine	0	2	1	4	5	4	7	4	3	8	5
183067930	huiying wu	121332964	physics	1	2	1	5	5	6	2	4	4	5	4
183067930	jiang wei	71924100	medicine	7	5	3	9	26	11	13	14	17	8	1
183067930	jianglai liu	121332964	physics	1	0	0	1	2	1	7	10	1	0	0
183067930	jianguo li	185592680	chemistry	0	0	0	0	0	1	4	5	12	17	17
183067930	kong xiangyang	185592680	chemistry	0	0	0	0	0	0	0	1	2	0	1
183067930	li shaoyuan	127413603	engineering	6	19	16	17	14	17	18	18	31	25	26
183067930	lin shuangjun	185592680	chemistry	2	4	7	7	10	5	0	6	7	0	0
183067930	lin yi	71924100	medicine	0	0	0	1	2	4	4	2	1	2	1
183067930	lu qinghua	185592680	chemistry	3	4	4	10	19	12	8	5	15	7	7
183067930	lu xingcai	185592680	chemistry	4	0	4	1	6	7	6	10	10	2	0
183067930	ma xiong	71924100	medicine	1	2	2	8	6	5	6	20	7	16	4
183067930	nan shen	71924100	medicine	1	1	8	8	0	2	7	16	12	7	14
183067930	saixing zeng	144133560	business	2	1	1	7	3	1	0	0	1	0	1
183067930	shankai yin	71924100	medicine	2	2	7	7	10	12	8	10	14	6	12
183067930	wang xinbing	41008148	computer science	17	27	30	33	39	25	34	32	33	40	4
183067930	xinyuan zhu	185592680	chemistry	2	6	5	17	6	17	29	26	20	19	18
183067930	xu yuhong	185592680	chemistry	1	6	10	6	3	5	2	7	7	8	11
183067930	yongfeng zhou	185592680	chemistry	10	11	12	18	12	12	7	11	10	13	16
183067930	yumin zhao	121332964	physics	0	0	2	0	1	0	0	0	0	0	0
183519381	songling wang	71924100	medicine	0	0	0	0	0	0	0	0	0	0	0
184983240	liu yichun	185592680	chemistry	6	3	11	14	17	21	13	18	25	28	37
189210763	hongbin zhang	185592680	chemistry	8	12	12	13	12	18	15	10	17	24	21
191208505	bangqin huang	127313418	geology	1	7	5	7	10	7	4	8	9	4	12
191208505	chaoyong yang	185592680	chemistry	0	0	1	1	0	1	1	2	6	7	0
191208505	chen min	127313418	geology	4	7	5	6	3	8	9	10	11	8	8
191208505	dazhi wang	86803240	biology	4	4	10	6	7	3	3	4	3	0	0
191208505	dongliang peng	185592680	chemistry	0	3	2	4	1	5	16	10	7	14	24
191208505	haiping xia	185592680	chemistry	3	2	2	3	8	17	7	10	11	11	12
191208505	hong zhao	41008148	computer science	1	2	4	0	3	3	2	1	4	3	1
191208505	jiang yunbao	185592680	chemistry	2	3	1	7	6	6	0	3	6	4	8
191208505	jianwei shuai	185592680	chemistry	0	1	0	2	5	5	3	4	2	3	4
191208505	jun tao	185592680	chemistry	9	7	5	8	9	12	6	8	5	3	1
191208505	lasheng long	185592680	chemistry	28	7	13	5	8	12	12	10	14	12	10
191208505	liu xingjun	185592680	chemistry	1	0	1	2	1	0	1	3	7	18	16
191208505	lu xin	185592680	chemistry	9	4	4	10	8	7	8	10	9	7	2
191208505	ningshao xia	71924100	medicine	7	15	13	11	25	14	18	17	12	25	28
191208505	qiao wu	185592680	chemistry	1	2	2	2	2	2	1	0	2	1	0
191208505	wang ye	185592680	chemistry	3	3	8	14	14	9	11	15	12	18	16
191208505	xiaomei yan	185592680	chemistry	0	2	6	7	6	6	5	6	5	8	6
191208505	yunwu zhang	185592680	chemistry	1	2	1	1	5	5	0	2	0	2	1
194450716	chen hong	127413603	engineering	1	2	2	6	13	7	14	21	21	34	23
194450716	chen qijun	71924100	medicine	2	0	1	2	1	2	4	2	3	5	7
194450716	geyu lu	185592680	chemistry	0	0	0	0	0	0	2	1	10	3	20
194450716	hongwei song	185592680	chemistry	1	0	1	1	5	5	10	8	16	17	15
194450716	hu ping	121332964	physics	2	2	2	2	1	2	4	1	2	3	3
194450716	liu mingyuan	185592680	chemistry	1	0	2	1	7	9	5	1	13	9	6
194450716	lu zhongyuan	185592680	chemistry	10	5	7	9	5	3	10	9	22	10	13
194450716	wensheng yang	185592680	chemistry	10	5	11	15	11	10	19	14	13	8	10
196699116	hua lin	127413603	engineering	0	0	2	4	4	10	4	18	12	17	15
196699116	jiaguo yu	185592680	chemistry	7	5	6	9	19	28	18	16	19	33	44
196699116	liqiang mai	185592680	chemistry	6	10	7	3	17	29	40	57	91	16	0
204553293	chunming xu	185592680	chemistry	0	1	0	1	7	15	19	20	23	25	28
204553293	gensheng li	127313418	geology	0	0	0	1	0	0	1	1	1	2	3
204831749	huazhen lin	162324750	economics	1	0	0	1	1	2	2	3	6	1	4
204983213	dahai zhu	71924100	medicine	0	0	0	0	0	0	0	0	1	1	0
204983213	fan feng	127413603	engineering	2	7	11	12	11	12	12	14	17	15	3
204983213	feng jicai	185592680	chemistry	2	1	1	2	2	1	9	12	9	11	11
204983213	feng yujie	185592680	chemistry	1	1	18	13	18	21	22	15	25	36	43
204983213	han jiecai	185592680	chemistry	6	7	5	13	28	33	53	49	24	18	18
204983213	jun liang	121332964	physics	7	8	4	8	6	3	3	5	7	5	0
204983213	qiang ye	144133560	business	4	5	6	9	12	7	7	8	3	7	4
205237279	bai chengming	33923547	mathematics	0	1	0	0	0	0	0	0	1	0	0
205237279	baohui li	185592680	chemistry	1	9	14	12	8	5	6	12	4	6	2
205237279	bu wenjun	86803240	biology	0	0	0	1	0	1	5	6	2	6	8
205237279	deling kong	185592680	chemistry	0	2	2	2	3	1	7	12	13	18	16
205237279	fang yongchun	127413603	engineering	8	8	9	13	15	18	22	20	29	36	6
205237279	jianguo tian	121332964	physics	3	1	0	0	0	1	1	3	12	14	21
205237279	jianhua xie	185592680	chemistry	11	11	17	14	15	9	7	13	14	9	1
205237279	linqi shi	185592680	chemistry	0	0	1	8	8	11	9	14	12	11	6
205237279	pingchuan sun	185592680	chemistry	2	4	5	12	19	7	11	10	12	10	11
205237279	sun wenchang	33923547	mathematics	4	2	7	7	5	3	1	2	3	0	0
205237279	xiaoqing zhu	185592680	chemistry	0	0	4	4	7	3	1	3	1	2	4
881766915	bin shi	127313418	geology	1	1	2	0	0	2	3	5	3	10	6
881766915	chen guihai	41008148	computer science	1	11	15	10	12	24	34	23	15	10	15
881766915	chen yang	121332964	physics	5	5	2	6	12	7	5	3	13	12	5
881766915	cheng jianchun	121332964	physics	0	0	0	0	1	3	3	2	0	6	2
881766915	daiqian xie	185592680	chemistry	5	8	11	12	9	21	23	17	6	24	12
881766915	gaofei zhang	33923547	mathematics	2	2	0	1	0	0	0	0	0	0	0
881766915	gu shulin	185592680	chemistry	12	3	4	11	5	1	6	14	7	7	10
881766915	haijun wu	33923547	mathematics	1	2	3	0	1	1	2	1	1	0	0
881766915	hong yan	185592680	chemistry	0	1	2	5	4	9	8	9	11	13	5
881766915	hu wenbing	185592680	chemistry	6	2	4	2	4	6	8	4	1	3	17
881766915	hu yuefei	185592680	chemistry	3	1	2	1	5	6	7	2	4	4	2
881766915	huang yongfeng	121332964	physics	0	0	3	1	0	1	2	5	1	1	2
881766915	hui liu	121332964	physics	11	18	10	7	8	6	10	14	7	5	0
881766915	huicheng yin	121332964	physics	1	3	4	3	5	4	0	2	3	4	8
881766915	ji junfeng	127313418	geology	5	6	4	4	8	13	10	7	11	9	15
881766915	jiang xiqun	185592680	chemistry	1	5	8	9	7	4	8	6	8	8	17
881766915	jilin zhou	121332964	physics	1	4	3	8	1	3	6	7	6	9	7
881766915	jin zhu	185592680	chemistry	6	5	6	11	6	6	8	20	5	2	0
881766915	jing ma	185592680	chemistry	7	6	12	7	6	12	16	32	28	15	13
881766915	junjie zhu	185592680	chemistry	6	5	5	17	17	21	22	31	35	25	45
881766915	kong lingdong	71924100	medicine	6	4	2	7	8	9	6	9	8	4	9
881766915	li xuandong	41008148	computer science	5	1	5	3	1	3	5	11	3	8	8
881766915	limin zheng	185592680	chemistry	4	5	1	6	13	13	5	11	13	12	13
881766915	liu zhen	71924100	medicine	15	5	8	28	18	30	52	39	25	1	0
881766915	lu xian	127313418	geology	0	0	0	0	0	0	0	0	0	0	0
881766915	lu xiaomei	121332964	physics	4	3	14	12	6	11	8	9	11	2	6
881766915	peng ruwen	121332964	physics	7	2	9	6	5	7	10	8	14	17	10
881766915	qingyu wu	185592680	chemistry	0	0	1	0	0	0	0	0	0	0	0
881766915	sheng zhong	41008148	computer science	1	0	1	0	5	11	15	15	8	1	0
881766915	sun weiyin	185592680	chemistry	10	13	11	16	18	19	12	12	10	14	18
881766915	sun zhiwei	33923547	mathematics	0	1	7	12	6	8	7	18	16	10	8
881766915	tiaojun xiao	144133560	business	9	4	4	2	3	6	4	2	6	0	0
881766915	wan xiangang	121332964	physics	7	3	5	7	8	22	30	20	4	0	0
881766915	weiyi zhang	121332964	physics	3	1	9	4	2	6	3	3	3	5	4
881766915	xiuqun yang	127313418	geology	0	1	0	0	1	1	0	2	1	4	1
881766915	xu ying	71924100	medicine	0	0	0	0	0	0	1	3	5	5	2
