108688024	xia yanzhi	185592680	chemistry	0	0	0	0	0	0	0	0	0	0	0
111381250	hailin zhang	185592680	chemistry	0	0	0	0	4	18	28	38	32	53	55
111599522	chen jian	185592680	chemistry	0	3	1	0	1	1	7	25	74	170	246
113940042	lu xionggang	185592680	chemistry	13	6	31	40	105	121	171	175	296	279	439
113940042	rentao song	185592680	chemistry	88	61	76	73	100	110	83	109	134	27	0
115488153	chen jing	121332964	physics	6	7	17	23	24	39	47	49	52	13	0
115592961	shouqi yuan	121332964	physics	0	0	0	0	0	1	1	5	3	5	14
116953780	chen yinguang	185592680	chemistry	86	94	154	209	267	371	560	754	746	207	0
116953780	guoqiang li	121332964	physics	0	0	2	3	0	1	7	12	8	24	38
116953780	huang maosong	127313418	geology	0	1	0	1	4	3	6	17	27	36	44
116953780	jian xu	127413603	engineering	2	1	5	14	24	39	49	46	76	83	103
116953780	jiang mingjing	127313418	geology	0	2	5	7	7	18	18	50	79	143	180
116953780	jianzhuang xiao	121332964	physics	18	31	47	54	100	179	203	227	368	457	130
116953780	tian yang	185592680	chemistry	21	38	78	121	164	250	419	609	590	653	119
116953780	xiaoning zhang	127413603	engineering	11	11	18	33	19	38	21	50	77	70	78
116953780	zheng zhong	121332964	physics	0	0	0	0	2	0	4	7	11	13	15
119045251	xipeng xu	185592680	chemistry	2	5	14	7	14	22	27	27	43	25	69
119454577	dong jiang	86803240	biology	14	48	54	101	121	202	184	238	339	341	64
119454577	futian qu	162324750	economics	2	3	1	1	2	2	2	3	9	10	16
119454577	jianwen zou	86803240	biology	37	23	48	92	122	190	243	225	262	373	422
119454577	jun zhu	185592680	chemistry	0	0	0	0	0	0	0	1	4	3	6
119454577	li xianchun	86803240	biology	0	0	1	2	17	7	11	7	14	19	14
119454577	wenhua zhang	185592680	chemistry	1	1	3	9	28	65	76	105	134	146	189
119454577	zhang zhengguang	185592680	chemistry	14	19	36	77	128	155	151	207	321	429	28
12411659	gao xiumei	185592680	chemistry	2	6	7	29	55	99	162	216	304	400	432
125839683	baohua ji	185592680	chemistry	0	0	0	0	1	1	14	35	26	53	84
125839683	cheng wang	121332964	physics	2	2	13	12	19	33	18	23	60	98	14
125839683	chun li	185592680	chemistry	17	27	51	86	118	169	217	183	250	46	0
125839683	gengkai hu	121332964	physics	7	5	10	7	13	14	22	19	40	40	53
125839683	hu jun	33923547	mathematics	19	20	24	22	22	16	31	35	5	0	0
125839683	hua huang	41008148	computer science	3	3	1	1	3	14	31	76	95	17	0
126520041	chaoyang lu	121332964	physics	97	88	94	121	143	219	328	467	74	0	0
126520041	chen chusheng	185592680	chemistry	0	3	10	15	10	12	11	21	28	65	44
126520041	chen enhong	41008148	computer science	18	46	94	124	177	242	335	508	596	737	111
126520041	chen falai	33923547	mathematics	1	3	4	11	17	22	18	27	36	46	58
126520041	chen gao	185592680	chemistry	0	0	7	11	7	14	20	22	15	41	45
126520041	chen yuao	121332964	physics	54	118	87	93	153	136	216	184	275	47	0
126520041	cui hua	185592680	chemistry	8	19	22	37	59	101	172	173	171	249	411
126520041	deng zhaoxiang	185592680	chemistry	167	172	279	318	358	292	272	241	393	75	0
126520041	ding hang	121332964	physics	4	3	3	7	12	23	61	93	111	22	0
126520041	ding zejun	185592680	chemistry	1	0	2	2	8	3	2	14	9	16	24
126520041	dou xiankang	127313418	geology	0	3	3	4	4	5	17	29	69	128	108
126520041	fang huang	127313418	geology	15	19	22	29	55	57	59	65	86	192	21
126520041	fei qi	185592680	chemistry	4	4	14	43	56	138	128	301	328	542	374
126520041	fei sun	71924100	medicine	24	37	51	34	36	59	83	109	158	142	195
126520041	fu yao	185592680	chemistry	129	138	284	437	666	924	1235	1239	1434	1605	214
126520041	gong weimin	185592680	chemistry	0	1	3	8	3	6	5	15	19	11	19
126520041	gong xinglong	121332964	physics	5	26	65	96	153	203	333	432	528	695	687
126520041	guanwu wang	185592680	chemistry	2	3	2	7	10	11	13	26	42	28	75
126520041	haiyan liu	185592680	chemistry	1	7	6	11	10	10	14	20	31	44	53
126520041	han liang	121332964	physics	3	4	6	7	11	22	24	22	11	8	9
126520041	haojun liang	185592680	chemistry	0	0	0	0	0	0	0	0	1	0	5
126520041	he linghui	121332964	physics	4	3	5	14	9	20	14	17	10	10	17
126520041	he lixin	121332964	physics	14	19	34	26	51	26	32	55	56	43	61
126520041	hengan wu	185592680	chemistry	25	33	53	37	141	327	485	680	135	0	0
126520041	hou zhonghuai	121332964	physics	64	58	121	100	98	126	96	83	108	74	81
126520041	houqiang li	41008148	computer science	58	106	176	213	187	263	352	421	459	534	74
126520041	hu shuiming	121332964	physics	19	18	22	36	27	40	42	70	105	105	122
126520041	huang wen	33923547	mathematics	33	34	77	61	93	126	116	170	172	194	206
126520041	huang yunfeng	121332964	physics	25	22	37	30	43	46	56	47	203	298	249
126520041	jian zheng	121332964	physics	3	4	2	4	11	6	10	13	21	19	13
126520041	jiuhou lei	127313418	geology	3	0	1	7	24	20	71	93	106	120	16
126520041	jun wang	185592680	chemistry	69	115	141	223	227	485	729	919	1207	1369	1522
126520041	junxian wang	121332964	physics	0	1	13	34	89	90	121	108	116	134	125
126520041	kong xu	121332964	physics	74	100	126	183	213	294	253	265	324	304	296
126520041	li liangbin	185592680	chemistry	68	56	78	150	238	281	348	390	432	513	77
126520041	li tao	127313418	geology	2	5	4	9	26	23	52	74	70	59	116
126520041	liwen niu	185592680	chemistry	0	2	3	4	4	8	7	9	8	24	42
126520041	ning xu	121332964	physics	1	1	3	8	11	33	39	51	60	91	17
126520041	qijin zhang	185592680	chemistry	0	0	3	7	3	11	30	24	17	49	41
126520041	qinghua shi	86803240	biology	9	16	16	29	44	64	51	59	80	131	142
126520041	qun wang	121332964	physics	21	22	20	14	22	32	23	52	41	54	59
126520041	qunke xia	127313418	geology	23	19	18	22	36	55	64	90	121	187	187
126520041	shao xueguang	185592680	chemistry	5	9	15	28	43	39	70	94	114	154	128
126520041	shiqiang wei	185592680	chemistry	8	5	17	17	22	33	65	112	130	221	242
126520041	su yucai	33923547	mathematics	0	2	4	6	11	27	44	39	49	57	48
126520041	tian zhigang	71924100	medicine	0	0	0	1	1	1	7	30	63	116	146
126520041	wenbin wu	185592680	chemistry	13	14	19	26	18	21	30	24	25	34	30
126520041	xie zhouqing	127313418	geology	21	45	39	78	82	103	146	141	151	170	188
126520041	yongfei zheng	127313418	geology	0	3	0	2	2	2	8	13	21	19	41
126520041	zhao zifu	127313418	geology	107	244	294	311	308	364	504	592	486	577	607
135714990	jijun xiong	121332964	physics	10	21	24	30	44	45	102	83	138	15	0
139660479	chen xiaohong	41008148	computer science	2	0	0	0	0	0	0	0	0	2	2
139660479	chunhua yang	41008148	computer science	0	3	8	9	31	32	35	49	82	100	121
139660479	huaming yang	185592680	chemistry	40	50	87	102	135	205	235	292	333	540	803
139660479	luo xianghang	71924100	medicine	52	73	142	131	199	189	223	276	337	290	280
139759216	ji yuefeng	41008148	computer science	0	0	0	0	3	0	0	1	5	1	13
139759216	tao xiaofeng	127413603	engineering	7	3	10	17	32	63	74	85	92	127	13
141649914	chen yiwang	185592680	chemistry	82	95	131	225	294	563	699	834	1081	157	0
143413998	shusheng zhang	185592680	chemistry	12	48	78	199	277	443	728	788	753	735	803
143593769	feng qian	41008148	computer science	0	0	0	0	11	11	18	55	51	72	81
143593769	feng yaoyu	71924100	medicine	11	41	62	121	166	299	354	413	474	55	0
143593769	jiaping lin	185592680	chemistry	2	12	18	37	47	132	118	228	180	263	207
143593769	linyong zhu	185592680	chemistry	1	11	43	79	122	130	218	202	232	42	0
146620803	huang shaoming	185592680	chemistry	3	8	10	5	27	62	102	192	413	787	1103
148099405	wang yi	121332964	physics	0	0	0	0	0	3	14	37	61	15	0
149594827	jiao licheng	41008148	computer science	1	1	2	3	7	21	28	48	139	195	234
149594827	li zhiwu	41008148	computer science	32	52	75	130	182	241	327	454	332	468	605
149594827	yang yintang	127413603	engineering	0	0	1	3	4	6	7	32	36	80	96
151075929	huang yuesheng	185592680	chemistry	6	5	1	2	2	4	6	3	3	3	6
151075929	jiang jianxin	71924100	medicine	8	13	3	10	10	10	8	15	18	13	22
151075929	liangming liu	71924100	medicine	0	0	0	8	5	8	15	13	20	35	33
151075929	yin zhengqin	71924100	medicine	0	0	0	0	0	0	0	0	0	0	0
153473198	cui xiang	127413603	engineering	1	0	3	0	5	10	11	9	31	17	58
154099455	chuansong wu	185592680	chemistry	0	0	0	0	0	0	0	0	0	0	0
154099455	chunhong ma	71924100	medicine	57	64	126	175	205	204	227	226	198	26	0
154099455	hu xijun	33923547	mathematics	1	9	5	10	6	11	22	27	31	3	0
154099455	huaijin zhang	121332964	physics	115	136	206	261	284	328	441	421	445	484	572
154099455	li yuezhong	185592680	chemistry	5	1	6	7	31	38	41	65	54	69	108
154099455	liu xiangfa	185592680	chemistry	0	6	12	7	18	25	32	37	93	123	132
154099455	liu yungang	127413603	engineering	9	16	22	54	44	55	66	108	111	149	21
154099455	liu zhanqiang	127413603	engineering	7	17	30	34	59	88	93	184	363	36	0
154099455	longwei yin	185592680	chemistry	42	57	76	58	67	71	136	164	239	327	510
154099455	shishen yan	121332964	physics	9	9	40	58	84	101	111	174	211	267	380
154099455	si zongguo	121332964	physics	78	65	78	57	70	97	90	106	149	65	6
154099455	yuzhong zhang	185592680	chemistry	5	25	46	65	74	127	235	261	293	363	395
156144747	daping yang	71924100	medicine	0	0	0	0	0	0	0	0	3	1	3
157773358	chen hao	71924100	medicine	0	3	3	2	3	4	1	5	5	13	10
157773358	chen wen	71924100	medicine	0	0	0	0	3	5	21	34	53	74	88
157773358	chengxin wang	185592680	chemistry	7	18	12	14	19	20	67	75	176	257	441
157773358	dan xie	71924100	medicine	57	103	179	190	284	456	538	626	706	723	716
157773358	deng shaozhi	185592680	chemistry	36	63	56	114	126	134	192	185	203	270	322
157773358	fan wang	41008148	computer science	7	9	17	23	30	39	54	74	109	104	110
157773358	fan zhong	121332964	physics	2	3	3	1	5	3	4	2	3	2	20
157773358	gangfeng ouyang	185592680	chemistry	47	100	122	163	283	348	282	372	517	588	672
157773358	gu jieruo	71924100	medicine	0	0	0	0	0	0	0	1	0	2	2
157773358	guo xianping	33923547	mathematics	5	23	33	34	32	38	45	63	90	50	85
157773358	he mingguang	71924100	medicine	22	31	93	109	156	234	412	514	554	570	645
157773358	hongbin wang	185592680	chemistry	13	21	34	58	69	84	110	137	193	11	0
157773358	hongbing ji	185592680	chemistry	5	7	24	46	74	113	193	330	563	98	0
157773358	hu jianxun	33923547	mathematics	1	2	3	6	3	8	10	4	10	10	11
157773358	jia weihua	71924100	medicine	0	0	0	0	0	0	0	0	0	0	0
157773358	jingxuan pan	71924100	medicine	17	19	14	12	30	96	117	110	129	161	150
157773358	lixin yan	33923547	mathematics	1	9	3	2	9	21	26	47	50	80	91
157773358	lu tongbu	185592680	chemistry	11	15	25	32	56	104	113	154	195	264	385
157773358	mao zongwan	185592680	chemistry	5	16	18	34	30	26	52	95	98	130	235
157773358	peng xiang	71924100	medicine	26	30	47	47	81	76	61	74	80	7	0
157773358	qiang zhang	127313418	geology	22	15	69	101	163	232	304	343	556	66	0
157773358	qingjiong zhang	86803240	biology	0	1	0	3	12	50	59	90	133	159	188
157773358	qiu rongliang	185592680	chemistry	3	21	43	66	115	205	266	366	421	452	616
157773358	shuai xintao	185592680	chemistry	0	8	38	80	156	239	349	429	464	453	511
157773358	wang xuemei	127313418	geology	29	30	55	93	179	244	318	463	524	68	0
157773358	wu zhongkai	71924100	medicine	0	8	8	51	48	67	48	28	44	56	39
157773358	xiaopei yan	162324750	economics	0	0	1	3	2	1	3	0	2	0	0
158842170	fusheng pan	185592680	chemistry	0	0	4	5	5	2	33	74	125	178	234
158842170	jian li	185592680	chemistry	18	31	48	144	163	197	208	308	312	37	0
158842170	xun zhu	185592680	chemistry	20	50	73	129	177	181	229	327	380	611	181
158842170	yongxing zhang	121332964	physics	0	0	0	3	2	6	5	7	7	10	6
158842170	zhang zongyi	144133560	business	1	0	0	0	1	6	12	10	12	19	26
159948400	baiou guan	121332964	physics	16	33	43	39	71	122	155	187	247	228	403
162868743	chunfeng wang	144133560	business	0	0	0	2	1	2	9	6	5	5	6
162868743	denghua zhong	127413603	engineering	0	0	0	0	0	0	0	2	9	8	7
162868743	feng wei	185592680	chemistry	73	120	184	230	271	317	433	465	590	103	0
162868743	he zhen	127413603	engineering	1	7	12	21	20	37	35	43	48	55	71
162868743	jiang zhongyi	185592680	chemistry	33	88	199	344	486	582	685	906	1269	1739	2040
162868743	junan ma	185592680	chemistry	37	79	109	140	213	313	365	425	553	539	526
162868743	li yali	185592680	chemistry	1	1	0	2	1	2	2	4	16	39	67
162868743	liu wenguang	185592680	chemistry	54	60	103	168	182	311	454	554	592	700	108
162868743	liu yongchang	185592680	chemistry	28	63	110	138	153	157	211	184	264	327	69
162868743	yingjin yuan	185592680	chemistry	0	0	0	17	17	40	63	111	98	132	203
163340411	chen wen	121332964	physics	6	8	6	17	47	90	122	237	301	399	589
163340411	hongwu tang	127313418	geology	1	1	3	4	6	11	9	18	27	41	43
163340411	jinhai zheng	127313418	geology	4	8	36	42	38	64	74	94	123	19	0
163340411	ju ping	127413603	engineering	10	9	10	8	15	11	26	40	57	78	75
16609230	guilin wen	127413603	engineering	2	4	15	16	17	35	37	58	106	97	162
16609230	he yan	185592680	chemistry	29	37	57	75	103	168	228	330	495	83	0
16609230	he yigang	127413603	engineering	5	1	3	10	22	58	65	89	92	106	95
16609230	jiang jianhui	185592680	chemistry	80	185	235	354	490	549	808	912	1028	1190	1441
16609230	shuangchun wen	121332964	physics	1	14	45	75	123	173	187	191	233	561	1025
16609230	xiaobing zhang	185592680	chemistry	97	128	139	259	435	612	816	1173	1170	1510	314
170215575	dou yong	41008148	computer science	0	4	6	12	29	24	40	50	52	65	102
170215575	jianmin yuan	121332964	physics	0	0	1	0	1	0	0	7	1	14	7
170215575	zhaowen zhuang	127413603	engineering	1	0	0	0	0	0	3	3	1	2	1
17145004	chen jingdong	127413603	engineering	80	128	114	126	117	177	153	154	118	22	0
17145004	hejun li	185592680	chemistry	0	0	0	5	6	9	26	20	41	72	130
17145004	xiaopeng zhao	121332964	physics	0	1	0	1	0	0	3	7	22	31	52
173759888	kuang leman	121332964	physics	0	0	4	3	19	8	10	18	21	19	27
173759888	liu shaojun	86803240	biology	7	5	7	13	37	33	35	52	66	58	55
173899330	chunpeng song	185592680	chemistry	0	0	0	1	7	11	35	39	57	73	65
177933477	an huazhang	71924100	medicine	25	45	73	96	153	161	159	201	252	290	325
177933477	cao guangwen	71924100	medicine	18	19	17	36	47	126	221	270	361	452	478
177933477	chen wansheng	185592680	chemistry	56	85	104	160	193	224	274	328	357	434	64
177933477	jiang yuanying	185592680	chemistry	0	4	20	43	32	71	102	112	110	118	140
177933477	liu shanrong	71924100	medicine	20	34	54	53	71	92	76	86	100	15	0
177933477	pan weiqing	71924100	medicine	0	0	0	0	0	0	0	7	28	40	35
177933477	qian qijun	71924100	medicine	1	10	34	27	30	34	36	34	70	66	55
177933477	sun yinghao	71924100	medicine	0	0	2	6	16	12	8	17	11	17	18
177933477	weiping zhang	71924100	medicine	75	68	90	63	78	73	100	113	106	141	125
180726961	wang yiping	121332964	physics	61	55	50	71	59	79	156	175	311	47	0
183067930	cao zhenfu	41008148	computer science	0	0	0	0	0	0	1	5	20	45	83
183067930	chen xianfeng	121332964	physics	35	77	64	87	141	190	213	226	296	289	306
183067930	chongfeng wu	144133560	business	0	0	0	0	0	0	0	0	0	0	0
183067930	dong yi	121332964	physics	25	32	30	28	26	35	65	51	37	47	32
183067930	dongmei xiao	33923547	mathematics	4	11	21	19	45	61	55	72	84	120	114
183067930	fan tongxiang	185592680	chemistry	154	181	262	350	345	372	446	515	515	73	0
183067930	fu yuxi	41008148	computer science	2	15	12	10	19	5	35	24	51	14	36
183067930	guo minyi	41008148	computer science	0	3	6	23	31	55	64	114	137	141	185
183067930	haiguang xu	121332964	physics	47	37	24	29	32	29	32	37	27	20	53
183067930	he xianghuo	71924100	medicine	4	6	9	35	77	160	253	321	430	432	482
183067930	hongkai xiong	41008148	computer science	43	28	40	50	53	60	101	111	124	11	0
183067930	hu weisheng	121332964	physics	0	0	13	37	81	108	133	146	172	179	222
183067930	hu wenbin	185592680	chemistry	15	33	41	66	95	159	206	211	217	271	320
183067930	huang qian	71924100	medicine	0	0	0	3	9	17	17	35	34	57	74
183067930	huiying wu	121332964	physics	1	6	13	19	41	55	50	73	79	85	97
183067930	jiang wei	71924100	medicine	6	11	13	19	43	71	86	136	142	167	21
183067930	jianglai liu	121332964	physics	4	11	6	9	20	19	68	186	32	0	0
183067930	jianguo li	185592680	chemistry	0	0	0	0	0	0	2	0	2	19	34
183067930	kong xiangyang	185592680	chemistry	0	0	0	0	0	0	0	0	1	16	12
183067930	li shaoyuan	127413603	engineering	2	10	13	45	58	79	126	141	201	202	241
183067930	lin shuangjun	185592680	chemistry	24	26	29	66	74	53	62	94	112	7	0
183067930	lin yi	71924100	medicine	0	0	0	0	1	3	19	17	20	37	34
183067930	lu qinghua	185592680	chemistry	29	42	44	59	95	136	233	299	366	440	417
183067930	lu xingcai	185592680	chemistry	71	62	111	90	182	196	165	232	230	50	0
183067930	ma xiong	71924100	medicine	12	20	26	30	52	99	117	153	246	278	48
183067930	nan shen	71924100	medicine	45	59	46	60	72	99	111	183	319	310	338
183067930	saixing zeng	144133560	business	0	0	0	0	1	1	3	1	5	12	16
183067930	shankai yin	71924100	medicine	0	0	1	2	10	33	33	27	39	63	66
183067930	wang xinbing	41008148	computer science	3	27	99	256	393	483	538	517	502	572	41
183067930	xinyuan zhu	185592680	chemistry	48	47	57	50	93	132	295	454	636	835	1096
183067930	xu yuhong	185592680	chemistry	5	3	18	26	42	57	59	63	95	128	106
183067930	yongfeng zhou	185592680	chemistry	42	105	118	237	339	495	573	577	814	754	796
183067930	yumin zhao	121332964	physics	0	0	0	0	0	0	0	0	0	0	0
183519381	songling wang	71924100	medicine	0	0	0	0	0	0	0	0	0	0	0
184983240	liu yichun	185592680	chemistry	8	6	11	32	82	124	145	186	247	440	651
189210763	hongbin zhang	185592680	chemistry	17	17	18	25	43	81	120	196	250	294	346
191208505	bangqin huang	127313418	geology	9	8	13	9	30	45	53	105	84	130	131
191208505	chaoyong yang	185592680	chemistry	33	18	29	34	39	44	40	33	35	55	19
191208505	chen min	127313418	geology	16	13	52	53	80	114	145	169	218	231	247
191208505	dazhi wang	86803240	biology	15	28	60	101	117	137	137	144	132	21	0
191208505	dongliang peng	185592680	chemistry	3	3	6	6	7	12	49	48	84	121	204
191208505	haiping xia	185592680	chemistry	14	8	23	19	14	58	72	145	149	226	296
191208505	hong zhao	41008148	computer science	3	9	7	5	4	14	10	6	12	12	7
191208505	jiang yunbao	185592680	chemistry	17	12	13	10	22	43	62	93	91	101	101
191208505	jianwei shuai	185592680	chemistry	4	4	6	8	15	28	41	49	102	85	114
191208505	jun tao	185592680	chemistry	172	163	179	276	340	395	359	451	416	403	38
191208505	lasheng long	185592680	chemistry	12	27	44	64	77	169	255	284	430	577	642
191208505	liu xingjun	185592680	chemistry	0	0	0	0	1	1	2	0	4	10	15
191208505	lu xin	185592680	chemistry	4	4	15	12	39	58	60	83	170	187	192
191208505	ningshao xia	71924100	medicine	28	25	74	129	160	173	212	244	223	331	448
191208505	qiao wu	185592680	chemistry	0	0	3	14	25	13	13	8	16	17	15
191208505	wang ye	185592680	chemistry	1	7	17	30	78	93	118	188	182	219	346
191208505	xiaomei yan	185592680	chemistry	18	13	17	31	48	112	130	118	158	200	223
191208505	yunwu zhang	185592680	chemistry	5	15	22	10	25	72	66	77	97	81	98
194450716	chen hong	127413603	engineering	3	8	6	6	9	20	50	56	62	94	110
194450716	chen qijun	71924100	medicine	61	72	49	78	86	74	118	126	118	129	161
194450716	geyu lu	185592680	chemistry	4	3	5	2	5	4	5	7	9	24	51
194450716	hongwei song	185592680	chemistry	0	0	0	4	6	3	13	40	80	138	270
194450716	hu ping	121332964	physics	2	2	2	1	1	1	5	1	9	2	8
194450716	liu mingyuan	185592680	chemistry	2	3	5	7	11	6	24	24	24	43	75
194450716	lu zhongyuan	185592680	chemistry	2	17	29	31	43	55	117	93	195	206	242
194450716	wensheng yang	185592680	chemistry	13	27	62	83	140	190	190	271	389	463	468
196699116	hua lin	127413603	engineering	0	0	0	0	0	1	7	14	46	46	71
196699116	jiaguo yu	185592680	chemistry	8	24	42	73	190	343	471	747	915	1301	2285
196699116	liqiang mai	185592680	chemistry	51	91	165	240	390	662	1268	1923	3124	634	0
19820366	ai yinshuang	127313418	geology	13	20	13	16	24	31	33	28	51	37	32
19820366	aihui zhou	33923547	mathematics	0	3	4	5	9	2	9	20	17	37	33
19820366	an taicheng	185592680	chemistry	56	101	159	269	400	555	702	832	972	244	0
19820366	andong xia	185592680	chemistry	2	6	6	13	37	30	65	48	83	100	115
19820366	bai fengyan	86803240	biology	19	15	15	32	19	64	36	56	55	84	96
19820366	bai haiyang	121332964	physics	0	0	0	1	0	0	0	1	0	0	0
19820366	bai xuedong	185592680	chemistry	43	40	61	58	106	201	190	298	373	553	639
19820366	bai yongfei	86803240	biology	0	0	12	14	38	53	75	115	253	259	257
19820366	bai zhongzhi	33923547	mathematics	13	7	31	33	23	45	49	97	108	220	245
19820366	baifei shen	121332964	physics	13	13	18	51	47	39	62	75	64	96	102
19820366	baiqing xu	127313418	geology	10	15	26	46	78	94	114	208	263	334	462
19820366	bao lan	71924100	medicine	3	6	7	4	15	30	62	65	105	98	103
19820366	bao yang	185592680	chemistry	58	154	306	463	557	760	813	929	907	1157	155
19820366	baochun huang	127313418	geology	13	10	13	3	19	20	33	38	48	33	83
19820366	baolong shen	121332964	physics	14	12	14	19	36	27	24	28	26	47	52
19820366	baonian wan	121332964	physics	8	9	7	13	16	36	37	29	46	45	44
19820366	baozhu guo	121332964	physics	0	0	0	0	0	0	0	0	0	1	0
19820366	beiying wu	127313418	geology	0	0	0	1	0	0	0	1	0	0	1
19820366	benzhan zhu	185592680	chemistry	34	26	32	26	16	22	26	37	64	110	90
19820366	bing cheng	144133560	business	0	0	0	0	0	0	0	0	0	0	0
19820366	bing zhu	185592680	chemistry	2	0	3	5	1	8	12	20	28	13	0
19820366	bingsong zou	121332964	physics	0	0	0	0	0	0	0	0	0	0	0
19820366	binyong sun	33923547	mathematics	5	14	25	18	40	25	39	44	4	0	0
19820366	bixian mai	185592680	chemistry	0	3	12	15	35	121	162	318	424	578	711
19820366	boqiang qin	127313418	geology	3	9	20	98	81	107	138	171	281	343	511
19820366	cai chunfang	127313418	geology	16	27	38	41	58	52	53	78	132	173	184
19820366	cai ronggen	121332964	physics	1	12	11	28	110	92	103	106	177	263	279
19820366	cai shuqun	127313418	geology	3	7	13	11	15	28	39	60	37	85	72
19820366	cai xinxia	185592680	chemistry	8	5	15	22	16	36	30	52	49	77	81
19820366	cai zucong	86803240	biology	0	0	2	1	22	15	23	24	48	75	71
19820366	caidian lu	121332964	physics	0	0	0	0	0	0	0	0	0	0	0
19820366	canzhong lu	185592680	chemistry	0	1	0	5	24	76	95	152	169	279	291
19820366	cao daomin	33923547	mathematics	8	4	4	5	9	17	24	36	40	87	69
19820366	cao hongbin	185592680	chemistry	14	23	44	58	90	147	294	426	638	178	0
19820366	cao jun	121332964	physics	3	5	10	16	10	20	16	49	36	51	47
19820366	cao juncheng	121332964	physics	0	0	0	2	2	0	1	0	0	2	4
19820366	cao junji	185592680	chemistry	3	10	61	106	178	266	364	464	606	821	1003
19820366	cao rong	185592680	chemistry	14	13	42	49	89	153	223	312	378	377	527
19820366	cao xinwu	121332964	physics	0	4	2	7	17	17	23	16	25	21	42
19820366	cao xueqiang	185592680	chemistry	2	11	10	31	45	114	216	216	290	405	388
19820366	ceshi chen	185592680	chemistry	1	4	2	1	0	0	1	0	2	1	0
19820366	chang chen	185592680	chemistry	28	55	59	68	89	121	135	131	123	178	198
19820366	chang jin	121332964	physics	0	0	0	0	0	0	1	20	24	48	39
19820366	chang kai	121332964	physics	4	7	11	4	8	18	29	38	61	74	74
19820366	changchun song	127313418	geology	7	21	22	21	65	60	121	167	168	174	207
19820366	changhe zhou	121332964	physics	0	0	0	2	2	9	9	20	19	38	42
19820366	changqing zeng	86803240	biology	5	4	2	3	10	12	15	157	384	840	1169
19820366	changsheng xu	41008148	computer science	67	113	136	142	160	183	370	495	626	661	818
19820366	changsheng zhang	185592680	chemistry	17	26	41	23	37	66	111	152	168	202	189
19820366	changyin zhao	121332964	physics	0	0	0	2	1	5	7	4	12	23	22
19820366	changzhi gu	185592680	chemistry	3	2	10	72	94	149	210	229	253	297	451
19820366	chao shen	121332964	physics	0	0	0	0	0	0	0	0	1	1	3
19820366	chaozhong li	185592680	chemistry	0	3	2	2	3	8	12	6	17	25	30
19820366	chen chuanfeng	185592680	chemistry	4	3	8	19	53	94	126	180	263	306	414
19820366	chen dahua	86803240	biology	14	14	22	24	21	36	57	95	122	118	136
19820366	chen duofu	127313418	geology	0	2	4	22	15	22	22	32	62	45	71
19820366	chen fan	185592680	chemistry	24	52	81	97	158	199	259	274	301	302	295
19820366	chen hangrong	185592680	chemistry	135	199	269	282	506	566	753	962	1112	1320	1488
19820366	chen jijun	185592680	chemistry	5	8	17	56	99	202	231	218	269	257	297
19820366	chen liding	127313418	geology	36	48	92	116	139	191	241	282	328	367	494
19820366	chen lidong	185592680	chemistry	0	0	3	6	12	20	14	43	89	115	142
19820366	chen ming	185592680	chemistry	3	1	3	2	8	2	2	7	18	16	31
19820366	chen mingsheng	86803240	biology	1	5	10	24	27	33	19	34	53	78	108
19820366	chen ping	185592680	chemistry	18	38	42	94	126	181	240	336	483	541	633
19820366	chen shaohua	185592680	chemistry	25	17	45	38	52	70	109	107	168	244	254
19820366	chen shu	121332964	physics	53	84	104	84	101	116	109	181	143	35	0
19820366	chen wang	185592680	chemistry	6	7	7	19	30	44	78	76	106	162	232
19820366	chen xiaoshuang	121332964	physics	3	5	33	30	55	67	96	99	111	155	230
19820366	chen xiaosong	121332964	physics	2	1	0	0	0	0	0	0	1	1	1
19820366	chen xilin	41008148	computer science	5	41	91	196	291	388	512	639	782	937	1110
19820366	chen xinwen	71924100	medicine	2	8	14	20	24	52	51	80	100	94	83
19820366	chen xuesi	185592680	chemistry	0	0	4	0	2	13	80	141	353	565	776
19820366	chen xueyuan	185592680	chemistry	31	42	98	243	472	831	1056	1237	1232	1427	192
19820366	chen yanjing	127313418	geology	0	1	0	0	0	0	9	4	11	10	26
19820366	chen yaofeng	185592680	chemistry	25	31	59	120	124	180	152	200	160	207	30
19820366	chen yonghai	121332964	physics	0	2	6	1	2	9	14	25	26	37	42
19820366	chen yongming	185592680	chemistry	14	10	13	9	69	92	119	202	173	196	287
19820366	chen zhiming	121332964	physics	0	1	6	11	4	8	8	7	20	26	31
19820366	chen zhongning	185592680	chemistry	14	5	15	31	46	56	73	113	191	200	246
19820366	cheng jiangong	185592680	chemistry	28	31	30	42	37	59	55	88	93	107	22
19820366	cheng li	121332964	physics	63	66	91	109	211	261	286	382	494	661	132
19820366	cheng zhaohua	121332964	physics	14	36	43	47	33	40	44	63	56	93	92
19820366	cheng zhukuan	86803240	biology	0	0	1	2	5	12	43	73	122	156	170
19820366	chengcai chu	86803240	biology	9	12	23	35	57	96	138	207	275	386	527
19820366	chenglong deng	127313418	geology	13	31	59	62	99	59	205	113	194	226	305
19820366	chengshu wang	86803240	biology	16	47	72	94	139	193	299	387	485	537	660
19820366	chenqi xu	185592680	chemistry	30	28	30	45	35	73	72	98	131	23	0
19820366	chenzhu wang	86803240	biology	9	20	19	35	42	36	52	53	82	80	122
19820366	chong kang	86803240	biology	8	5	10	14	17	33	64	123	156	212	321
19820366	chonglin yang	185592680	chemistry	13	13	12	10	12	32	36	34	28	38	37
19820366	chongxin shan	121332964	physics	24	61	90	141	224	301	335	270	260	52	0
19820366	chuanjie zhu	121332964	physics	6	5	16	26	57	152	87	61	83	24	20
19820366	chuanyong jing	185592680	chemistry	31	51	51	81	108	176	249	272	328	102	0
19820366	chuanyou li	86803240	biology	2	0	3	16	41	43	39	46	61	69	93
19820366	chun hu	185592680	chemistry	26	50	72	119	163	324	433	518	566	655	766
19820366	chun tang	185592680	chemistry	25	29	37	29	50	38	54	55	81	195	510
19820366	chungu xia	185592680	chemistry	11	3	15	53	98	133	207	226	278	379	516
19820366	chunhai fan	185592680	chemistry	2	10	24	69	55	163	226	414	695	1384	1718
19820366	chunming liu	86803240	biology	0	1	9	24	42	75	96	99	117	188	174
19820366	chunming wu	127313418	geology	11	10	21	13	17	31	61	84	76	97	205
19820366	chunru wang	185592680	chemistry	6	9	8	6	13	29	39	50	53	71	108
19820366	chunyang li	86803240	biology	1	2	6	10	21	43	62	113	182	194	250
19820366	chunyang zhang	185592680	chemistry	36	46	79	86	119	216	371	395	463	585	118
19820366	congming lu	185592680	chemistry	0	16	15	30	54	104	143	140	256	280	365
19820366	congqiang liu	127313418	geology	0	2	1	7	7	7	4	12	15	17	14
19820366	cui guizhen	33923547	mathematics	1	2	2	3	4	3	8	15	10	12	16
19820366	cuihong yang	162324750	economics	13	10	12	11	7	12	19	26	31	58	46
19820366	cunde xiao	127313418	geology	25	52	61	74	136	141	132	144	132	15	0
19820366	dai ning	185592680	chemistry	0	0	0	2	0	2	5	9	21	19	27
19820366	dai xi	121332964	physics	3	2	73	231	260	448	759	944	992	1661	1881
19820366	dai yucheng	86803240	biology	0	0	0	0	3	3	6	9	33	79	135
19820366	dai yuhong	33923547	mathematics	97	91	138	153	172	202	222	291	308	323	314
19820366	dali guo	86803240	biology	35	30	36	44	32	69	72	154	247	411	53
19820366	dan wang	185592680	chemistry	103	134	156	294	546	901	1412	1643	1794	2218	399
19820366	degang zhao	121332964	physics	2	6	6	14	16	15	29	39	46	59	74
19820366	dehua wang	71924100	medicine	2	4	3	3	25	54	83	57	78	122	193
19820366	dejin wu	121332964	physics	1	0	0	0	0	0	1	0	1	0	2
19820366	deng feng	185592680	chemistry	6	6	9	15	12	30	43	89	125	173	216
19820366	deng hongyu	71924100	medicine	20	35	53	73	69	77	96	69	42	45	6
19820366	deng xiangzheng	127313418	geology	52	100	126	152	216	203	344	422	504	531	727
19820366	deng youquan	185592680	chemistry	1	2	2	3	11	29	37	74	146	182	241
19820366	deqing zhang	185592680	chemistry	0	2	1	3	11	14	33	63	151	213	294
19820366	ding jianping	185592680	chemistry	0	0	0	0	0	0	0	0	2	16	30
19820366	ding ke	185592680	chemistry	40	105	150	210	342	314	373	458	459	46	0
19820366	ding lin	127313418	geology	22	20	43	57	61	93	166	159	199	301	394
19820366	ding weixin	86803240	biology	0	1	11	15	17	51	35	57	89	105	121
19820366	ding yuqiang	71924100	medicine	0	0	0	0	0	0	0	1	13	19	33
19820366	dong xie	71924100	medicine	3	17	22	35	31	51	63	85	138	209	264
19820366	dongfeng xue	185592680	chemistry	10	24	28	34	29	26	39	148	354	624	555
19820366	dongge ma	185592680	chemistry	1	3	5	10	11	15	27	63	156	288	385
19820366	dongmei zhou	185592680	chemistry	32	54	65	146	151	226	314	409	500	617	809
19820366	dongsheng wang	185592680	chemistry	5	15	48	91	185	213	304	314	377	415	607
19820366	dongxiao wang	127313418	geology	1	3	17	16	15	75	55	57	107	126	152
19820366	du jiulin	71924100	medicine	6	7	4	11	45	65	102	189	225	276	46
19820366	du shixuan	185592680	chemistry	45	62	149	169	267	300	436	510	520	687	80
19820366	duan zhenhao	185592680	chemistry	4	2	5	2	8	2	14	10	39	37	83
19820366	dujin wang	185592680	chemistry	15	36	42	83	112	130	145	242	305	406	406
19820366	ercang luo	121332964	physics	0	2	2	1	7	23	24	24	23	30	21
19820366	fajun nan	185592680	chemistry	0	7	11	13	25	37	73	98	149	183	193
19820366	fan hongrui	127313418	geology	2	7	19	23	32	23	30	29	46	50	65
19820366	fan ke	127313418	geology	32	37	56	65	89	98	111	157	131	214	25
19820366	fan ying	162324750	economics	3	4	3	13	31	34	135	130	200	278	335
19820366	fan yizhong	121332964	physics	58	94	99	124	124	183	235	277	30	0	0
19820366	fang haiping	185592680	chemistry	3	9	11	12	28	60	72	121	288	337	441
19820366	fei wang	185592680	chemistry	28	60	81	112	151	186	272	492	753	1087	1271
19820366	fei xu	127413603	engineering	1	0	0	0	0	0	1	1	1	0	0
19820366	feimeng zhou	185592680	chemistry	0	0	0	0	0	0	0	0	6	10	11
19820366	feimin huang	121332964	physics	2	3	3	5	6	11	18	21	23	32	52
19820366	feiyue wang	41008148	computer science	0	0	0	0	1	5	10	12	28	59	162
19820366	feng huang	185592680	chemistry	3	8	8	21	41	54	63	93	107	159	274
19820366	feng longlong	121332964	physics	2	5	11	23	21	24	30	61	57	58	91
19820366	feng qi	127313418	geology	10	59	132	146	274	354	320	317	395	482	718
19820366	feng songlin	185592680	chemistry	0	0	0	1	1	7	5	5	12	15	25
19820366	feng xinbin	185592680	chemistry	5	29	50	50	87	223	299	352	505	839	1007
19820366	feng yuan	121332964	physics	2	2	2	2	22	25	43	58	63	123	222
19820366	feng zhou	185592680	chemistry	81	149	208	279	383	603	848	1087	1303	1306	1510
19820366	fengchang wu	185592680	chemistry	1	0	2	12	8	6	13	26	66	71	118
19820366	fenghua li	185592680	chemistry	6	3	4	27	101	236	327	410	506	581	527
19820366	fengqi liu	121332964	physics	12	15	13	20	18	25	28	24	12	29	37
19820366	fengtang yang	127313418	geology	0	0	0	0	0	1	0	0	4	11	8
19820366	fu gao	127313418	geology	0	0	0	0	0	0	0	0	0	1	1
19820366	fu liyun	121332964	physics	4	4	12	18	7	24	17	13	21	29	37
19820366	fu xiangdong	86803240	biology	9	8	6	15	41	53	51	104	124	181	160
19820366	fucheng zhang	127313418	geology	146	113	87	149	233	231	218	217	289	224	226
19820366	fumin lei	127313418	geology	5	15	71	80	90	141	142	200	220	306	425
19820366	fuqiang huang	185592680	chemistry	1	22	46	91	158	342	576	793	1242	1550	1748
19820366	fuyuan wu	127313418	geology	0	1	12	18	18	31	37	55	138	350	418
19820366	fuzhou gong	33923547	mathematics	0	0	0	2	4	8	6	11	5	14	11
19820366	gan zhang	185592680	chemistry	119	185	277	379	470	622	771	1000	1310	1398	1739
19820366	gan zhihua	185592680	chemistry	11	18	16	32	38	44	90	98	141	190	204
19820366	gang huang	127313418	geology	25	65	107	173	214	294	422	498	811	80	0
19820366	gang qin	41008148	computer science	0	0	1	0	1	1	2	2	3	3	4
19820366	gang su	121332964	physics	1	4	6	27	42	53	75	94	115	110	173
19820366	gang zhao	121332964	physics	28	52	58	57	80	79	102	123	175	288	314
19820366	gangjian wei	127313418	geology	71	94	316	291	396	442	475	391	347	422	70
19820366	ganlin zhang	127313418	geology	0	0	0	2	3	1	9	17	24	65	83
19820366	gao guangxia	71924100	medicine	18	20	28	28	18	25	22	29	35	43	54
19820366	gao hongjun	185592680	chemistry	0	0	0	1	7	13	24	27	52	91	132
19820366	gao jie	185592680	chemistry	0	0	0	0	2	2	2	4	4	8	7
19820366	gao jun	127313418	geology	11	29	47	66	103	149	221	287	401	497	541
19820366	gao mingyuan	185592680	chemistry	4	6	4	3	3	8	10	27	56	87	189
19820366	gao xueyun	185592680	chemistry	23	20	22	36	29	43	40	21	29	4	0
19820366	gao yu	121332964	physics	1	0	9	5	5	10	25	42	71	104	111
19820366	ge maofa	185592680	chemistry	9	16	20	49	97	95	90	172	255	287	380
19820366	ge wei	121332964	physics	91	69	73	136	183	190	400	266	335	270	426
19820366	gehui wang	185592680	chemistry	8	7	24	42	69	116	149	243	364	458	81
19820366	geng yanhou	185592680	chemistry	4	3	14	11	14	26	44	142	212	304	331
19820366	geng yong	162324750	economics	0	17	35	72	124	322	463	677	882	978	234
19820366	genxu wang	127313418	geology	5	5	9	15	27	50	63	92	107	148	204
19820366	gexia qiao	86803240	biology	3	2	3	8	11	10	24	44	54	101	87
19820366	gong jiming	185592680	chemistry	31	28	29	48	55	77	101	129	158	149	20
19820366	gongli tang	185592680	chemistry	0	1	2	1	12	19	24	24	22	43	83
19820366	gu hui	185592680	chemistry	0	0	1	2	3	10	24	24	25	14	17
19820366	guangbiao zhou	71924100	medicine	76	110	204	265	284	310	309	249	295	37	0
19820366	guanghui rao	185592680	chemistry	6	15	18	16	12	15	23	14	16	26	26
19820366	guangshe li	185592680	chemistry	15	34	53	97	126	223	403	455	506	717	792
19820366	guangsheng zhou	86803240	biology	0	1	1	11	12	18	46	86	112	169	198
19820366	guangyu zhang	185592680	chemistry	278	287	275	301	411	495	538	631	710	998	151
19820366	gui yu	185592680	chemistry	65	77	138	257	312	448	497	716	1032	1372	1860
19820366	guo guocong	185592680	chemistry	3	8	10	7	9	15	44	83	114	169	226
19820366	guo huishan	86803240	biology	30	18	28	11	15	20	25	23	46	60	77
19820366	guo jiandong	185592680	chemistry	10	10	18	26	35	51	79	73	73	110	150
19820366	guo lianghong	185592680	chemistry	14	17	34	43	60	88	131	146	202	226	280
19820366	guo yuewei	185592680	chemistry	0	0	4	1	2	2	0	8	9	31	45
19820366	guo yuguo	185592680	chemistry	82	155	200	341	768	1104	1701	2449	2855	2902	3797
19820366	guo zhancheng	185592680	chemistry	0	0	0	0	0	0	0	2	4	11	17
19820366	guohua zou	162324750	economics	0	1	2	1	5	8	13	22	30	29	38
19820366	guoliang xu	33923547	mathematics	9	16	12	11	10	12	24	22	39	61	84
19820366	guosheng liu	185592680	chemistry	12	24	64	104	204	318	471	686	766	689	863
19820366	guowei he	121332964	physics	1	0	1	2	3	7	16	5	12	16	16
19820366	guowen meng	185592680	chemistry	3	10	39	70	106	158	173	229	228	255	266
19820366	guoyi zhou	127313418	geology	3	3	8	9	32	66	121	140	226	291	296
19820366	haibin wang	71924100	medicine	0	26	72	149	173	223	243	282	227	300	300
19820366	haibin wu	127313418	geology	13	32	41	72	79	88	115	171	155	187	207
19820366	haibin yu	41008148	computer science	7	12	11	12	15	23	30	38	46	45	78
19820366	haifeng zhang	185592680	chemistry	1	4	5	17	22	21	38	40	51	77	123
19820366	haijun zhou	185592680	chemistry	12	12	9	32	32	41	100	128	124	156	129
19820366	hailin wang	185592680	chemistry	27	28	32	55	66	108	187	253	318	465	560
19820366	hairong zheng	121332964	physics	5	5	19	34	58	77	154	239	341	570	75
19820366	han jinlin	121332964	physics	0	0	0	0	0	0	1	2	0	0	0
19820366	han xiufeng	121332964	physics	16	34	14	11	27	20	12	23	15	35	28
19820366	han yanchun	185592680	chemistry	2	0	1	1	0	4	7	12	35	126	190
19820366	hansheng wang	127313418	geology	1	1	2	19	15	21	11	21	35	23	58
19820366	hao zhengping	185592680	chemistry	2	10	30	36	66	92	113	139	273	385	514
19820366	he hong	185592680	chemistry	11	8	8	7	13	26	67	88	161	231	295
19820366	he hongping	185592680	chemistry	4	0	12	37	95	204	373	323	357	563	734
19820366	he huaiyu	127313418	geology	56	72	51	83	93	123	139	127	169	32	0
19820366	he jizheng	86803240	biology	6	6	14	55	153	256	410	528	650	740	803
19820366	he shenggui	185592680	chemistry	3	16	59	231	236	352	332	343	479	372	25
19820366	he shunping	86803240	biology	0	0	0	0	0	1	0	4	3	27	62
19820366	he yuan	121332964	physics	16	15	15	33	27	20	35	51	13	0	0
19820366	he zuhua	86803240	biology	0	0	0	0	0	0	0	0	2	3	17
19820366	hong li	185592680	chemistry	289	421	474	740	1057	1595	2318	2717	2846	3713	513
19820366	hong liao	127313418	geology	30	18	13	14	35	33	49	49	90	104	99
19820366	hong wu	121332964	physics	114	107	128	131	155	136	134	153	201	211	229
19820366	hong yiguang	127413603	engineering	2	5	4	13	12	12	13	41	40	129	159
19820366	hong zhang	185592680	chemistry	149	233	250	367	524	734	938	1051	1298	1465	1625
19820366	hong zhong	127313418	geology	47	57	50	89	147	220	205	208	327	46	0
19820366	hongbin ji	71924100	medicine	18	34	79	113	297	464	605	745	612	680	103
19820366	hongbo li	33923547	mathematics	10	4	6	19	65	45	74	96	94	149	131
19820366	hongmei su	185592680	chemistry	13	5	15	36	32	38	43	62	65	11	0
19820366	hongmei wang	71924100	medicine	62	51	59	67	88	115	129	202	221	267	282
19820366	hongqing ling	86803240	biology	4	1	9	7	11	19	33	42	44	109	120
19820366	hongwei xue	185592680	chemistry	0	0	0	0	0	1	10	50	75	74	118
19820366	hongwei zhao	121332964	physics	0	0	0	1	0	1	1	2	4	10	13
19820366	hongzhi kong	86803240	biology	68	78	47	82	109	114	144	152	141	157	188
19820366	hou jianhui	185592680	chemistry	63	86	138	263	551	1125	1529	2472	2397	4074	673
19820366	hou shugui	127313418	geology	11	15	20	36	56	48	73	87	101	104	137
19820366	hou zengguang	41008148	computer science	26	58	111	122	147	222	281	464	556	755	698
19820366	houyuan lu	127313418	geology	9	10	13	14	12	24	21	28	42	62	81
19820366	hu jinbo	185592680	chemistry	1	4	12	18	55	70	148	132	194	346	447
19820366	hu lihong	185592680	chemistry	9	18	17	38	62	98	107	165	232	253	251
19820366	hu wei	185592680	chemistry	161	215	197	244	301	330	370	401	358	399	53
19820366	hu weiming	41008148	computer science	27	100	179	304	372	515	650	680	674	754	864
19820366	hu weiwu	41008148	computer science	4	10	10	16	12	22	17	34	23	23	43
19820366	hu youhong	185592680	chemistry	14	17	32	51	64	98	95	104	110	107	160
19820366	hu zhihong	71924100	medicine	0	1	1	5	5	10	28	26	28	37	70
19820366	hua jiang	185592680	chemistry	31	44	77	90	156	281	424	451	467	372	431
19820366	hua xiang	185592680	chemistry	4	15	16	26	30	33	38	50	74	109	146
19820366	hualin wang	71924100	medicine	68	89	92	110	103	136	169	175	212	180	187
19820366	huang mingdong	185592680	chemistry	17	12	19	12	22	18	23	42	26	49	83
19820366	huang qingming	41008148	computer science	17	50	124	172	281	349	393	404	532	583	545
19820366	huang shanjin	185592680	chemistry	24	38	39	26	76	101	117	127	111	160	113
19820366	huang xun	185592680	chemistry	14	20	27	65	376	486	495	442	395	407	42
19820366	huang yongping	86803240	biology	6	5	15	28	51	97	97	151	152	191	261
19820366	huang yongzhen	121332964	physics	1	3	3	4	29	0	8	30	28	56	79
19820366	huayun xiao	185592680	chemistry	19	41	53	43	41	43	61	97	87	23	0
19820366	hui lijian	71924100	medicine	60	61	52	100	125	222	250	265	231	251	322
19820366	hui wang	185592680	chemistry	185	230	305	404	456	675	845	1105	1279	1624	2000
19820366	huijuan liu	185592680	chemistry	66	103	186	235	377	480	555	655	901	1196	1483
19820366	huijun wang	127313418	geology	0	5	3	1	3	13	11	18	24	38	78
19820366	huimin ma	185592680	chemistry	2	1	7	15	20	27	60	53	71	90	107
19820366	huiru tang	185592680	chemistry	5	20	29	25	86	168	219	305	356	457	514
19820366	hushan xu	121332964	physics	7	22	33	31	32	37	61	56	49	99	71
19820366	ji shen	127313418	geology	1	2	6	20	22	61	75	70	158	238	197
19820366	ji yang	121332964	physics	1	10	7	13	14	31	60	52	51	66	70
19820366	jia li	185592680	chemistry	36	73	138	217	284	468	567	629	875	998	1256
19820366	jia yongfeng	185592680	chemistry	4	9	21	29	41	71	69	91	129	159	197
19820366	jiajia liu	185592680	chemistry	12	7	12	16	21	23	23	34	46	64	4
19820366	jian zhang	185592680	chemistry	7	17	14	36	61	102	179	317	412	544	649
19820366	jiang liu	41008148	computer science	34	55	35	73	84	165	188	182	267	43	0
19820366	jiang taijiao	71924100	medicine	0	0	3	4	5	22	17	52	89	87	109
19820366	jiang tao	185592680	chemistry	134	202	234	335	398	507	513	671	688	831	838
19820366	jiang wan	185592680	chemistry	0	0	0	2	5	24	17	33	72	81	86
19820366	jiang wei	185592680	chemistry	9	32	40	34	91	89	113	131	144	242	345
19820366	jiang xin	185592680	chemistry	15	12	10	17	20	25	36	43	67	75	110
19820366	jiang yueming	185592680	chemistry	0	7	8	21	59	74	104	151	272	301	452
19820366	jiang zhao	185592680	chemistry	5	6	5	11	18	25	18	46	62	46	53
19820366	jiang zhu	127313418	geology	0	0	1	1	1	9	5	10	20	27	47
19820366	jianggao mao	185592680	chemistry	25	65	132	182	207	277	387	340	469	638	646
19820366	jianghua sun	86803240	biology	0	0	0	0	0	12	16	28	39	42	61
19820366	jianhua ju	185592680	chemistry	61	106	83	160	213	212	244	242	413	22	0
19820366	jianhua tao	41008148	computer science	82	86	92	84	100	128	142	130	102	10	0
19820366	jianlin luo	121332964	physics	4	15	10	67	69	59	62	46	45	42	43
19820366	jianmin wang	185592680	chemistry	1	2	0	5	2	6	3	8	11	17	33
19820366	jianmin yue	185592680	chemistry	2	0	1	5	1	5	2	3	16	25	35
19820366	jianqi li	185592680	chemistry	3	2	0	0	2	7	5	4	14	28	82
19820366	jianqiu wang	185592680	chemistry	0	0	7	47	90	58	100	109	128	156	213
19820366	jiansheng liu	121332964	physics	23	31	29	78	82	88	80	141	77	9	0
19820366	jianyuan sun	185592680	chemistry	0	0	0	0	0	0	0	0	0	0	1
19820366	jiaojun zhu	86803240	biology	7	15	16	20	21	45	46	64	85	87	141
19820366	jiawei zhou	71924100	medicine	15	27	35	18	27	45	56	50	64	53	58
19820366	jiawen xia	121332964	physics	0	0	0	0	0	0	0	0	1	1	1
19820366	jifeng liu	121332964	physics	86	77	99	79	86	66	91	86	86	9	0
19820366	jifeng xu	127313418	geology	0	2	3	1	10	22	32	91	136	141	137
19820366	jimin sun	127313418	geology	0	0	1	5	24	42	51	59	80	91	126
19820366	jin kuijuan	121332964	physics	1	0	15	59	101	102	164	169	160	187	246
19820366	jin zhangdong	127313418	geology	31	47	85	120	144	195	259	305	381	449	530
19820366	jin zhi	127413603	engineering	1	1	4	3	25	37	35	70	66	65	71
19820366	jinbao song	121332964	physics	0	0	0	3	3	7	12	22	16	28	25
19820366	jing liu	185592680	chemistry	10	7	6	5	17	42	56	97	132	174	258
19820366	jing yipeng	121332964	physics	0	0	0	0	0	0	0	0	0	0	0
19820366	jingbo li	185592680	chemistry	2	0	3	6	23	47	90	115	201	359	633
19820366	jingfu liu	185592680	chemistry	93	189	247	298	351	445	535	675	599	667	776
19820366	jinggen liu	71924100	medicine	0	0	0	0	0	0	0	0	2	8	22
19820366	jingsong ren	185592680	chemistry	0	0	0	0	0	0	0	0	0	0	0
19820366	jinhu lu	127413603	engineering	244	352	430	680	861	852	786	1019	945	1120	1085
19820366	jinhui yang	127313418	geology	26	53	79	177	190	301	344	447	789	822	1045
19820366	jinqiu zhou	86803240	biology	0	0	0	0	0	0	0	0	0	0	0
19820366	jinshui wu	127313418	geology	3	6	9	4	10	9	15	19	17	11	21
19820366	jinsong li	86803240	biology	64	60	31	47	79	166	241	322	374	374	403
19820366	jinsong zhang	185592680	chemistry	2	8	9	15	25	23	21	29	44	64	90
19820366	jinxia wang	127313418	geology	7	16	18	46	53	99	74	79	107	158	167
19820366	jiping liu	127313418	geology	14	23	15	16	29	30	67	64	74	86	80
19820366	jirong sun	121332964	physics	2	1	8	9	19	48	52	53	73	116	130
19820366	jiuhong kang	71924100	medicine	1	3	2	0	2	18	36	42	45	79	150
19820366	juan lin	185592680	chemistry	0	0	0	0	0	0	0	0	0	0	0
19820366	jule xiao	127313418	geology	0	0	0	0	0	0	0	0	0	0	0
19820366	jun lin	185592680	chemistry	0	1	1	6	4	20	32	36	79	141	274
19820366	jun wu	185592680	chemistry	28	43	89	96	107	141	185	276	270	236	271
19820366	jun xu	185592680	chemistry	7	14	17	33	41	76	114	147	244	300	360
19820366	jun yang	185592680	chemistry	355	568	858	999	1208	1389	1673	1845	2269	333	0
19820366	kaiyou wang	121332964	physics	0	0	1	0	0	0	0	1	0	6	12
19820366	kang shichang	127313418	geology	88	123	209	279	338	457	596	742	846	1192	1392
19820366	kang yuehu	127313418	geology	0	0	0	0	0	0	0	0	0	0	0
19820366	ke lan	71924100	medicine	66	98	111	150	129	206	151	152	200	23	0
19820366	ke xia	121332964	physics	0	1	4	2	10	14	26	18	31	31	53
19820366	ke xu	185592680	chemistry	34	29	31	60	87	138	202	209	229	259	42
19820366	kedong yin	185592680	chemistry	0	0	0	0	0	0	0	0	3	4	11
19820366	kong ping	127313418	geology	2	3	1	8	3	7	4	5	5	2	2
19820366	laigeng li	185592680	chemistry	19	39	39	34	42	50	52	46	83	77	73
19820366	lean yu	41008148	computer science	4	32	36	65	111	125	183	203	188	244	246
19820366	lehui lu	185592680	chemistry	28	43	88	97	167	314	415	558	775	1083	1192
19820366	lei xiao	71924100	medicine	11	14	17	21	79	126	182	183	180	184	116
19820366	li lin	185592680	chemistry	14	39	60	62	180	366	478	479	436	464	469
19820366	li liu	185592680	chemistry	27	27	32	21	33	59	115	156	210	260	350
19820366	li niu	185592680	chemistry	66	125	192	392	741	941	1101	1156	1366	1324	1394
19820366	li sheng	185592680	chemistry	32	32	55	58	115	193	322	597	868	917	882
19820366	li shuqiang	86803240	biology	0	0	0	2	10	28	36	16	25	28	29
19820366	li shushen	121332964	physics	1	1	0	1	8	18	13	16	52	107	205
19820366	li wang	185592680	chemistry	5	8	10	13	21	21	42	59	97	137	184
19820366	li weixue	185592680	chemistry	3	5	2	2	6	8	1	6	5	9	14
19820366	li xiaofan	33923547	mathematics	0	0	0	0	0	0	0	0	0	1	0
19820366	li xin	127313418	geology	50	62	79	92	171	245	285	399	501	630	850
19820366	li xinqi	121332964	physics	4	5	11	20	9	16	13	17	20	37	26
19820366	li xinrong	86803240	biology	2	10	19	35	49	59	80	85	99	157	230
19820366	li xinxin	185592680	chemistry	3	11	12	18	37	59	92	147	149	173	247
19820366	li xuelong	41008148	computer science	14	60	207	265	339	427	568	878	1327	1918	2898
19820366	li yaping	185592680	chemistry	2	3	5	20	25	51	90	180	288	467	726
19820366	li yongqing	121332964	physics	4	2	10	40	51	27	53	58	74	10	0
19820366	li yongwang	185592680	chemistry	1	6	24	31	75	107	254	242	237	390	457
19820366	li yuesheng	185592680	chemistry	6	3	11	10	20	50	98	77	139	170	206
19820366	li yunhai	86803240	biology	69	77	83	104	128	132	179	212	300	32	0
19820366	li yutong	121332964	physics	1	10	15	24	50	73	57	69	75	89	70
19820366	li zhanting	185592680	chemistry	0	0	0	0	1	13	30	56	57	71	106
19820366	li zhaoliang	127313418	geology	26	21	17	31	19	43	37	42	53	72	70
19820366	li zhibo	185592680	chemistry	0	6	6	10	76	175	270	454	528	556	551
19820366	liang xinmiao	185592680	chemistry	0	0	0	1	1	0	1	3	10	8	5
19820366	libo liu	127313418	geology	3	9	20	14	41	77	138	185	236	370	430
19820366	lide tian	127313418	geology	32	56	80	88	105	112	117	138	161	230	266
19820366	lijun wan	185592680	chemistry	0	1	14	15	17	28	49	53	99	109	150
19820366	lijun wu	185592680	chemistry	4	5	23	51	58	67	60	65	50	76	84
19820366	lin rongcheng	185592680	chemistry	17	20	15	24	67	58	97	115	143	183	14
19820366	lin wei	127313418	geology	1114	1351	1492	1502	1402	1426	1281	1327	1190	1049	1229
19820366	lin yangting	127313418	geology	0	0	0	0	0	2	3	5	13	12	8
19820366	lin zhang	185592680	chemistry	26	39	62	84	141	301	406	575	717	841	873
19820366	linsheng song	185592680	chemistry	1	6	10	44	120	261	264	408	473	533	398
19820366	linxiu zhang	162324750	economics	1	2	4	3	10	46	38	66	77	93	93
19820366	liu ming	185592680	chemistry	10	12	17	30	55	80	116	188	364	505	758
19820366	liu minghua	185592680	chemistry	0	0	3	5	7	12	15	15	23	40	72
19820366	liu qingquan	127313418	geology	0	2	1	3	6	9	16	7	11	11	9
19820366	liu qingsong	127313418	geology	10	37	47	57	57	142	175	258	397	437	521
19820366	liu shuangjiang	185592680	chemistry	4	13	12	41	94	145	134	212	237	259	308
19820366	liu sijin	185592680	chemistry	8	17	23	52	87	143	203	261	412	65	0
19820366	liu weidong	162324750	economics	21	12	28	47	36	49	50	79	102	159	204
19820366	liu wuming	121332964	physics	0	0	4	3	6	10	27	61	68	133	144
19820366	liu xiaojun	121332964	physics	5	6	10	10	12	17	26	25	37	54	59
19820366	liu xiaolong	185592680	chemistry	5	12	21	30	30	60	52	67	101	117	117
19820366	liu yimin	127313418	geology	18	29	22	43	60	78	101	139	181	315	282
19820366	liu yingfang	185592680	chemistry	29	21	19	16	29	56	44	48	72	127	133
19820366	liu yongqin	127313418	geology	24	32	39	35	60	76	63	113	132	15	0
19820366	liu yu	185592680	chemistry	5	8	13	23	42	46	69	105	108	167	271
19820366	liu yuanhong	185592680	chemistry	2	11	25	56	77	140	198	180	229	261	269
19820366	liu yun	185592680	chemistry	23	42	51	99	170	255	258	355	403	445	460
19820366	liu zhimin	185592680	chemistry	283	364	432	571	656	680	829	783	1017	952	1008
19820366	liye xiao	121332964	physics	0	2	1	3	5	7	9	10	25	13	32
19820366	lizhu wu	185592680	chemistry	0	0	0	1	8	5	10	28	39	51	81
19820366	long mian	185592680	chemistry	2	0	0	1	1	0	1	1	4	5	13
19820366	long miao	185592680	chemistry	9	25	22	33	48	53	45	54	55	9	0
19820366	long yaqiu	185592680	chemistry	38	60	71	57	68	85	108	113	119	113	17
19820366	lu riyu	127313418	geology	6	11	7	31	19	22	35	32	51	52	61
19820366	luo sanzhong	185592680	chemistry	16	45	110	258	266	316	378	400	465	465	457
19820366	luo xiangang	121332964	physics	0	2	23	33	65	133	172	259	288	316	435
19820366	luo xiaodong	185592680	chemistry	36	41	54	86	154	167	200	277	257	308	270
19820366	luo yongming	185592680	chemistry	0	0	0	0	0	1	1	3	2	13	38
19820366	ma xiuliang	185592680	chemistry	0	0	0	0	0	0	0	0	0	1	1
19820366	ma xucun	121332964	physics	20	40	28	59	72	144	228	502	716	854	1190
19820366	ma yanwei	121332964	physics	2	20	52	40	114	178	258	452	467	600	831
19820366	ma yaoming	127313418	geology	16	14	17	36	42	46	79	55	130	152	204
19820366	maoyan zhu	127313418	geology	1	0	4	36	87	154	124	177	165	194	204
19820366	mei zhang	121332964	physics	19	31	30	44	33	58	86	83	84	93	81
19820366	meng qingbo	185592680	chemistry	15	15	20	34	69	93	84	130	180	413	631
19820366	miao zehong	185592680	chemistry	19	33	78	67	83	105	116	173	187	198	257
19820366	min tan	127413603	engineering	1	4	6	43	67	96	177	191	205	271	367
19820366	min yang	185592680	chemistry	1	1	1	10	11	34	68	136	179	282	422
19820366	ming pingbing	33923547	mathematics	50	59	96	113	122	145	142	151	165	24	0
19820366	minghua xu	185592680	chemistry	53	81	99	162	252	283	257	343	368	386	23
19820366	mingjiu ni	121332964	physics	4	4	7	10	12	30	36	51	57	27	39
19820366	ning ye	185592680	chemistry	37	30	89	141	174	240	230	352	390	34	0
19820366	ninghua tan	185592680	chemistry	2	4	4	10	10	23	20	35	63	73	107
19820366	ninghui sun	41008148	computer science	2	5	10	20	20	39	46	49	89	93	111
19820366	ninglian wang	127313418	geology	3	1	11	10	15	23	45	45	48	60	75
19820366	niu zhichuan	121332964	physics	3	1	8	11	21	40	59	61	82	54	54
19820366	pan xiulian	185592680	chemistry	0	0	0	0	0	0	0	0	0	0	0
19820366	pan yongxin	127313418	geology	0	2	8	19	32	48	88	92	129	133	153
19820366	peng pingan	185592680	chemistry	0	0	0	0	0	0	0	0	0	0	0
19820366	peng shi	185592680	chemistry	17	18	35	39	37	44	69	97	148	140	20
19820366	pengfei yao	33923547	mathematics	0	2	7	7	3	10	6	7	5	28	27
19820366	pengye wang	185592680	chemistry	8	9	10	13	10	10	3	3	5	12	26
19820366	ping wang	185592680	chemistry	79	138	154	218	362	612	676	782	903	1015	1101
19820366	ping xie	185592680	chemistry	5	9	15	36	37	55	66	51	105	189	246
19820366	ping zhu	185592680	chemistry	81	82	89	88	110	145	189	205	219	23	0
19820366	pingheng tan	185592680	chemistry	59	65	50	83	80	120	259	360	665	898	1089
19820366	qi tao	185592680	chemistry	23	31	59	62	98	105	142	211	267	335	375
19820366	qi zhou	71924100	medicine	2	10	35	59	40	52	40	58	104	164	246
19820366	qian shengbang	121332964	physics	3	9	10	2	9	9	4	7	3	12	3
19820366	qianfei wang	71924100	medicine	3	6	15	11	15	54	93	95	120	18	0
19820366	qiang zhao	185592680	chemistry	293	349	404	563	770	966	997	1137	1388	152	0
19820366	qiangbin wang	185592680	chemistry	1	13	53	128	235	388	582	649	856	137	0
19820366	qie xiushu	121332964	physics	0	0	0	2	4	1	6	9	12	7	12
19820366	qihua wang	185592680	chemistry	86	102	122	179	130	161	232	312	444	495	561
19820366	qingbai wu	127313418	geology	0	3	4	12	13	12	15	40	41	80	93
19820366	qingdong zheng	185592680	chemistry	30	115	105	181	212	290	358	403	395	528	85
19820366	qinglong wu	127313418	geology	0	0	0	0	0	0	0	1	0	0	1
19820366	qingshan zhu	185592680	chemistry	56	120	121	175	188	232	233	245	278	328	76
19820366	qingyin zeng	185592680	chemistry	16	10	24	21	53	85	77	108	99	10	0
19820366	qingyuan sun	86803240	biology	0	1	1	14	17	49	86	134	154	214	277
19820366	qiuhong tang	127313418	geology	14	17	26	41	80	217	309	472	560	70	0
19820366	qiuliang wang	121332964	physics	3	13	16	19	30	41	70	61	70	146	144
19820366	qiwei zhai	71924100	medicine	14	12	9	13	12	67	77	114	140	190	262
19820366	qu xiaogang	185592680	chemistry	4	7	2	4	4	1	5	2	0	12	31
19820366	qun yang	127313418	geology	0	0	0	0	0	1	0	1	5	2	6
19820366	ren wencai	185592680	chemistry	30	65	242	665	1234	1819	2426	2810	2822	3182	488
19820366	renbin zhan	127313418	geology	8	14	11	23	34	66	55	88	93	84	99
19820366	renfang shen	86803240	biology	23	13	18	15	36	27	29	27	35	30	26
19820366	renzhong tai	121332964	physics	7	8	9	17	20	47	91	132	184	215	230
19820366	rong zeng	185592680	chemistry	0	3	13	15	28	97	232	325	390	371	425
19820366	ruan yongling	185592680	chemistry	0	0	0	0	0	0	0	0	0	0	1
19820366	ruiming xu	185592680	chemistry	73	63	84	101	84	99	84	158	153	183	188
19820366	ruiwu wang	86803240	biology	0	0	0	0	0	0	0	0	0	0	0
19820366	runzhi zhang	86803240	biology	0	0	0	1	3	1	0	2	2	11	20
19820366	shangui zhou	121332964	physics	4	2	4	3	6	8	6	7	0	0	0
19820366	shaojie wang	121332964	physics	0	1	0	3	0	0	1	2	1	4	3
19820366	shen shuzhong	127313418	geology	0	0	1	4	4	11	13	12	23	46	53
19820366	shen weijun	86803240	biology	50	58	76	82	94	96	101	128	174	34	0
19820366	shen xu	185592680	chemistry	2	4	6	19	66	110	153	153	232	237	267
19820366	shen yanan	127313418	geology	0	2	3	3	3	4	10	6	8	5	5
19820366	shi wensheng	185592680	chemistry	29	54	67	78	108	148	182	209	242	264	243
19820366	shougang zhang	121332964	physics	0	1	0	0	1	2	5	4	6	10	24
19820366	shouke yan	185592680	chemistry	3	5	3	0	4	3	12	19	29	41	60
19820366	shu wang	185592680	chemistry	9	13	35	66	130	201	318	462	504	748	884
19820366	shu yousheng	71924100	medicine	0	2	2	3	5	33	32	36	34	47	46
19820366	shuli you	185592680	chemistry	92	68	111	175	250	439	609	783	985	1253	1266
19820366	shutao wang	185592680	chemistry	93	123	269	399	606	924	1145	1298	1669	305	0
19820366	song ye	185592680	chemistry	61	99	187	238	445	392	532	447	428	69	0
19820366	su weiping	185592680	chemistry	94	116	86	82	129	155	165	243	352	426	488
19820366	sun weidong	127313418	geology	1	4	3	7	4	7	7	27	27	79	74
19820366	sun weiguo	127313418	geology	0	0	0	0	0	0	0	0	0	0	1
19820366	sun xiaotao	33923547	mathematics	0	0	0	0	1	1	0	1	10	6	10
19820366	suobo zhang	185592680	chemistry	2	4	11	39	81	127	191	228	308	463	474
19820366	suojiang zhang	185592680	chemistry	0	0	2	2	4	16	62	104	177	274	418
19820366	taihua zhang	121332964	physics	11	14	61	72	104	140	140	162	147	163	189
19820366	tang tao	185592680	chemistry	17	12	14	36	50	56	65	101	112	167	173
19820366	tang yong	185592680	chemistry	3	8	0	8	8	17	23	32	57	91	136
19820366	tian ye	185592680	chemistry	23	31	55	99	129	228	325	583	735	858	153
19820366	tianjun zhou	127313418	geology	47	80	149	225	325	487	603	789	905	1077	1146
19820366	tianxiang yue	127313418	geology	2	9	25	15	24	27	32	52	132	88	108
19820366	wang wen	121332964	physics	0	0	3	6	7	5	11	46	75	85	105
19820366	wang xiangdong	127313418	geology	2	6	15	11	11	15	19	22	18	61	60
19820366	wang xianhong	185592680	chemistry	0	1	3	1	4	9	14	28	52	47	91
19820366	wang xiaolin	127313418	geology	103	79	92	168	152	132	162	279	229	295	204
19820366	wang xiaoquan	86803240	biology	0	3	9	6	23	24	28	34	41	67	59
19820366	wang xinming	185592680	chemistry	53	87	164	243	281	319	341	464	466	644	691
19820366	wang xunming	127313418	geology	71	124	124	136	194	224	230	237	273	257	301
19820366	wang yan	185592680	chemistry	139	175	234	347	420	583	871	995	1190	1477	287
19820366	wang yanfei	33923547	mathematics	29	44	88	84	77	111	99	117	129	162	19
19820366	wang yanling	71924100	medicine	29	50	44	39	41	62	58	85	130	166	200
19820366	wang yanyi	71924100	medicine	6	16	32	32	56	57	87	74	140	4	0
19820366	wang yilin	185592680	chemistry	11	26	66	97	117	140	315	361	465	539	612
19820366	wang yizheng	185592680	chemistry	3	4	3	2	4	1	2	1	20	38	74
19820366	wang yonghong	86803240	biology	37	58	85	87	146	213	300	349	427	486	531
19820366	wang yuesi	127313418	geology	1	1	10	6	18	48	81	145	146	210	348
19820366	wang yun	185592680	chemistry	46	74	85	107	161	198	224	296	411	59	0
19820366	wang zhaohui	185592680	chemistry	18	22	57	131	193	320	483	582	757	1068	1486
19820366	wang zifa	127313418	geology	158	202	247	280	305	329	333	366	443	559	765
19820366	wang zuoren	71924100	medicine	13	15	16	24	21	27	23	31	19	28	49
19820366	wanhua zheng	121332964	physics	4	8	6	10	19	13	43	38	58	52	45
19820366	wei yujie	185592680	chemistry	2	7	59	102	148	215	263	349	466	93	0
19820366	weicai yang	86803240	biology	67	90	50	73	89	78	66	105	148	182	166
19820366	weishen yang	185592680	chemistry	0	0	1	0	2	8	11	7	7	9	18
19820366	weng yuxiang	185592680	chemistry	16	28	30	46	66	53	52	86	74	95	106
19820366	wenjiao xiao	127313418	geology	6	23	25	39	48	77	129	225	345	564	862
19820366	wenqing zhang	185592680	chemistry	0	1	3	9	13	30	52	65	132	243	407
19820366	wenzhi zhao	127313418	geology	13	18	28	49	70	71	111	120	192	254	294
19820366	wu xiaoguang	121332964	physics	1	0	1	0	0	0	0	0	0	2	2
19820366	wu yirong	41008148	computer science	0	0	1	0	4	9	9	17	31	50	98
19820366	wu ziyu	121332964	physics	0	0	0	0	0	0	0	0	0	1	6
19820366	xiang yu	71924100	medicine	13	5	10	23	20	40	56	73	96	114	177
19820366	xiangping zhang	185592680	chemistry	83	111	174	277	370	566	620	779	989	159	0
19820366	xianming xiao	127313418	geology	6	5	8	17	42	49	57	57	106	89	81
19820366	xiao zhang	185592680	chemistry	15	25	27	32	45	45	58	40	45	70	59
19820366	xiaoguang yang	144133560	business	0	1	1	1	2	2	1	3	3	11	8
19820366	xiaohong zhou	121332964	physics	3	0	2	11	9	12	15	20	31	35	30
19820366	xiaolin xiong	127313418	geology	9	7	10	54	95	92	100	103	168	202	206
19820366	xiaoniu yang	185592680	chemistry	11	33	90	117	193	211	262	442	455	504	471
19820366	xiaoping yang	127313418	geology	8	3	7	2	8	8	15	25	46	56	87
19820366	xiaowei zhan	185592680	chemistry	20	29	29	32	62	135	348	591	933	1121	1294
19820366	xiaoye zhang	127313418	geology	0	0	0	0	0	0	0	0	0	1	3
19820366	xiaoyuan yan	86803240	biology	147	177	321	370	456	461	558	638	761	166	0
19820366	xie xin	185592680	chemistry	12	25	34	58	77	166	208	223	217	24	0
19820366	xie zhiyuan	185592680	chemistry	161	336	344	596	701	789	884	917	934	1015	145
19820366	xing zhizhong	121332964	physics	0	0	0	0	0	0	0	0	0	0	0
19820366	xingang zhang	185592680	chemistry	15	44	81	198	239	376	374	474	455	86	0
19820366	xingjiang zhou	121332964	physics	0	3	2	1	0	1	0	1	10	25	5
19820366	xinyu zhang	185592680	chemistry	0	2	0	4	1	1	2	7	4	5	10
19820366	xiong zhiqi	71924100	medicine	24	32	26	34	51	84	108	141	174	213	164
19820366	xu xudong	185592680	chemistry	6	5	6	10	13	18	18	30	25	42	58
19820366	xu xuejun	121332964	physics	15	13	33	28	32	36	47	42	45	51	45
19820366	xu zhiheng	185592680	chemistry	36	42	40	53	59	74	52	65	106	78	99
19820366	xuechu zhen	185592680	chemistry	26	25	22	16	33	26	82	88	108	90	102
19820366	xueming yang	185592680	chemistry	0	0	0	0	0	0	0	0	2	2	5
19820366	xunhua zheng	86803240	biology	0	1	1	17	16	20	51	71	115	133	213
19820366	xunlai yuan	127313418	geology	6	12	13	15	46	92	141	122	211	144	210
19820366	yan yihua	121332964	physics	2	0	1	4	16	28	20	22	36	57	74
19820366	yan yonghong	41008148	computer science	25	16	19	33	64	69	79	72	98	123	118
19820366	yang ye	185592680	chemistry	4	10	20	54	72	88	159	220	378	455	519
19820366	yang zhenzhong	185592680	chemistry	0	0	0	2	0	5	11	41	99	110	175
19820366	yangheng zheng	121332964	physics	37	45	25	25	23	16	19	26	36	11	0
19820366	yao yijian	86803240	biology	2	0	0	3	1	0	3	0	5	0	6
19820366	yao yonggang	121332964	physics	1	0	0	0	2	3	6	8	8	3	4
19820366	yao zhujun	185592680	chemistry	4	3	1	2	2	4	20	15	20	17	28
19820366	yapu zhao	185592680	chemistry	0	10	6	3	4	3	9	15	31	61	95
19820366	yigang zhang	185592680	chemistry	0	0	0	0	0	0	0	0	1	2	14
19820366	yihua zhou	185592680	chemistry	62	79	64	69	111	127	160	187	196	230	232
19820366	yin zhan	71924100	medicine	0	0	9	28	51	53	71	73	61	76	107
19820366	yongfeng zhou	185592680	chemistry	0	0	0	0	0	0	0	0	0	0	0
19820366	yonggui zhou	185592680	chemistry	8	9	12	8	18	9	10	12	19	8	6
19820366	yongqing zhang	185592680	chemistry	0	0	1	0	0	0	0	0	2	5	9
19820366	yongsheng zhao	185592680	chemistry	1	14	59	58	117	155	173	305	360	442	482
19820366	yu zhiming	185592680	chemistry	1	0	2	0	3	6	7	5	16	47	20
19820366	yu zhiqiang	185592680	chemistry	11	25	39	60	125	146	178	215	270	262	294
19820366	yuan zengqiang	185592680	chemistry	51	64	71	87	90	110	132	169	187	233	241
19820366	yunlin zhang	127313418	geology	25	40	57	113	129	239	266	422	548	627	150
19820366	yushen zhang	33923547	mathematics	0	0	0	0	0	0	0	0	0	0	0
19820366	zhang zhefeng	185592680	chemistry	0	2	4	2	2	14	26	22	39	46	48
19820366	zhang zhitao	33923547	mathematics	8	18	38	52	67	95	103	149	132	131	19
19820366	zhang zhongping	185592680	chemistry	14	27	68	100	145	154	242	396	558	643	781
19820366	zhao zongbao	185592680	chemistry	1	1	0	0	0	0	0	1	0	0	0
19820366	zhonghe zhou	127313418	geology	0	0	8	10	10	10	24	62	92	108	102
20231570	anyuan cao	185592680	chemistry	49	59	71	234	435	656	894	1245	1350	1488	290
20231570	baoguo jiang	71924100	medicine	0	0	0	0	0	5	12	11	21	30	49
20231570	bin chen	121332964	physics	245	404	589	571	606	571	680	696	669	927	155
20231570	bin liu	185592680	chemistry	9	7	8	23	9	14	29	23	24	27	18
20231570	cai shaoqing	185592680	chemistry	0	1	3	2	6	31	17	47	69	68	80
20231570	canfei he	162324750	economics	15	26	29	34	42	57	71	117	215	27	0
20231570	changhui zhou	144133560	business	4	13	8	15	28	34	38	40	38	56	27
20231570	chen dayue	33923547	mathematics	1	0	0	1	1	1	2	0	1	5	8
20231570	chen ke	185592680	chemistry	1	10	3	12	12	9	19	19	9	21	17
20231570	chen min	71924100	medicine	100	158	135	180	277	288	315	255	344	43	0
20231570	chen peng	127413603	engineering	5	0	5	1	0	2	1	3	2	9	4
20231570	chen yuyu	162324750	economics	16	50	55	93	105	133	141	128	162	22	0
20231570	chunjing wei	127313418	geology	0	2	3	13	20	21	50	72	51	110	96
20231570	chunsheng zhou	144133560	business	1	4	11	14	25	46	55	50	77	87	98
20231570	dai lun	185592680	chemistry	14	32	57	62	84	147	218	279	304	307	306
20231570	dai zhifei	185592680	chemistry	0	0	5	15	22	23	101	239	317	420	502
20231570	dechun zou	185592680	chemistry	0	0	0	0	0	0	0	0	0	8	14
20231570	fan wang	71924100	medicine	23	25	35	54	108	212	139	177	189	200	236
20231570	fang jing	121332964	physics	0	0	0	0	5	3	5	6	10	26	16
20231570	fuliu xu	185592680	chemistry	14	13	49	59	100	127	134	147	186	148	168
20231570	furong xu	121332964	physics	0	0	0	1	5	12	11	8	12	15	24
20231570	gan shaobo	33923547	mathematics	6	4	10	15	10	24	23	29	31	30	50
20231570	gu ying	121332964	physics	29	31	43	67	89	63	87	74	13	0	0
20231570	guo hong	121332964	physics	23	35	49	59	106	115	154	175	214	199	219
20231570	guo xuefeng	185592680	chemistry	47	60	94	144	180	235	328	355	427	467	699
20231570	guoping wang	41008148	computer science	1	8	7	36	31	45	33	25	33	56	69
20231570	hanqing zheng	121332964	physics	7	6	4	13	4	0	1	0	2	7	2
20231570	hansheng wang	162324750	economics	129	162	218	268	277	292	287	351	36	0	0
20231570	he jinsheng	86803240	biology	0	4	16	18	23	50	56	87	76	115	139
20231570	hongyan liu	86803240	biology	24	41	63	91	101	241	245	326	371	470	67
20231570	hu yongyun	127313418	geology	28	67	66	62	87	77	109	136	177	202	178
20231570	huang jianbin	185592680	chemistry	6	5	5	5	19	20	34	40	60	72	103
20231570	huang ruji	33923547	mathematics	0	0	0	0	0	0	0	0	0	0	0
20231570	huazhong tang	121332964	physics	11	27	39	43	39	33	40	41	58	66	81
20231570	jianjun tao	121332964	physics	1	0	2	0	4	5	9	10	10	13	9
20231570	jianzhong xi	185592680	chemistry	0	2	13	30	40	63	60	76	64	89	27
20231570	jie shi	71924100	medicine	9	31	41	46	81	130	200	229	233	259	327
20231570	jinren ni	185592680	chemistry	0	0	0	0	0	0	0	0	0	0	0
20231570	kaixin liu	121332964	physics	0	0	0	0	0	0	0	0	0	0	2
20231570	kong wei	71924100	medicine	0	0	3	18	28	53	100	126	139	173	192
20231570	li tiejun	71924100	medicine	0	2	2	12	17	19	35	41	45	76	83
20231570	li weigu	33923547	mathematics	1	0	9	13	12	17	10	13	20	28	32
20231570	li yi	71924100	medicine	0	0	0	0	0	8	7	3	1	14	23
20231570	li zichen	185592680	chemistry	94	108	117	179	266	318	423	473	458	405	462
20231570	limei xu	185592680	chemistry	0	3	5	20	29	74	69	124	30	0	0
20231570	limin qi	185592680	chemistry	7	18	18	29	34	52	146	227	313	340	394
20231570	lingdong sun	185592680	chemistry	455	706	1000	1080	1396	1377	1575	1499	1660	242	0
20231570	liping wei	86803240	biology	31	75	151	217	196	212	235	253	301	399	594
20231570	liu peidong	33923547	mathematics	0	0	2	0	0	1	1	0	4	2	6
20231570	liu yuxin	121332964	physics	3	1	2	2	13	2	11	18	27	48	29
20231570	meng zhiyong	127313418	geology	28	34	57	85	89	82	60	85	86	4	0
20231570	min shao	185592680	chemistry	23	42	114	240	294	447	534	633	737	726	1039
20231570	minghui zhao	71924100	medicine	0	4	4	22	32	70	81	159	227	245	296
20231570	pengfei tu	185592680	chemistry	0	3	0	5	22	44	51	93	141	206	177
20231570	renxin xu	121332964	physics	3	3	4	4	13	6	8	11	17	18	14
20231570	she zhensu	121332964	physics	48	54	53	37	35	34	60	29	52	36	67
20231570	shuguang song	127313418	geology	9	10	21	40	85	60	192	114	166	219	276
20231570	sodmergen	86803240	biology	0	2	6	7	13	10	4	10	12	19	30
20231570	wu yundong	185592680	chemistry	101	75	77	85	112	122	100	110	153	209	207
20231570	xing zhang	127413603	engineering	18	17	37	71	138	142	214	247	250	302	419
20231570	xueqing yan	121332964	physics	1	2	2	4	4	7	13	11	20	22	13
20231570	yang yong	71924100	medicine	65	75	69	111	131	154	154	163	222	22	0
20231570	yawen zhang	185592680	chemistry	46	78	154	233	396	501	776	894	1125	1045	1151
20231570	yufeng zheng	185592680	chemistry	0	0	1	2	3	5	10	4	2	0	3
204553293	chunming xu	185592680	chemistry	1	2	2	9	4	8	19	46	96	116	169
204553293	gensheng li	127313418	geology	0	0	0	0	0	0	0	0	2	2	1
204831749	huazhen lin	162324750	economics	1	4	3	1	3	3	8	6	22	9	17
204983213	dahai zhu	71924100	medicine	0	0	0	0	0	0	0	0	0	4	6
204983213	fan feng	127413603	engineering	1	2	3	6	16	20	49	50	114	155	42
204983213	feng jicai	185592680	chemistry	0	1	2	0	3	4	11	8	20	16	30
204983213	feng yujie	185592680	chemistry	16	29	49	75	151	296	337	500	629	745	968
204983213	han jiecai	185592680	chemistry	6	16	24	18	46	52	103	192	248	331	339
204983213	jun liang	121332964	physics	2	13	29	25	29	41	45	80	78	140	21
204983213	qiang ye	144133560	business	2	8	18	44	64	97	177	226	296	312	441
205237279	bai chengming	33923547	mathematics	0	3	1	3	7	2	7	3	9	0	0
205237279	baohui li	185592680	chemistry	2	1	18	45	81	94	101	204	176	189	205
205237279	bu wenjun	86803240	biology	0	0	0	0	0	0	4	10	11	38	54
205237279	deling kong	185592680	chemistry	5	5	30	69	105	105	95	137	188	251	327
205237279	fang yongchun	127413603	engineering	3	4	10	22	54	110	202	197	256	372	52
205237279	jianguo tian	121332964	physics	4	4	4	3	3	1	4	1	3	21	27
205237279	jianhua xie	185592680	chemistry	111	213	168	182	309	412	341	326	499	508	84
205237279	linqi shi	185592680	chemistry	0	2	1	3	19	31	52	149	184	179	227
205237279	pingchuan sun	185592680	chemistry	4	6	16	28	53	92	111	127	218	177	211
205237279	sun wenchang	33923547	mathematics	63	56	52	70	48	55	80	87	18	0	0
205237279	xiaoqing zhu	185592680	chemistry	0	0	0	2	14	7	16	8	20	18	16
21193070	feng teng	185592680	chemistry	44	93	101	75	79	169	223	215	267	342	362
21193070	li pei	121332964	physics	6	5	17	13	19	30	37	61	76	86	23
21193070	wang yongsheng	185592680	chemistry	2	6	7	35	41	56	68	80	217	322	374
21945476	hexing li	185592680	chemistry	80	56	73	100	247	293	395	437	664	818	1124
21945476	yang zhongnan	86803240	biology	0	9	34	53	48	54	102	86	110	139	167
24185976	changsheng zhao	185592680	chemistry	18	42	87	95	212	243	421	788	845	1034	1159
24185976	chen yingchun	185592680	chemistry	30	74	240	227	315	535	668	772	588	544	573
24185976	fuqiang wen	71924100	medicine	0	0	0	0	0	0	0	6	2	24	55
24185976	hong tan	185592680	chemistry	85	90	146	215	281	348	328	391	384	46	0
24185976	jingsong you	185592680	chemistry	49	56	56	130	211	222	370	412	613	784	931
24185976	liangang peng	33923547	mathematics	3	2	3	13	6	2	4	12	13	5	8
24185976	qiao zhou	71924100	medicine	0	0	0	0	0	0	0	1	1	2	11
24185976	qingyuan wang	121332964	physics	0	2	13	4	10	20	42	12	39	42	63
24185976	weinian zhang	33923547	mathematics	9	18	16	29	41	62	86	83	88	161	148
24943067	baorong lu	86803240	biology	2	0	7	0	5	13	17	28	60	119	133
24943067	changchun wang	185592680	chemistry	6	10	13	10	25	43	89	181	276	340	434
24943067	chen daofeng	185592680	chemistry	3	18	20	36	64	53	83	100	123	143	171
24943067	chen daoyong	185592680	chemistry	10	25	78	74	124	170	239	227	306	297	272
24943067	chen jiang	185592680	chemistry	52	87	182	189	289	313	383	409	510	48	0
24943067	chen zhanghai	121332964	physics	3	10	22	31	54	56	86	98	114	131	145
24943067	chunhui deng	185592680	chemistry	462	582	884	898	1095	1191	1033	1081	1037	204	0
24943067	dalin sun	185592680	chemistry	12	40	18	12	28	47	63	124	177	203	262
24943067	dean ta	121332964	physics	10	19	22	44	118	70	99	97	7	0	0
24943067	feng qiu	185592680	chemistry	12	22	16	20	20	27	51	82	89	108	234
24943067	huang lihua	144133560	business	0	2	9	21	20	40	67	60	104	118	113
24943067	huang zhili	71924100	medicine	2	12	12	21	22	18	42	52	60	64	118
24943067	jiang zuimin	185592680	chemistry	16	26	31	41	33	41	37	43	49	40	49
24943067	jilie kong	185592680	chemistry	17	39	39	51	80	98	177	251	252	272	397
24943067	jin qingyuan	121332964	physics	0	0	0	0	0	0	0	0	0	0	0
24943067	li xiang	185592680	chemistry	85	93	103	145	234	250	399	329	330	55	0
24943067	liejia qian	121332964	physics	19	13	23	13	38	44	60	90	80	79	78
24943067	liu tianxi	185592680	chemistry	161	198	207	278	222	365	516	636	967	1207	1386
24943067	peiyi wu	185592680	chemistry	1	7	8	4	12	10	8	47	27	40	84
24943067	shiming zhou	121332964	physics	0	0	0	0	0	0	0	0	0	0	5
24943067	tang yi	185592680	chemistry	6	4	9	8	22	35	95	109	175	181	248
24943067	tao yi	185592680	chemistry	13	97	200	350	472	726	815	879	1015	933	899
24943067	wendong xu	71924100	medicine	1	1	3	15	12	18	24	38	61	10	0
24943067	wu yizheng	185592680	chemistry	0	0	0	0	0	0	0	2	7	8	6
24943067	wu yuping	185592680	chemistry	65	103	207	242	537	888	1048	999	1327	196	0
24943067	wu zhiying	71924100	medicine	1	1	1	7	35	68	116	169	198	165	151
24943067	xia yongyao	185592680	chemistry	66	79	125	154	225	337	447	652	917	1303	1649
24943067	yanlei yu	185592680	chemistry	56	83	157	171	285	366	365	479	387	358	551
24943067	yuan zhenghong	71924100	medicine	0	0	0	1	24	68	96	148	169	168	172
25254941	baoyuan liu	127313418	geology	0	0	0	0	0	0	0	0	0	0	1
25254941	cheng ying	185592680	chemistry	2	2	2	1	3	13	11	12	29	46	29
25254941	feng shiping	121332964	physics	3	5	7	2	3	0	8	8	10	27	44
25254941	fengshou zhang	121332964	physics	9	11	7	35	21	32	25	30	47	53	56
25254941	li xiaoyan	127313418	geology	1	3	3	15	19	34	44	44	95	91	160
25254941	liu yajun	185592680	chemistry	38	46	28	88	117	141	81	101	122	243	9
25254941	xia xinghui	185592680	chemistry	24	48	47	91	144	239	281	348	465	453	98
25254941	xiangdong zhang	121332964	physics	13	8	30	62	56	69	85	91	148	145	97
25757504	fubao zhou	185592680	chemistry	3	3	7	2	5	7	24	74	143	166	48
25757504	jiachen wang	127313418	geology	0	0	1	1	1	3	3	4	9	6	8
25757504	jianyong qiao	33923547	mathematics	0	1	1	0	4	2	4	1	2	4	7
25757504	yuemin zhao	185592680	chemistry	0	0	0	0	0	0	0	0	3	2	2
27357992	jianfeng zhang	121332964	physics	0	0	3	0	10	6	5	14	14	17	9
27357992	kang zhan	33923547	mathematics	19	55	84	134	196	290	339	357	529	123	0
27357992	keqiu li	41008148	computer science	3	4	14	35	49	95	139	202	223	226	281
27357992	qing yang	185592680	chemistry	41	38	87	74	126	121	125	110	153	34	0
27357992	qinghua zhu	162324750	economics	4	16	36	96	115	223	327	594	731	1003	1172
27357992	xu yongping	185592680	chemistry	0	0	0	0	0	0	0	0	0	0	0
28813325	renbiao wu	41008148	computer science	1	3	3	4	13	13	15	15	25	37	66
31595395	chengshan wang	127313418	geology	0	0	0	0	0	0	0	0	0	0	1
31595395	huang runqiu	127313418	geology	0	0	0	0	0	0	0	0	0	0	0
31595395	tuo xianguo	121332964	physics	1	6	1	3	4	1	9	9	15	18	14
36399199	che wenquan	121332964	physics	13	47	26	40	76	123	187	257	291	398	434
36399199	jian yang	41008148	computer science	251	312	348	400	471	517	592	749	923	877	1155
36399199	yonghao zhao	185592680	chemistry	2	2	3	5	7	11	14	27	26	38	94
37461747	bian zhuan	71924100	medicine	0	1	4	17	21	54	112	119	187	167	224
37461747	chen hua	33923547	mathematics	0	0	5	3	2	2	3	0	7	5	12
37461747	chuluo yang	185592680	chemistry	21	31	81	154	201	346	579	716	840	1057	975
37461747	daiwen pang	185592680	chemistry	3	5	12	8	23	17	24	30	60	82	185
37461747	deyin guo	71924100	medicine	9	19	20	24	36	57	86	85	108	114	176
37461747	dianqing li	127313418	geology	1	1	0	6	10	19	62	94	212	289	548
37461747	dihua wang	185592680	chemistry	63	67	100	80	116	208	159	210	300	401	48
37461747	feng yuqi	185592680	chemistry	26	22	18	104	130	192	277	258	380	419	654
37461747	guoping wang	121332964	physics	1	0	4	10	8	11	8	9	12	38	35
37461747	huang shuangquan	86803240	biology	5	4	12	15	22	31	25	36	31	34	63
37461747	huijiang zhao	121332964	physics	0	5	24	21	23	49	48	55	92	73	67
37461747	li zhen	185592680	chemistry	172	211	275	541	832	1337	930	1325	1390	1559	305
37461747	liu yi	185592680	chemistry	208	323	337	398	551	695	743	834	867	865	1059
37461747	lu xin	86803240	biology	0	0	0	0	4	0	2	17	19	13	29
37461747	mengxiang sun	86803240	biology	0	0	0	2	2	5	2	5	18	19	31
37461747	shaodong zhang	127313418	geology	0	6	4	16	11	23	27	37	23	29	86
37461747	xiaolian zhang	71924100	medicine	21	44	55	67	107	110	155	172	178	188	229
37574244	li shigui	86803240	biology	0	4	25	24	43	23	21	47	58	68	89
37796252	baocai yin	41008148	computer science	2	5	10	20	19	32	50	49	52	51	92
37796252	song xiaoyan	185592680	chemistry	68	102	105	137	173	185	183	171	239	46	0
3923682	cai yangjian	121332964	physics	103	195	171	239	361	407	410	500	49	0	0
3923682	cao yongluo	33923547	mathematics	8	7	8	15	12	15	13	31	14	17	29
3923682	chen hong	185592680	chemistry	0	0	0	0	0	3	40	91	142	194	162
3923682	feng yan	185592680	chemistry	30	68	195	359	448	641	713	742	848	141	0
3923682	zhiyuan zhong	185592680	chemistry	50	95	144	266	556	856	1038	1383	1596	1614	1799
39333907	fucheng zhang	185592680	chemistry	1	2	4	2	3	2	6	7	6	6	8
39333907	li xiaoli	41008148	computer science	4	7	25	38	46	58	99	140	177	171	154
39333907	liu zhongyuan	185592680	chemistry	0	0	8	24	42	59	95	170	190	228	331
40963666	changjiang zhu	121332964	physics	0	7	5	13	15	48	29	69	62	56	94
40963666	guangfu yang	185592680	chemistry	1	4	21	71	98	153	161	232	241	309	347
40963666	peng shuangjie	33923547	mathematics	3	6	9	19	14	26	38	43	56	82	93
40963666	yadong yang	121332964	physics	3	4	9	36	25	23	15	16	32	32	40
4610292	huang yunqing	121332964	physics	0	1	0	3	6	19	32	25	28	48	36
4610292	yichun zhou	185592680	chemistry	0	0	0	0	4	3	14	17	20	29	30
47720641	ding ma	71924100	medicine	0	0	0	0	2	4	6	10	10	4	16
47720641	he li	71924100	medicine	0	0	0	0	0	0	0	0	0	3	1
47720641	huaichun zhou	121332964	physics	11	8	40	41	56	62	105	101	108	118	84
47720641	huang shiang	71924100	medicine	0	0	0	0	0	0	0	0	1	6	11
47720641	huanzhong shi	71924100	medicine	0	0	0	0	0	0	4	18	46	73	72
47720641	jianfeng zhou	71924100	medicine	13	23	52	88	164	188	232	244	252	318	362
47720641	jiang tao	127413603	engineering	47	74	150	206	307	378	464	486	671	707	84
47720641	jun wu	71924100	medicine	11	21	42	71	81	129	152	180	210	227	260
47720641	liangcheng tu	121332964	physics	15	11	21	24	21	35	43	38	57	41	3
47720641	liu zheng	71924100	medicine	6	20	42	59	59	87	150	162	178	234	23
47720641	luo xiaoping	71924100	medicine	0	0	0	0	0	0	0	0	0	3	9
47720641	qingguo xie	121332964	physics	7	14	18	32	66	78	92	64	70	20	0
47720641	xiao yi	185592680	chemistry	3	2	5	4	7	8	15	19	26	24	39
47720641	xiaolin xie	185592680	chemistry	4	4	19	47	35	68	82	110	164	180	247
47720641	xinliang zhang	121332964	physics	31	49	148	202	218	298	341	370	351	369	373
4800084	ping wang	127413603	engineering	0	3	1	9	6	5	7	32	42	4	0
50760025	lu renquan	127413603	engineering	28	52	59	62	75	178	299	396	420	63	0
51622183	hongjie luo	185592680	chemistry	0	0	0	0	0	0	0	0	0	0	3
52158045	cai wanzhi	86803240	biology	0	1	2	0	0	2	3	7	14	43	47
52158045	cui sheng	71924100	medicine	0	0	1	0	3	4	4	6	2	6	4
52158045	dawei li	185592680	chemistry	1	2	2	5	13	21	38	49	51	42	71
52158045	ding yang	86803240	biology	0	0	0	0	1	0	0	2	5	15	32
52158045	dongtao ren	185592680	chemistry	0	0	0	0	0	13	24	26	37	22	31
52158045	hanchun yang	71924100	medicine	0	1	3	16	26	46	57	100	154	205	207
52158045	jianbo shen	86803240	biology	5	19	12	32	35	34	56	75	143	230	295
52158045	jinsheng lai	86803240	biology	40	41	56	90	179	296	377	449	436	497	548
52158045	liu qingchang	86803240	biology	0	0	0	0	0	0	0	0	0	0	1
52158045	liu xuejun	86803240	biology	76	141	218	255	327	467	587	652	807	216	0
52158045	liu zhiyong	86803240	biology	0	0	3	8	7	31	52	55	64	74	78
52158045	meijia zhang	71924100	medicine	7	6	7	12	14	19	21	6	17	3	0
52158045	ni zhongfu	86803240	biology	24	52	55	83	81	135	133	128	179	278	302
52158045	ning yang	86803240	biology	0	0	0	0	0	0	0	0	3	9	15
52158045	qiao shiyan	185592680	chemistry	1	3	3	4	6	16	43	41	45	118	100
52158045	yaofeng zhao	86803240	biology	1	1	1	0	0	0	0	0	4	7	10
55712492	chen shengyong	41008148	computer science	18	31	76	68	311	253	230	284	287	350	43
5740404	chunshui yu	71924100	medicine	9	31	79	119	252	375	537	690	803	114	0
5740404	jie yang	185592680	chemistry	19	20	16	22	40	50	71	83	53	111	98
5740404	ning zhang	185592680	chemistry	10	16	19	37	82	98	106	147	170	223	255
58200834	che xiaoyan	71924100	medicine	2	8	53	96	74	58	70	71	107	112	110
58200834	jing nie	71924100	medicine	9	4	12	7	9	43	72	102	128	142	171
58200834	xiangmin xu	86803240	biology	1	0	2	0	0	11	5	28	31	29	44
58200834	xinhong zhu	71924100	medicine	6	3	8	19	53	64	99	92	98	120	18
59028903	dehai luo	127313418	geology	0	0	0	0	0	0	0	1	1	3	6
59028903	geng meiyu	185592680	chemistry	0	0	1	17	21	31	33	41	40	40	49
59028903	li sanzhong	127313418	geology	146	191	272	345	737	984	1116	886	989	1590	205
59028903	liu sumei	127313418	geology	8	18	20	57	73	112	176	182	168	273	250
59028903	wang zhenyu	185592680	chemistry	0	1	18	38	97	163	267	355	449	653	126
61057504	taiyun wei	71924100	medicine	19	27	50	71	81	120	148	149	169	157	39
65081225	hailong li	127313418	geology	4	7	11	39	27	31	69	76	105	87	104
65081225	jianwei li	127313418	geology	18	21	53	56	130	201	248	321	313	618	71
65081225	jinnan tong	127313418	geology	0	1	4	5	10	3	11	22	22	102	85
65081225	junfeng zhang	127313418	geology	11	11	19	28	58	71	95	93	124	17	0
65081225	liu yongsheng	127313418	geology	75	114	132	240	342	413	737	921	1161	1177	1200
65081225	shi xiaoying	127313418	geology	0	0	0	0	0	0	0	0	0	0	0
65081225	wang yanxin	185592680	chemistry	0	1	3	4	8	8	18	37	47	71	137
65081225	zhang zhaochong	127313418	geology	1	3	5	6	33	56	80	101	176	217	328
66867065	chungang duan	121332964	physics	7	13	35	52	74	98	160	162	204	268	374
66867065	hebing rui	33923547	mathematics	1	9	11	26	25	12	29	25	44	17	32
66867065	jian wu	121332964	physics	54	71	61	132	106	200	270	233	276	27	0
66867065	junliang zhang	185592680	chemistry	102	156	253	372	375	452	516	800	925	117	0
66867065	ruiliang zhu	86803240	biology	0	2	1	0	2	4	11	16	25	49	75
66867065	tang zheng	185592680	chemistry	0	4	2	13	21	22	15	26	59	10	0
75390827	biaohua chen	185592680	chemistry	0	1	4	9	23	27	29	37	51	85	91
75390827	feng wang	185592680	chemistry	1	0	1	5	20	28	51	82	150	198	250
75390827	min wei	185592680	chemistry	50	67	116	222	364	498	866	1029	1336	1632	1931
75390827	sun xiaoming	185592680	chemistry	6	6	2	7	11	104	220	420	628	760	1071
75390827	xiaoping zheng	127413603	engineering	0	1	6	16	52	60	73	114	102	105	89
75390827	yu zhongzhen	185592680	chemistry	2	9	14	27	77	269	463	664	861	1007	1252
76130692	baoliang chen	185592680	chemistry	94	121	166	191	271	338	523	665	880	218	0
76130692	bo feng	121332964	physics	37	69	146	102	122	211	184	165	189	161	242
76130692	chao gao	185592680	chemistry	0	21	97	256	423	651	941	1260	1563	2010	341
76130692	chen hongzheng	185592680	chemistry	0	6	6	16	10	15	28	30	79	102	127
76130692	chen renpeng	127313418	geology	2	3	23	18	25	36	61	78	90	113	97
76130692	fang qun	185592680	chemistry	17	32	39	45	45	76	63	98	94	160	152
76130692	feihe huang	185592680	chemistry	45	41	86	123	198	394	928	1809	2834	2570	2704
76130692	fucheng lin	86803240	biology	0	3	4	9	75	170	223	268	366	293	211
76130692	gongyin ye	86803240	biology	13	33	38	55	73	70	108	106	112	112	97
76130692	he xiaofei	41008148	computer science	17	43	104	167	280	358	486	602	765	845	927
76130692	honghe zhang	71924100	medicine	4	15	15	18	18	21	42	76	130	16	0
76130692	huang jun	185592680	chemistry	17	13	24	61	95	127	128	113	99	112	20
76130692	jianxin liu	185592680	chemistry	0	1	0	2	2	5	3	3	27	40	64
76130692	jin yongfeng	185592680	chemistry	6	10	19	34	62	72	90	75	81	88	88
76130692	junhu zhou	185592680	chemistry	1	0	0	5	7	5	8	12	34	60	113
76130692	lin qiang	121332964	physics	43	29	100	109	161	188	170	146	95	100	127
76130692	liu weiping	185592680	chemistry	5	1	12	3	15	13	17	26	30	50	45
76130692	lixin zhang	33923547	mathematics	19	35	53	57	76	71	91	81	75	85	63
76130692	luo yaozhi	121332964	physics	1	0	3	6	17	26	31	42	56	46	52
76130692	luo yingwu	185592680	chemistry	71	70	84	82	104	130	182	185	212	275	271
76130692	min qiu	121332964	physics	69	68	80	117	182	207	259	272	320	36	0
76130692	pan yuanjiang	185592680	chemistry	35	62	99	145	229	249	357	481	502	511	514
76130692	ping wang	185592680	chemistry	17	11	19	37	26	71	64	128	184	250	277
76130692	qu shaoxing	121332964	physics	15	29	42	52	97	140	158	166	32	0	0
76130692	shen zhicheng	185592680	chemistry	0	0	0	0	0	0	0	1	6	12	15
76130692	su zeng	185592680	chemistry	0	0	0	0	7	9	2	17	22	31	67
76130692	tianhua zhou	71924100	medicine	13	7	17	30	50	74	98	104	109	139	174
76130692	wang xiaoguang	121332964	physics	15	31	45	52	57	53	92	122	139	139	198
76130692	wang yizhen	185592680	chemistry	3	3	13	15	19	21	27	53	87	107	128
76130692	weijun yang	185592680	chemistry	0	0	0	0	0	0	0	0	5	5	23
76130692	wu zhaohui	41008148	computer science	0	0	1	17	64	145	192	215	293	299	308
76130692	xu yiming	185592680	chemistry	11	11	23	25	27	39	56	62	99	89	121
76130692	xu zhikang	185592680	chemistry	10	8	14	34	110	231	199	317	433	485	610
76130692	xudong ye	127413603	engineering	6	7	18	31	40	29	63	47	49	62	55
76214153	an lizhe	185592680	chemistry	0	9	4	12	21	53	83	108	174	194	225
76214153	baotian pan	127313418	geology	22	34	28	41	27	25	68	58	70	98	115
76214153	desheng xue	121332964	physics	19	40	52	83	75	108	156	202	279	320	402
76214153	she xuegong	185592680	chemistry	18	32	43	56	94	100	117	183	213	192	199
76214153	yan zhao	127313418	geology	1	14	14	58	103	102	182	203	272	201	239
76569877	aiguo song	127413603	engineering	29	46	76	91	175	168	215	243	205	255	33
76569877	baowen xu	41008148	computer science	0	1	7	12	23	52	65	75	83	126	118
76569877	changyin sun	41008148	computer science	29	33	54	64	41	76	90	118	223	292	473
76569877	chunxiang xu	185592680	chemistry	4	14	12	16	27	38	43	46	60	68	90
76569877	jihong ye	121332964	physics	0	0	0	2	2	8	7	15	16	17	24
76569877	litao sun	185592680	chemistry	29	84	161	263	486	883	1053	1147	195	0	0
76569877	zhang zhijun	71924100	medicine	4	22	25	26	53	38	82	121	230	351	382
80947539	wang xinchen	185592680	chemistry	138	185	305	449	672	1191	2161	3039	4320	963	0
82880672	duan haibin	41008148	computer science	28	44	60	100	205	361	400	428	507	45	0
82880672	huai jinpeng	41008148	computer science	0	0	0	0	1	9	41	65	52	101	115
82880672	lijun yang	121332964	physics	1	8	11	19	37	52	44	81	11	0	0
82880672	qingyun wang	127413603	engineering	10	11	21	45	84	123	159	181	211	279	30
83519826	aihua zhang	71924100	medicine	6	14	11	28	42	44	86	130	171	171	26
83519826	gang hu	71924100	medicine	0	2	3	15	49	83	77	143	193	250	258
83519826	jiahao sha	71924100	medicine	0	0	0	3	6	13	29	42	60	67	99
87445476	bai bofeng	121332964	physics	12	13	25	36	88	99	127	151	267	48	0
87445476	changjiu li	185592680	chemistry	17	17	36	30	138	151	189	157	300	302	309
87445476	changqing chen	121332964	physics	6	1	2	3	8	4	5	5	3	5	7
87445476	chen xuefeng	127413603	engineering	18	17	53	68	90	93	143	310	366	611	856
87445476	gangfeng wang	121332964	physics	60	120	187	183	212	202	228	235	50	0	0
87445476	guang xi	121332964	physics	0	0	3	4	1	1	3	5	4	25	22
87445476	guanjun zhang	121332964	physics	10	14	31	12	43	49	66	95	155	172	191
87445476	jia shenli	121332964	physics	35	27	33	40	85	66	137	127	189	206	14
87445476	jizhong zhao	41008148	computer science	4	12	68	81	94	128	151	190	200	253	22
87445476	li shengtao	185592680	chemistry	2	0	3	5	3	12	15	19	33	44	87
87445476	pengsheng zheng	71924100	medicine	0	0	0	0	0	0	0	0	1	10	28
87445476	yuan zuyi	71924100	medicine	30	23	38	20	33	50	41	56	113	156	173
881766915	bin shi	127313418	geology	0	1	0	0	0	1	7	18	12	12	25
881766915	chen guihai	41008148	computer science	2	11	10	48	65	151	243	264	310	383	436
881766915	chen yang	121332964	physics	9	13	32	40	30	48	92	107	131	169	181
881766915	cheng jianchun	121332964	physics	0	0	1	1	0	0	0	1	2	2	2
881766915	daiqian xie	185592680	chemistry	0	7	16	28	70	81	159	140	131	229	314
881766915	gaofei zhang	33923547	mathematics	0	0	0	3	3	4	5	2	5	1	0
881766915	gu shulin	185592680	chemistry	34	47	43	38	48	48	66	74	90	78	80
881766915	haijun wu	33923547	mathematics	14	21	44	60	49	56	61	72	6	0	0
881766915	hong yan	185592680	chemistry	2	3	11	13	18	28	59	163	132	171	223
881766915	hu wenbing	185592680	chemistry	8	2	19	24	24	27	62	48	52	60	112
881766915	hu yuefei	185592680	chemistry	6	9	9	8	17	8	29	6	26	20	24
881766915	huang yongfeng	121332964	physics	7	6	2	2	1	1	0	0	2	2	6
881766915	hui liu	121332964	physics	74	131	158	195	205	182	151	160	238	27	0
881766915	huicheng yin	121332964	physics	2	2	4	5	16	24	29	25	45	44	54
881766915	ji junfeng	127313418	geology	15	9	18	36	42	60	89	76	153	180	252
881766915	jiang xiqun	185592680	chemistry	0	9	20	25	66	81	130	126	236	245	379
881766915	jilin zhou	121332964	physics	7	9	13	35	33	36	44	48	51	70	65
881766915	jin zhu	185592680	chemistry	5	31	48	61	67	125	147	187	256	43	0
881766915	jing ma	185592680	chemistry	41	28	62	67	104	104	143	178	315	417	523
881766915	junjie zhu	185592680	chemistry	2	3	7	17	49	82	148	184	256	345	527
881766915	kong lingdong	71924100	medicine	41	46	56	99	109	131	178	194	229	295	328
881766915	li xuandong	41008148	computer science	1	1	4	4	2	5	7	22	34	48	46
881766915	limin zheng	185592680	chemistry	9	6	5	13	29	48	60	83	128	161	161
881766915	liu zhen	71924100	medicine	43	56	121	227	330	355	499	577	730	105	0
881766915	lu xian	127313418	geology	0	0	0	0	0	0	0	0	2	0	0
881766915	lu xiaomei	121332964	physics	18	30	44	66	70	91	97	141	198	183	209
881766915	peng ruwen	121332964	physics	7	10	9	17	26	26	52	39	67	71	74
881766915	qingyu wu	185592680	chemistry	0	0	0	0	0	0	1	0	0	1	1
881766915	sheng zhong	41008148	computer science	12	17	6	13	15	24	49	87	97	8	0
881766915	sun weiyin	185592680	chemistry	3	10	24	43	56	111	145	156	201	273	344
881766915	sun zhiwei	33923547	mathematics	4	2	11	27	23	59	39	57	75	82	114
881766915	tiaojun xiao	144133560	business	57	69	76	109	114	137	183	178	246	53	0
881766915	wan xiangang	121332964	physics	17	43	74	88	143	274	475	651	91	0	0
881766915	weiyi zhang	121332964	physics	0	0	0	3	3	8	5	5	10	19	22
881766915	xiuqun yang	127313418	geology	0	5	4	0	3	1	10	3	3	17	8
881766915	xu ying	71924100	medicine	0	0	0	0	0	0	0	6	21	53	60
90610280	chen junwu	185592680	chemistry	45	55	73	137	281	370	418	404	450	387	409
90610280	cong wang	127413603	engineering	81	80	107	94	119	134	148	272	229	310	395
90610280	fei huang	185592680	chemistry	90	105	134	172	158	346	571	965	1196	1791	2263
90610280	gang wei	41008148	computer science	2	2	4	6	5	23	36	55	47	43	78
90610280	haihui wang	185592680	chemistry	14	22	64	107	232	351	529	684	856	1027	1400
90610280	huanfeng jiang	185592680	chemistry	4	3	7	7	10	18	50	93	130	192	401
90610280	li yuanyuan	185592680	chemistry	1	0	0	2	4	4	0	4	5	5	4
90610280	lizhi zhang	121332964	physics	38	80	100	145	290	307	258	285	367	108	0
90610280	qian yu	185592680	chemistry	0	2	3	2	5	5	8	6	16	21	32
90610280	qiu xueqing	185592680	chemistry	0	0	0	2	9	19	35	58	66	121	195
90610280	shengli xie	41008148	computer science	1	3	0	3	1	4	5	3	31	35	67
90610280	shuizhu wu	185592680	chemistry	36	28	47	51	76	86	135	186	315	365	511
90610280	sun zhendong	127413603	engineering	12	25	71	70	91	124	133	123	160	145	140
90610280	xianmin zhang	127413603	engineering	0	2	1	1	2	13	29	45	55	56	69
9086337	bingshe xu	185592680	chemistry	0	1	6	1	4	1	9	3	4	4	5
9086337	dong jinxiang	185592680	chemistry	5	11	4	24	19	14	39	54	65	104	99
9086337	liang weiguo	127313418	geology	1	0	0	2	2	10	11	21	24	42	77
9224756	huang min	41008148	computer science	3	5	0	1	1	0	0	1	0	1	0
9224756	jianhua wang	185592680	chemistry	0	0	0	0	0	0	0	1	5	5	6
9224756	sun xudong	185592680	chemistry	0	0	0	0	0	0	0	0	0	0	0
9224756	wang xingwei	41008148	computer science	0	3	4	0	2	1	0	4	1	1	9
92403157	dang zhimin	185592680	chemistry	4	1	18	80	232	427	618	725	975	164	0
92403157	yue zhang	185592680	chemistry	0	1	2	0	2	5	13	39	61	83	106
96852419	aibing zhang	86803240	biology	2	4	24	48	51	52	73	116	111	8	0
96852419	hailiang li	121332964	physics	16	36	51	42	83	107	72	75	84	115	114
9842412	wang zaihua	127413603	engineering	2	1	5	2	5	3	6	4	16	20	14
99065089	baoding liu	33923547	mathematics	9	13	42	104	71	113	187	310	469	502	609
99065089	baoyin hexi	121332964	physics	28	45	89	98	162	195	197	318	48	0	0
99065089	chen yubo	144133560	business	4	9	4	29	49	93	103	126	121	143	28
99065089	chen zhiqiang	121332964	physics	84	81	115	146	172	151	152	120	22	0	0
99065089	chongqing kang	127413603	engineering	9	13	14	33	61	74	110	196	278	441	121
99065089	chu fulei	121332964	physics	2	4	11	7	11	20	40	49	76	78	149
99065089	chuanxiang tang	121332964	physics	7	2	3	10	12	24	31	54	32	61	73
99065089	chunxiao xu	121332964	physics	7	5	10	8	13	11	15	38	23	23	31
99065089	dinghui yang	121332964	physics	6	6	11	8	26	21	28	29	44	36	41
99065089	dong xiang	127413603	engineering	0	0	5	4	15	10	19	18	38	40	56
99065089	duan yuanyuan	185592680	chemistry	2	1	11	4	10	14	17	12	9	14	33
99065089	feng pan	185592680	chemistry	0	0	0	0	0	2	4	3	10	11	9
99065089	fengyuan ren	41008148	computer science	57	71	87	101	114	158	188	224	190	218	187
99065089	fuchun sun	41008148	computer science	15	21	35	36	33	60	79	78	133	165	180
99065089	gao yuanning	121332964	physics	0	0	0	0	0	0	0	0	0	1	2
99065089	gao zhe	121332964	physics	5	20	25	17	22	48	36	42	45	23	2
99065089	guilu long	121332964	physics	6	6	6	13	18	17	22	35	65	96	220
99065089	he hongjian	121332964	physics	1	3	4	9	12	13	17	47	30	38	38
99065089	hongying hu	185592680	chemistry	14	24	13	27	45	65	83	104	170	182	291
99065089	huaping xu	185592680	chemistry	39	121	252	303	378	446	478	503	641	54	0
99065089	hui zhai	121332964	physics	6	8	8	20	40	72	85	151	120	101	20
99065089	huimin xie	121332964	physics	0	2	4	15	16	19	30	24	77	157	156
99065089	ji xiangyang	41008148	computer science	9	22	29	41	47	66	64	63	77	71	14
99065089	jiang shengyao	121332964	physics	1	2	3	2	0	4	2	5	4	5	5
99065089	jiangtao wen	41008148	computer science	73	65	65	58	58	83	80	83	87	83	114
99065089	jianmin wang	41008148	computer science	50	55	85	102	206	250	285	340	479	635	89
99065089	jie zhou	41008148	computer science	68	92	121	161	213	251	258	367	307	417	528
99065089	jinhui wang	127413603	engineering	0	0	0	0	0	0	0	0	0	1	0
99065089	junhai yong	33923547	mathematics	2	5	3	11	8	23	33	27	52	85	85
99065089	lei liu	185592680	chemistry	17	38	45	123	292	489	725	986	968	991	1159
99065089	li shao	71924100	medicine	18	28	59	110	116	204	384	251	273	247	246
99065089	li xianting	121332964	physics	49	69	68	99	110	140	119	123	205	258	226
99065089	li yanmei	185592680	chemistry	20	10	22	27	50	62	67	91	143	177	170
99065089	liang xidong	185592680	chemistry	0	0	0	1	4	5	2	2	8	16	12
99065089	liu min	41008148	computer science	9	16	18	43	62	43	48	68	123	155	208
99065089	liu yinghua	121332964	physics	10	16	27	29	43	70	49	81	75	114	21
99065089	liu yule	185592680	chemistry	33	36	35	39	42	51	51	55	47	108	132
99065089	liu yuxi	121332964	physics	4	8	32	50	66	109	102	158	285	291	423
99065089	lu wei	121332964	physics	31	32	41	36	49	71	70	109	72	12	0
99065089	meirong zhang	33923547	mathematics	6	4	8	4	14	32	25	38	46	47	87
99065089	meng yonggang	121332964	physics	0	14	9	20	17	43	29	40	31	52	64
99065089	ning yan	86803240	biology	0	0	0	0	0	0	0	0	0	0	0
99065089	niu zhisheng	41008148	computer science	20	35	58	66	125	163	155	209	373	450	529
99065089	peilun rao	41008148	computer science	0	0	1	0	0	1	0	0	0	0	0
99065089	peng qing	185592680	chemistry	439	588	805	1237	1588	1785	1838	1886	1570	1567	240
99065089	qianchuan zhao	41008148	computer science	101	148	162	171	176	160	119	120	138	27	0
99065089	sichun zhang	185592680	chemistry	12	45	108	156	214	335	308	388	476	480	493
99065089	tong zhou	33923547	mathematics	4	6	9	6	12	9	14	9	16	20	19
99065089	wang xiaofeng	185592680	chemistry	30	39	61	54	95	106	136	162	135	167	30
99065089	wei yongge	185592680	chemistry	27	63	82	114	156	262	238	238	239	284	354
99065089	wenming zou	33923547	mathematics	29	30	13	39	62	128	73	97	156	247	264
99065089	xiaobo zhao	144133560	business	0	0	3	5	6	3	16	11	29	22	30
99065089	xiaoping zheng	121332964	physics	16	20	29	35	33	47	90	126	174	169	211
99065089	xuegong zhang	86803240	biology	6	6	12	23	48	82	161	176	217	232	316
99065089	yinping zhang	185592680	chemistry	10	8	13	34	52	79	121	190	259	339	400
99065089	yongfa zhu	185592680	chemistry	49	73	153	284	337	415	523	817	1107	1357	2052
99065089	yonggang zhao	121332964	physics	0	0	0	0	0	0	0	0	1	0	1
99065089	zhao zhengming	127413603	engineering	0	1	0	6	0	4	1	6	2	25	9
9916479	cao feng	71924100	medicine	124	180	189	299	308	352	422	411	367	438	55
9916479	han hua	71924100	medicine	11	7	11	6	6	7	19	28	51	85	119
9916479	huang xi	71924100	medicine	0	0	1	0	0	0	0	0	1	0	1
9916479	ling tao	71924100	medicine	61	79	87	132	184	157	215	205	204	195	265
